_____________________________________________________
0,2,0.0000,
1,6,1,1,0,0,0,0,0,1,0,0,0,0
1,6,0,0,0,0,0,0,0,0,0,0,0,0
_____________________________________________________
_____________________________________________________
1,0,0.0000,
1,6,0,0,0,0,0,0,0,0,0,0,0,0
1,5,1,1,0,0,0,0,0,1,1,0,0,0
_____________________________________________________
_____________________________________________________
2,9,0.0000,
1,5,1,1,0,0,0,0,0,1,1,0,0,0
0,7,1,1,0,0,0,0,0,1,0,0,0,0
_____________________________________________________
_____________________________________________________
3,0,0.0000,
0,7,1,1,0,0,0,0,0,1,0,0,0,0
1,6,1,1,0,0,0,0,0,1,0,0,0,0
_____________________________________________________
_____________________________________________________
4,2,0.0000,
1,6,1,1,0,0,0,0,0,1,0,0,0,0
0,7,0,1,0,1,0,1,1,1,1,0,0,0
_____________________________________________________
_____________________________________________________
5,0,0.0000,
0,7,0,1,0,1,0,1,1,1,1,0,0,0
0,7,1,1,0,1,0,1,1,1,1,0,0,0
_____________________________________________________
_____________________________________________________
6,0,0.0000,
0,7,1,1,0,1,0,1,1,1,1,0,0,0
1,6,0,0,0,1,0,0,1,0,0,0,0,0
_____________________________________________________
_____________________________________________________
7,7,0.0000,
1,6,0,0,0,1,0,0,1,0,0,0,0,0
0,7,0,0,0,0,0,0,0,0,0,0,0,0
_____________________________________________________
_____________________________________________________
8,0,0.0000,
0,7,0,0,0,0,0,0,0,0,0,0,0,0
0,7,0,0,0,0,0,0,0,0,0,0,0,0
_____________________________________________________
_____________________________________________________
9,0,0.0000,
0,7,0,0,0,0,0,0,0,0,0,0,0,0
0,7,0,0,0,0,0,0,0,0,0,0,0,0
_____________________________________________________
_____________________________________________________
10,0,0.0000,
0,7,0,0,0,0,0,0,0,0,0,0,0,0
0,7,0,0,0,0,0,0,0,0,0,0,0,0
_____________________________________________________
_____________________________________________________
11,0,0.0000,
0,7,0,0,0,0,0,0,0,0,0,0,0,0
0,7,0,0,0,0,0,0,0,0,0,0,0,0
_____________________________________________________
_____________________________________________________
12,0,0.0000,
0,7,0,0,0,0,0,0,0,0,0,0,0,0
0,7,0,0,0,0,0,0,0,0,0,0,0,0
_____________________________________________________
_____________________________________________________
13,0,0.0000,
0,7,0,0,0,0,0,0,0,0,0,0,0,0
1,6,1,0,0,1,0,0,0,0,0,0,0,0
_____________________________________________________
_____________________________________________________
14,1,0.0000,
1,6,1,0,0,1,0,0,0,0,0,0,0,0
1,6,0,1,0,1,0,0,0,0,0,0,0,0
_____________________________________________________
_____________________________________________________
15,2,0.0000,
1,6,0,1,0,1,0,0,0,0,0,0,0,0
1,6,0,0,0,0,0,0,0,0,0,0,0,0
_____________________________________________________
_____________________________________________________
16,0,0.0000,
1,6,0,0,0,0,0,0,0,0,0,0,0,0
1,5,0,0,0,0,0,0,0,0,0,0,0,0
_____________________________________________________
_____________________________________________________
17,0,0.0000,
1,5,0,0,0,0,0,0,0,0,0,0,0,0
2,4,0,0,0,0,0,0,0,0,0,0,0,0
_____________________________________________________
_____________________________________________________
18,9,-1.0000,
2,4,0,0,0,0,0,0,0,0,0,0,0,0
1,5,0,0,0,0,0,-1,0,0,-1,0,0,-1
_____________________________________________________
_____________________________________________________
19,9,0.0000,
1,5,0,0,0,0,0,-1,0,0,-1,0,0,-1
0,7,0,0,0,0,0,-1,0,0,-1,0,0,-1
_____________________________________________________
_____________________________________________________
20,0,0.0000,
0,7,0,0,0,0,0,-1,0,0,-1,0,0,-1
0,7,0,0,0,0,0,-1,0,0,-1,0,0,-1
_____________________________________________________
_____________________________________________________
21,0,0.0000,
0,7,0,0,0,0,0,-1,0,0,-1,0,0,-1
0,7,0,0,0,0,0,-1,0,0,-1,0,0,-1
_____________________________________________________
_____________________________________________________
22,0,0.0000,
0,7,0,0,0,0,0,-1,0,0,-1,0,0,-1
1,6,0,0,0,0,0,-1,0,0,-1,0,0,-1
_____________________________________________________
_____________________________________________________
23,9,0.0000,
1,6,0,0,0,0,0,-1,0,0,-1,0,0,-1
0,7,0,0,0,0,0,-1,0,0,-1,0,0,-1
_____________________________________________________
_____________________________________________________
24,0,0.0000,
0,7,0,0,0,0,0,-1,0,0,-1,0,0,-1
1,6,0,0,0,0,0,-1,0,0,-1,0,0,-1
_____________________________________________________
_____________________________________________________
25,9,0.0000,
1,6,0,0,0,0,0,-1,0,0,-1,0,0,-1
0,7,0,0,0,0,0,-1,0,0,-1,0,0,-1
_____________________________________________________
_____________________________________________________
26,0,0.0000,
0,7,0,0,0,0,0,-1,0,0,-1,0,0,-1
1,6,0,0,0,0,0,-1,0,0,-1,0,0,-1
_____________________________________________________
_____________________________________________________
27,9,0.0000,
1,6,0,0,0,0,0,-1,0,0,-1,0,0,-1
1,6,0,0,0,0,0,0,0,0,0,-1,0,0
_____________________________________________________
_____________________________________________________
28,10,0.0000,
1,6,0,0,0,0,0,0,0,0,0,-1,0,0
1,6,0,0,0,0,0,0,0,0,0,-1,0,0
_____________________________________________________
_____________________________________________________
29,10,0.0000,
1,6,0,0,0,0,0,0,0,0,0,-1,0,0
0,7,0,0,0,0,0,0,0,0,0,-1,0,0
_____________________________________________________
_____________________________________________________
30,0,0.0000,
0,7,0,0,0,0,0,0,0,0,0,-1,0,0
0,7,0,0,0,0,0,0,0,0,0,1,0,0
_____________________________________________________
_____________________________________________________
31,0,0.0000,
0,7,0,0,0,0,0,0,0,0,0,1,0,0
1,6,1,1,0,0,0,0,0,0,0,1,0,0
_____________________________________________________
_____________________________________________________
32,2,0.0000,
1,6,1,1,0,0,0,0,0,0,0,1,0,0
0,7,0,0,0,0,0,0,0,0,0,1,0,0
_____________________________________________________
_____________________________________________________
33,0,0.0000,
0,7,0,0,0,0,0,0,0,0,0,1,0,0
0,7,0,0,0,0,0,0,0,0,0,1,0,0
_____________________________________________________
_____________________________________________________
34,0,0.0000,
0,7,0,0,0,0,0,0,0,0,0,1,0,0
1,6,0,0,0,0,0,0,0,0,0,1,0,0
_____________________________________________________
_____________________________________________________
35,10,0.0000,
1,6,0,0,0,0,0,0,0,0,0,1,0,0
1,6,0,0,0,0,0,0,0,0,0,0,0,0
_____________________________________________________
_____________________________________________________
36,0,0.0000,
1,6,0,0,0,0,0,0,0,0,0,0,0,0
2,5,0,0,0,0,0,0,0,0,0,0,0,0
_____________________________________________________
_____________________________________________________
37,9,-1.0000,
2,5,0,0,0,0,0,0,0,0,0,0,0,0
1,5,0,0,0,0,0,0,0,0,-1,0,0,0
_____________________________________________________
_____________________________________________________
38,9,0.0000,
1,5,0,0,0,0,0,0,0,0,-1,0,0,0
1,6,0,0,0,0,0,0,0,0,0,0,0,0
_____________________________________________________
_____________________________________________________
39,0,0.0000,
1,6,0,0,0,0,0,0,0,0,0,0,0,0
1,5,0,1,0,0,0,0,0,0,0,0,0,0
_____________________________________________________
_____________________________________________________
40,2,0.0000,
1,5,0,1,0,0,0,0,0,0,0,0,0,0
0,7,0,0,0,0,0,0,0,0,0,0,0,0
_____________________________________________________
_____________________________________________________
41,0,0.0000,
0,7,0,0,0,0,0,0,0,0,0,0,0,0
1,6,0,0,0,0,0,0,0,0,0,0,0,0
_____________________________________________________
_____________________________________________________
42,0,0.0000,
1,6,0,0,0,0,0,0,0,0,0,0,0,0
2,5,0,0,0,0,0,0,0,0,0,0,0,0
_____________________________________________________
_____________________________________________________
43,9,-1.0000,
2,5,0,0,0,0,0,0,0,0,0,0,0,0
2,5,0,0,0,-1,0,0,0,1,-1,0,0,0
_____________________________________________________
_____________________________________________________
44,9,0.0000,
2,5,0,0,0,-1,0,0,0,1,-1,0,0,0
1,5,0,0,0,-1,0,0,0,1,0,0,0,0
_____________________________________________________
_____________________________________________________
45,0,0.0000,
1,5,0,0,0,-1,0,0,0,1,0,0,0,0
1,4,0,0,0,0,0,0,1,1,0,0,0,1
_____________________________________________________
_____________________________________________________
46,7,0.0000,
1,4,0,0,0,0,0,0,1,1,0,0,0,1
1,6,0,0,0,0,0,0,0,1,0,0,0,0
_____________________________________________________
_____________________________________________________
47,8,0.0000,
1,6,0,0,0,0,0,0,0,1,0,0,0,0
1,6,0,0,0,0,0,0,0,0,0,0,0,0
_____________________________________________________
_____________________________________________________
48,0,0.0000,
1,6,0,0,0,0,0,0,0,0,0,0,0,0
2,5,0,0,0,0,0,0,0,0,0,0,0,0
_____________________________________________________
_____________________________________________________
49,9,-1.0000,
2,5,0,0,0,0,0,0,0,0,0,0,0,0
1,5,0,0,0,-1,0,0,0,0,0,0,0,0
_____________________________________________________
_____________________________________________________
50,0,0.0000,
1,5,0,0,0,-1,0,0,0,0,0,0,0,0
2,4,0,0,0,0,0,0,0,0,0,0,0,0
_____________________________________________________
_____________________________________________________
51,9,-1.0000,
2,4,0,0,0,0,0,0,0,0,0,0,0,0
2,5,0,0,0,-1,0,0,0,0,-1,0,0,0
_____________________________________________________
_____________________________________________________
52,9,0.0000,
2,5,0,0,0,-1,0,0,0,0,-1,0,0,0
2,5,0,0,0,0,0,0,0,0,0,0,0,0
_____________________________________________________
_____________________________________________________
53,9,-1.0000,
2,5,0,0,0,0,0,0,0,0,0,0,0,0
2,5,0,0,0,-1,0,0,0,0,-1,0,0,0
_____________________________________________________
_____________________________________________________
54,9,0.0000,
2,5,0,0,0,-1,0,0,0,0,-1,0,0,0
1,5,0,0,0,0,0,0,0,0,0,0,0,0
_____________________________________________________
_____________________________________________________
55,0,0.0000,
1,5,0,0,0,0,0,0,0,0,0,0,0,0
2,4,0,0,0,0,0,0,0,0,0,0,0,0
_____________________________________________________
_____________________________________________________
56,9,-1.0000,
2,4,0,0,0,0,0,0,0,0,0,0,0,0
1,5,0,0,0,0,0,0,0,0,-1,0,0,0
_____________________________________________________
_____________________________________________________
57,9,0.0000,
1,5,0,0,0,0,0,0,0,0,-1,0,0,0
0,7,0,0,0,0,0,0,0,0,-1,0,0,0
_____________________________________________________
_____________________________________________________
58,0,0.0000,
0,7,0,0,0,0,0,0,0,0,-1,0,0,0
0,7,0,0,0,0,0,0,0,0,1,0,0,0
_____________________________________________________
_____________________________________________________
59,0,0.0000,
0,7,0,0,0,0,0,0,0,0,1,0,0,0
1,6,0,0,0,0,0,0,0,0,1,0,0,0
_____________________________________________________
_____________________________________________________
60,9,0.0000,
1,6,0,0,0,0,0,0,0,0,1,0,0,0
1,6,0,0,0,0,0,0,0,0,0,0,0,0
_____________________________________________________
_____________________________________________________
61,0,0.0000,
1,6,0,0,0,0,0,0,0,0,0,0,0,0
2,5,0,0,0,0,0,0,0,0,0,0,0,0
_____________________________________________________
_____________________________________________________
62,9,-1.0000,
2,5,0,0,0,0,0,0,0,0,0,0,0,0
2,5,0,0,0,0,0,0,0,0,0,0,0,0
_____________________________________________________
_____________________________________________________
63,9,-1.0000,
2,5,0,0,0,0,0,0,0,0,0,0,0,0
1,5,0,0,0,0,0,0,0,0,-1,0,0,0
_____________________________________________________
_____________________________________________________
64,9,0.0000,
1,5,0,0,0,0,0,0,0,0,-1,0,0,0
0,7,0,0,0,0,0,0,0,0,-1,0,0,0
_____________________________________________________
_____________________________________________________
65,0,0.0000,
0,7,0,0,0,0,0,0,0,0,-1,0,0,0
1,6,0,0,0,0,0,0,0,0,-1,0,0,0
_____________________________________________________
_____________________________________________________
66,9,0.0000,
1,6,0,0,0,0,0,0,0,0,-1,0,0,0
1,6,0,0,0,0,0,0,0,0,0,0,0,0
_____________________________________________________
_____________________________________________________
67,0,0.0000,
1,6,0,0,0,0,0,0,0,0,0,0,0,0
2,5,0,0,0,0,0,0,0,0,0,0,0,0
_____________________________________________________
_____________________________________________________
68,9,-1.0000,
2,5,0,0,0,0,0,0,0,0,0,0,0,0
1,5,0,0,0,0,0,0,0,0,-1,0,0,0
_____________________________________________________
_____________________________________________________
69,9,0.0000,
1,5,0,0,0,0,0,0,0,0,-1,0,0,0
1,6,0,0,0,0,0,-1,0,0,0,0,0,0
_____________________________________________________
_____________________________________________________
70,10,-1.0000,
1,6,0,0,0,0,0,-1,0,0,0,0,0,0
1,6,0,0,0,0,0,-1,0,0,0,-1,0,0
_____________________________________________________
_____________________________________________________
71,10,0.0000,
1,6,0,0,0,0,0,-1,0,0,0,-1,0,0
0,7,0,0,0,0,0,1,0,0,0,-1,0,0
_____________________________________________________
_____________________________________________________
72,0,0.0000,
0,7,0,0,0,0,0,1,0,0,0,-1,0,0
1,6,0,0,0,0,0,1,0,0,0,-1,0,0
_____________________________________________________
_____________________________________________________
73,10,0.0000,
1,6,0,0,0,0,0,1,0,0,0,-1,0,0
0,7,0,0,0,0,0,1,0,0,0,-1,0,0
_____________________________________________________
_____________________________________________________
74,0,0.0000,
0,7,0,0,0,0,0,1,0,0,0,-1,0,0
1,6,0,0,0,0,0,1,0,0,0,-1,0,0
_____________________________________________________
_____________________________________________________
75,6,0.0000,
1,6,0,0,0,0,0,1,0,0,0,-1,0,0
0,7,0,0,0,0,0,1,0,0,0,-1,0,0
_____________________________________________________
_____________________________________________________
76,0,0.0000,
0,7,0,0,0,0,0,1,0,0,0,-1,0,0
0,7,0,0,0,0,0,1,0,0,0,-1,0,0
_____________________________________________________
_____________________________________________________
77,0,0.0000,
0,7,0,0,0,0,0,1,0,0,0,-1,0,0
1,6,0,0,0,0,0,1,0,0,0,-1,0,0
_____________________________________________________
_____________________________________________________
78,10,0.0000,
1,6,0,0,0,0,0,1,0,0,0,-1,0,0
1,6,0,0,0,0,0,1,0,0,0,-1,0,0
_____________________________________________________
_____________________________________________________
79,6,0.0000,
1,6,0,0,0,0,0,1,0,0,0,-1,0,0
0,7,0,0,0,0,0,0,0,0,0,-1,0,0
_____________________________________________________
_____________________________________________________
80,0,0.0000,
0,7,0,0,0,0,0,0,0,0,0,-1,0,0
0,7,0,0,0,0,0,0,0,0,0,-1,0,0
_____________________________________________________
_____________________________________________________
81,0,0.0000,
0,7,0,0,0,0,0,0,0,0,0,-1,0,0
0,7,0,0,0,0,0,0,1,0,0,-1,0,0
_____________________________________________________
_____________________________________________________
82,0,0.0000,
0,7,0,0,0,0,0,0,1,0,0,-1,0,0
1,6,1,0,0,0,0,0,1,0,0,-1,0,0
_____________________________________________________
_____________________________________________________
83,7,0.0000,
1,6,1,0,0,0,0,0,1,0,0,-1,0,0
0,7,0,0,0,0,0,0,0,0,0,0,0,0
_____________________________________________________
_____________________________________________________
84,0,0.0000,
0,7,0,0,0,0,0,0,0,0,0,0,0,0
0,7,0,0,0,0,0,0,0,0,0,0,0,0
_____________________________________________________
_____________________________________________________
85,0,0.0000,
0,7,0,0,0,0,0,0,0,0,0,0,0,0
0,7,0,0,0,0,0,0,0,0,0,0,0,0
_____________________________________________________
_____________________________________________________
86,0,0.0000,
0,7,0,0,0,0,0,0,0,0,0,0,0,0
0,7,0,0,0,0,0,0,0,0,0,0,0,0
_____________________________________________________
_____________________________________________________
87,0,0.0000,
0,7,0,0,0,0,0,0,0,0,0,0,0,0
0,7,0,0,0,0,0,0,0,1,0,0,0,0
_____________________________________________________
_____________________________________________________
88,0,0.0000,
0,7,0,0,0,0,0,0,0,1,0,0,0,0
1,6,0,1,0,1,0,0,0,1,0,0,0,0
_____________________________________________________
_____________________________________________________
89,2,0.0000,
1,6,0,1,0,1,0,0,0,1,0,0,0,0
0,7,0,0,0,0,0,0,0,0,0,0,0,0
_____________________________________________________
_____________________________________________________
90,0,0.0000,
0,7,0,0,0,0,0,0,0,0,0,0,0,0
0,7,0,0,0,0,0,0,0,0,0,0,0,0
_____________________________________________________
_____________________________________________________
91,0,0.0000,
0,7,0,0,0,0,0,0,0,0,0,0,0,0
0,7,0,0,0,0,0,0,0,0,0,0,0,0
_____________________________________________________
_____________________________________________________
92,0,0.0000,
0,7,0,0,0,0,0,0,0,0,0,0,0,0
1,6,0,0,0,0,0,0,0,0,0,0,0,0
_____________________________________________________
_____________________________________________________
93,0,0.0000,
1,6,0,0,0,0,0,0,0,0,0,0,0,0
2,5,0,0,0,0,0,0,0,0,0,0,0,0
_____________________________________________________
_____________________________________________________
94,9,-1.0000,
2,5,0,0,0,0,0,0,0,0,0,0,0,0
1,5,0,0,0,0,0,0,-1,0,-1,0,0,1
_____________________________________________________
_____________________________________________________
95,9,0.0000,
1,5,0,0,0,0,0,0,-1,0,-1,0,0,1
1,6,0,0,0,0,0,0,-1,0,1,0,0,1
_____________________________________________________
_____________________________________________________
96,7,0.0000,
1,6,0,0,0,0,0,0,-1,0,1,0,0,1
0,7,0,0,0,0,0,0,1,0,1,0,0,1
_____________________________________________________
_____________________________________________________
97,0,0.0000,
0,7,0,0,0,0,0,0,1,0,1,0,0,1
0,7,1,0,0,0,0,0,1,0,0,1,-1,0
_____________________________________________________
_____________________________________________________
98,0,0.0000,
0,7,1,0,0,0,0,0,1,0,0,1,-1,0
1,6,1,0,0,0,0,0,1,0,0,1,-1,0
_____________________________________________________
_____________________________________________________
99,11,0.0000,
1,6,1,0,0,0,0,0,1,0,0,1,-1,0
0,7,1,0,0,0,0,0,0,0,0,1,-1,0
_____________________________________________________
_____________________________________________________
100,0,0.0000,
0,7,1,0,0,0,0,0,0,0,0,1,-1,0
0,7,1,0,0,0,0,0,0,0,0,1,-1,0
_____________________________________________________
_____________________________________________________
101,0,0.0000,
0,7,1,0,0,0,0,0,0,0,0,1,-1,0
0,7,1,0,0,0,0,0,0,0,0,1,-1,0
_____________________________________________________
_____________________________________________________
102,0,0.0000,
0,7,1,0,0,0,0,0,0,0,0,1,-1,0
1,6,1,0,0,0,0,0,0,0,0,1,-1,0
_____________________________________________________
_____________________________________________________
103,11,0.0000,
1,6,1,0,0,0,0,0,0,0,0,1,-1,0
1,6,1,0,0,0,0,0,0,0,0,1,-1,0
_____________________________________________________
_____________________________________________________
104,11,0.0000,
1,6,1,0,0,0,0,0,0,0,0,1,-1,0
0,7,1,0,0,0,0,0,0,0,0,1,-1,0
_____________________________________________________
_____________________________________________________
105,0,0.0000,
0,7,1,0,0,0,0,0,0,0,0,1,-1,0
0,7,1,0,0,0,0,0,0,0,0,1,-1,0
_____________________________________________________
_____________________________________________________
106,0,0.0000,
0,7,1,0,0,0,0,0,0,0,0,1,-1,0
0,7,1,0,0,0,0,0,0,0,0,1,-1,0
_____________________________________________________
_____________________________________________________
107,0,0.0000,
0,7,1,0,0,0,0,0,0,0,0,1,-1,0
0,7,1,0,0,0,0,0,0,0,0,1,-1,0
_____________________________________________________
_____________________________________________________
108,0,0.0000,
0,7,1,0,0,0,0,0,0,0,0,1,-1,0
1,6,1,0,0,0,0,0,0,0,0,1,-1,0
_____________________________________________________
_____________________________________________________
109,11,0.0000,
1,6,1,0,0,0,0,0,0,0,0,1,-1,0
1,6,1,0,0,0,0,0,0,0,0,1,-1,0
_____________________________________________________
_____________________________________________________
110,11,0.0000,
1,6,1,0,0,0,0,0,0,0,0,1,-1,0
1,6,1,0,0,0,0,0,0,0,0,1,-1,0
_____________________________________________________
_____________________________________________________
111,11,0.0000,
1,6,1,0,0,0,0,0,0,0,0,1,-1,0
0,7,1,0,0,0,0,0,-1,0,0,0,0,0
_____________________________________________________
_____________________________________________________
112,0,0.0000,
0,7,1,0,0,0,0,0,-1,0,0,0,0,0
0,7,1,0,0,0,0,0,-1,0,0,0,0,0
_____________________________________________________
_____________________________________________________
113,0,0.0000,
0,7,1,0,0,0,0,0,-1,0,0,0,0,0
0,7,1,0,0,0,0,0,-1,0,0,0,0,0
_____________________________________________________
_____________________________________________________
114,0,0.0000,
0,7,1,0,0,0,0,0,-1,0,0,0,0,0
1,6,1,0,0,0,0,0,-1,0,0,0,0,0
_____________________________________________________
_____________________________________________________
115,7,0.0000,
1,6,1,0,0,0,0,0,-1,0,0,0,0,0
1,6,1,0,0,0,0,0,-1,0,0,0,0,0
_____________________________________________________
_____________________________________________________
116,7,0.0000,
1,6,1,0,0,0,0,0,-1,0,0,0,0,0
0,7,1,0,0,0,0,0,-1,0,0,0,0,0
_____________________________________________________
_____________________________________________________
117,0,0.0000,
0,7,1,0,0,0,0,0,-1,0,0,0,0,0
1,6,1,0,0,0,0,0,-1,0,0,0,0,0
_____________________________________________________
_____________________________________________________
118,7,0.0000,
1,6,1,0,0,0,0,0,-1,0,0,0,0,0
0,7,1,0,0,0,0,0,-1,1,0,0,0,0
_____________________________________________________
_____________________________________________________
119,0,0.0000,
0,7,1,0,0,0,0,0,-1,1,0,0,0,0
1,6,1,0,1,0,0,0,-1,1,0,0,0,0
_____________________________________________________
_____________________________________________________
120,7,0.0000,
1,6,1,0,1,0,0,0,-1,1,0,0,0,0
1,6,1,0,1,0,0,0,-1,0,0,0,0,0
_____________________________________________________
_____________________________________________________
121,7,0.0000,
1,6,1,0,1,0,0,0,-1,0,0,0,0,0
1,6,1,0,0,0,0,0,-1,0,0,0,0,0
_____________________________________________________
_____________________________________________________
122,7,0.0000,
1,6,1,0,0,0,0,0,-1,0,0,0,0,0
1,6,1,0,0,0,0,0,-1,0,0,0,0,0
_____________________________________________________
_____________________________________________________
123,7,0.0000,
1,6,1,0,0,0,0,0,-1,0,0,0,0,0
0,7,1,0,0,0,0,0,-1,0,0,0,0,0
_____________________________________________________
_____________________________________________________
124,0,0.0000,
0,7,1,0,0,0,0,0,-1,0,0,0,0,0
0,7,1,0,0,0,0,0,-1,0,0,0,0,0
_____________________________________________________
_____________________________________________________
125,0,0.0000,
0,7,1,0,0,0,0,0,-1,0,0,0,0,0
0,7,0,1,0,1,1,0,1,0,1,1,0,0
_____________________________________________________
_____________________________________________________
126,0,0.0000,
0,7,0,1,0,1,1,0,1,0,1,1,0,0
1,6,0,1,0,1,1,0,1,0,1,1,0,0
_____________________________________________________
_____________________________________________________
127,5,0.0000,
1,6,0,1,0,1,1,0,1,0,1,1,0,0
0,7,0,0,0,1,1,0,1,0,1,1,0,0
_____________________________________________________
_____________________________________________________
128,0,0.0000,
0,7,0,0,0,1,1,0,1,0,1,1,0,0
1,6,0,1,0,1,1,0,1,0,1,1,0,0
_____________________________________________________
_____________________________________________________
129,5,0.0000,
1,6,0,1,0,1,1,0,1,0,1,1,0,0
0,7,0,0,0,0,0,0,1,0,1,1,0,0
_____________________________________________________
_____________________________________________________
130,0,0.0000,
0,7,0,0,0,0,0,0,1,0,1,1,0,0
1,6,0,0,1,0,0,0,0,0,1,1,0,0
_____________________________________________________
_____________________________________________________
131,9,0.0000,
1,6,0,0,1,0,0,0,0,0,1,1,0,0
1,6,0,0,1,0,0,0,0,0,0,0,0,0
_____________________________________________________
_____________________________________________________
132,3,0.0000,
1,6,0,0,1,0,0,0,0,0,0,0,0,0
0,7,0,0,0,0,0,0,0,0,0,0,0,0
_____________________________________________________
_____________________________________________________
133,0,0.0000,
0,7,0,0,0,0,0,0,0,0,0,0,0,0
1,6,0,0,0,0,0,0,0,0,0,0,0,0
_____________________________________________________
_____________________________________________________
134,0,0.0000,
1,6,0,0,0,0,0,0,0,0,0,0,0,0
1,5,0,0,0,0,0,0,0,0,0,0,0,0
_____________________________________________________
_____________________________________________________
135,0,0.0000,
1,5,0,0,0,0,0,0,0,0,0,0,0,0
2,4,0,0,1,0,0,0,0,0,0,0,0,0
_____________________________________________________
_____________________________________________________
136,3,0.0000,
2,4,0,0,1,0,0,0,0,0,0,0,0,0
1,5,0,0,0,0,0,0,0,0,0,0,0,0
_____________________________________________________
_____________________________________________________
137,0,0.0000,
1,5,0,0,0,0,0,0,0,0,0,0,0,0
2,4,0,0,0,0,0,0,0,0,0,0,0,0
_____________________________________________________
_____________________________________________________
138,9,-1.0000,
2,4,0,0,0,0,0,0,0,0,0,0,0,0
1,5,0,0,0,0,0,0,0,0,-1,-1,0,0
_____________________________________________________
_____________________________________________________
139,9,0.0000,
1,5,0,0,0,0,0,0,0,0,-1,-1,0,0
0,5,0,0,0,0,0,0,0,0,0,0,0,0
_____________________________________________________
