_____________________________________________________
0,11,0.0000,
3,4,1,1,1,1,1,1,1,1,1,1,1,1
3,4,1,0,1,1,1,1,1,0,1,1,1,1
_____________________________________________________
_____________________________________________________
1,11,0.0000,
3,4,1,0,1,1,1,1,1,0,1,1,1,1
3,4,1,0,1,1,1,1,1,0,1,1,0,1
_____________________________________________________
_____________________________________________________
2,5,0.0000,
3,4,1,0,1,1,1,1,1,0,1,1,0,1
2,4,0,1,0,1,0,1,1,1,0,1,1,1
_____________________________________________________
_____________________________________________________
3,11,0.0000,
2,4,0,1,0,1,0,1,1,1,0,1,1,1
1,4,0,0,0,1,0,1,1,0,0,1,1,1
_____________________________________________________
_____________________________________________________
4,11,0.0000,
1,4,0,0,0,1,0,1,1,0,0,1,1,1
1,6,0,0,0,1,0,1,1,0,0,1,0,1
_____________________________________________________
_____________________________________________________
5,7,0.0000,
1,6,0,0,0,1,0,1,1,0,0,1,0,1
1,6,0,0,0,1,0,1,0,1,0,1,1,1
_____________________________________________________
_____________________________________________________
6,11,0.0000,
1,6,0,0,0,1,0,1,0,1,0,1,1,1
1,6,0,0,0,1,0,1,0,0,0,1,1,1
_____________________________________________________
_____________________________________________________
7,11,0.0000,
1,6,0,0,0,1,0,1,0,0,0,1,1,1
0,7,0,0,0,1,0,1,0,0,0,1,0,1
_____________________________________________________
_____________________________________________________
8,0,0.0000,
0,7,0,0,0,1,0,1,0,0,0,1,0,1
0,7,0,1,0,1,0,1,0,1,0,1,1,1
_____________________________________________________
_____________________________________________________
9,0,0.0000,
0,7,0,1,0,1,0,1,0,1,0,1,1,1
1,6,0,1,0,1,0,1,0,1,0,1,1,1
_____________________________________________________
_____________________________________________________
10,11,0.0000,
1,6,0,1,0,1,0,1,0,1,0,1,1,1
1,6,0,0,0,1,0,1,0,0,0,1,0,1
_____________________________________________________
_____________________________________________________
11,6,0.0000,
1,6,0,0,0,1,0,1,0,0,0,1,0,1
1,6,0,0,0,1,0,0,0,1,0,0,1,1
_____________________________________________________
_____________________________________________________
12,11,0.0000,
1,6,0,0,0,1,0,0,0,1,0,0,1,1
1,6,0,0,0,1,0,0,0,0,0,0,0,1
_____________________________________________________
_____________________________________________________
13,12,0.0000,
1,6,0,0,0,1,0,0,0,0,0,0,0,1
0,7,1,1,1,0,1,1,1,0,1,1,1,1
_____________________________________________________
_____________________________________________________
14,0,0.0000,
0,7,1,1,1,0,1,1,1,0,1,1,1,1
0,7,1,1,1,0,1,1,1,0,1,1,1,1
_____________________________________________________
_____________________________________________________
15,0,0.0000,
0,7,1,1,1,0,1,1,1,0,1,1,1,1
1,6,1,1,1,0,1,1,1,0,1,1,1,1
_____________________________________________________
_____________________________________________________
16,2,0.0000,
1,6,1,1,1,0,1,1,1,0,1,1,1,1
0,7,1,0,1,0,1,1,1,0,1,1,1,1
_____________________________________________________
_____________________________________________________
17,0,0.0000,
0,7,1,0,1,0,1,1,1,0,1,1,1,1
1,6,1,1,1,0,1,1,1,0,1,1,1,1
_____________________________________________________
_____________________________________________________
18,5,0.0000,
1,6,1,1,1,0,1,1,1,0,1,1,1,1
1,6,1,1,1,0,1,1,1,0,1,1,1,1
_____________________________________________________
_____________________________________________________
19,2,0.0000,
1,6,1,1,1,0,1,1,1,0,1,1,1,1
1,6,1,0,1,0,1,1,1,0,0,1,0,1
_____________________________________________________
_____________________________________________________
20,5,0.0000,
1,6,1,0,1,0,1,1,1,0,0,1,0,1
0,7,1,1,1,0,0,1,0,0,1,1,1,1
_____________________________________________________
_____________________________________________________
21,0,0.0000,
0,7,1,1,1,0,0,1,0,0,1,1,1,1
1,6,1,1,1,0,0,1,0,0,1,1,1,1
_____________________________________________________
_____________________________________________________
22,11,0.0000,
1,6,1,1,1,0,0,1,0,0,1,1,1,1
1,6,1,0,1,0,0,1,0,0,0,1,0,0
_____________________________________________________
_____________________________________________________
23,6,0.0000,
1,6,1,0,1,0,0,1,0,0,0,1,0,0
1,6,1,0,1,0,0,1,0,0,0,1,1,1
_____________________________________________________
_____________________________________________________
24,11,0.0000,
1,6,1,0,1,0,0,1,0,0,0,1,1,1
0,7,1,0,1,0,0,1,0,0,0,1,0,0
_____________________________________________________
_____________________________________________________
25,0,0.0000,
0,7,1,0,1,0,0,1,0,0,0,1,0,0
0,7,1,1,1,0,1,1,1,0,1,1,1,1
_____________________________________________________
_____________________________________________________
26,0,0.0000,
0,7,1,1,1,0,1,1,1,0,1,1,1,1
1,6,1,1,1,0,1,1,1,0,1,1,1,1
_____________________________________________________
_____________________________________________________
27,11,0.0000,
1,6,1,1,1,0,1,1,1,0,1,1,1,1
1,6,1,0,0,1,1,1,0,0,1,0,0,0
_____________________________________________________
_____________________________________________________
28,5,0.0000,
1,6,1,0,0,1,1,1,0,0,1,0,0,0
0,7,1,1,0,1,0,0,0,0,1,0,0,1
_____________________________________________________
_____________________________________________________
29,0,0.0000,
0,7,1,1,0,1,0,0,0,0,1,0,0,1
1,6,1,1,0,1,0,0,0,0,1,0,0,1
_____________________________________________________
_____________________________________________________
30,12,0.0000,
1,6,1,1,0,1,0,0,0,0,1,0,0,1
0,7,1,0,1,1,0,0,1,0,1,1,0,0
_____________________________________________________
_____________________________________________________
31,0,0.0000,
0,7,1,0,1,1,0,0,1,0,1,1,0,0
1,6,1,0,1,1,1,1,1,0,1,1,0,0
_____________________________________________________
_____________________________________________________
32,5,0.0000,
1,6,1,0,1,1,1,1,1,0,1,1,0,0
1,6,1,0,1,1,0,0,1,0,1,1,0,0
_____________________________________________________
_____________________________________________________
33,7,0.0000,
1,6,1,0,1,1,0,0,1,0,1,1,0,0
0,7,1,0,0,1,0,0,0,0,1,0,0,0
_____________________________________________________
_____________________________________________________
34,0,0.0000,
0,7,1,0,0,1,0,0,0,0,1,0,0,0
0,7,1,0,0,1,0,0,0,0,1,0,0,0
_____________________________________________________
_____________________________________________________
35,0,0.0000,
0,7,1,0,0,1,0,0,0,0,1,0,0,0
0,7,1,0,0,1,0,0,0,0,1,0,0,0
_____________________________________________________
_____________________________________________________
36,0,0.0000,
0,7,1,0,0,1,0,0,0,0,1,0,0,0
0,7,1,0,0,1,0,0,0,0,1,0,0,0
_____________________________________________________
_____________________________________________________
37,0,0.0000,
0,7,1,0,0,1,0,0,0,0,1,0,0,0
0,7,1,0,0,1,0,0,0,0,1,1,0,0
_____________________________________________________
_____________________________________________________
38,0,0.0000,
0,7,1,0,0,1,0,0,0,0,1,1,0,0
1,6,1,0,1,1,0,0,1,0,1,1,0,0
_____________________________________________________
_____________________________________________________
39,7,0.0000,
1,6,1,0,1,1,0,0,1,0,1,1,0,0
1,6,1,0,0,1,0,0,0,0,1,0,0,0
_____________________________________________________
_____________________________________________________
40,9,0.0000,
1,6,1,0,0,1,0,0,0,0,1,0,0,0
1,6,1,0,0,1,0,0,0,0,0,0,0,0
_____________________________________________________
_____________________________________________________
41,1,0.0000,
1,6,1,0,0,1,0,0,0,0,0,0,0,0
1,6,1,1,0,0,0,0,1,0,0,1,1,0
_____________________________________________________
_____________________________________________________
42,11,0.0000,
1,6,1,1,0,0,0,0,1,0,0,1,1,0
1,6,0,1,0,0,0,1,0,0,0,1,0,0
_____________________________________________________
_____________________________________________________
43,6,0.0000,
1,6,0,1,0,0,0,1,0,0,0,1,0,0
1,6,0,1,0,0,0,0,1,0,1,1,1,0
_____________________________________________________
_____________________________________________________
44,11,0.0000,
1,6,0,1,0,0,0,0,1,0,1,1,1,0
0,7,0,1,1,1,0,0,0,0,1,1,0,0
_____________________________________________________
_____________________________________________________
45,0,0.0000,
0,7,0,1,1,1,0,0,0,0,1,1,0,0
1,6,0,1,1,1,1,1,0,0,1,1,0,0
_____________________________________________________
_____________________________________________________
46,5,0.0000,
1,6,0,1,1,1,1,1,0,0,1,1,0,0
0,7,0,1,1,1,0,0,0,0,1,1,0,0
_____________________________________________________
_____________________________________________________
47,0,0.0000,
0,7,0,1,1,1,0,0,0,0,1,1,0,0
0,7,0,1,1,1,0,0,0,0,1,1,0,0
_____________________________________________________
_____________________________________________________
48,0,0.0000,
0,7,0,1,1,1,0,0,0,0,1,1,0,0
0,7,0,1,1,1,0,0,0,0,1,1,0,0
_____________________________________________________
_____________________________________________________
49,0,0.0000,
0,7,0,1,1,1,0,0,0,0,1,1,0,0
1,6,1,1,1,1,0,0,1,0,1,1,1,0
_____________________________________________________
_____________________________________________________
50,11,0.0000,
1,6,1,1,1,1,0,0,1,0,1,1,1,0
0,7,0,1,1,1,0,0,0,0,1,1,0,0
_____________________________________________________
_____________________________________________________
51,0,0.0000,
0,7,0,1,1,1,0,0,0,0,1,1,0,0
1,6,1,1,1,1,0,0,1,0,1,1,1,0
_____________________________________________________
_____________________________________________________
52,11,0.0000,
1,6,1,1,1,1,0,0,1,0,1,1,1,0
1,6,0,1,1,1,0,0,0,0,1,1,0,0
_____________________________________________________
_____________________________________________________
53,9,0.0000,
1,6,0,1,1,1,0,0,0,0,1,1,0,0
0,7,1,1,0,0,0,0,1,0,0,1,1,0
_____________________________________________________
_____________________________________________________
54,0,0.0000,
0,7,1,1,0,0,0,0,1,0,0,1,1,0
0,7,1,1,0,1,0,0,1,0,1,1,1,0
_____________________________________________________
_____________________________________________________
55,0,0.0000,
0,7,1,1,0,1,0,0,1,0,1,1,1,0
1,6,1,1,0,0,1,1,0,1,1,0,1,1
_____________________________________________________
_____________________________________________________
56,11,0.0000,
1,6,1,1,0,0,1,1,0,1,1,0,1,1
1,6,1,1,0,0,1,1,0,1,0,0,0,1
_____________________________________________________
_____________________________________________________
57,5,0.0000,
1,6,1,1,0,0,1,1,0,1,0,0,0,1
0,7,1,0,0,0,0,0,0,1,0,0,1,1
_____________________________________________________
_____________________________________________________
58,0,0.0000,
0,7,1,0,0,0,0,0,0,1,0,0,1,1
1,6,1,0,0,1,0,0,0,1,1,0,1,1
_____________________________________________________
_____________________________________________________
59,11,0.0000,
1,6,1,0,0,1,0,0,0,1,1,0,1,1
1,6,1,0,0,0,1,1,0,1,0,0,0,1
_____________________________________________________
_____________________________________________________
60,5,0.0000,
1,6,1,0,0,0,1,1,0,1,0,0,0,1
0,7,1,0,0,0,0,0,0,1,0,0,1,1
_____________________________________________________
_____________________________________________________
61,0,0.0000,
0,7,1,0,0,0,0,0,0,1,0,0,1,1
1,6,1,0,0,1,0,0,0,1,1,0,1,1
_____________________________________________________
_____________________________________________________
62,11,0.0000,
1,6,1,0,0,1,0,0,0,1,1,0,1,1
1,6,1,0,0,0,0,0,0,1,0,0,0,1
_____________________________________________________
_____________________________________________________
63,12,0.0000,
1,6,1,0,0,0,0,0,0,1,0,0,0,1
0,7,1,0,0,0,0,0,0,1,0,0,0,0
_____________________________________________________
_____________________________________________________
64,0,0.0000,
0,7,1,0,0,0,0,0,0,1,0,0,0,0
0,7,1,0,0,0,0,0,0,1,0,0,1,0
_____________________________________________________
_____________________________________________________
65,0,0.0000,
0,7,1,0,0,0,0,0,0,1,0,0,1,0
1,6,1,0,0,1,0,0,0,1,1,0,1,0
_____________________________________________________
_____________________________________________________
66,11,0.0000,
1,6,1,0,0,1,0,0,0,1,1,0,1,0
0,7,1,0,0,0,0,0,0,1,0,0,0,0
_____________________________________________________
_____________________________________________________
67,0,0.0000,
0,7,1,0,0,0,0,0,0,1,0,0,0,0
0,7,1,1,0,0,1,1,0,1,0,1,0,0
_____________________________________________________
_____________________________________________________
68,0,0.0000,
0,7,1,1,0,0,1,1,0,1,0,1,0,0
0,7,1,1,0,0,1,1,0,1,0,1,0,0
_____________________________________________________
_____________________________________________________
69,0,0.0000,
0,7,1,1,0,0,1,1,0,1,0,1,0,0
0,7,0,0,1,1,0,1,0,1,0,1,0,1
_____________________________________________________
_____________________________________________________
70,0,0.0000,
0,7,0,0,1,1,0,1,0,1,0,1,0,1
1,6,0,0,1,1,0,1,0,1,0,1,0,1
_____________________________________________________
_____________________________________________________
71,6,0.0000,
1,6,0,0,1,1,0,1,0,1,0,1,0,1
0,7,0,0,1,1,0,1,0,1,0,1,0,1
_____________________________________________________
_____________________________________________________
72,0,0.0000,
0,7,0,0,1,1,0,1,0,1,0,1,0,1
0,7,0,0,1,1,0,1,0,1,0,1,0,1
_____________________________________________________
_____________________________________________________
73,0,0.0000,
0,7,0,0,1,1,0,1,0,1,0,1,0,1
0,7,0,0,1,1,0,1,0,1,0,1,0,1
_____________________________________________________
_____________________________________________________
74,0,0.0000,
0,7,0,0,1,1,0,1,0,1,0,1,0,1
1,6,0,0,1,1,0,1,0,1,0,1,0,1
_____________________________________________________
_____________________________________________________
75,6,0.0000,
1,6,0,0,1,1,0,1,0,1,0,1,0,1
1,6,0,0,1,1,0,1,0,1,0,1,0,1
_____________________________________________________
_____________________________________________________
76,6,0.0000,
1,6,0,0,1,1,0,1,0,1,0,1,0,1
1,6,0,0,1,1,0,0,1,1,0,1,0,0
_____________________________________________________
_____________________________________________________
77,7,0.0000,
1,6,0,0,1,1,0,0,1,1,0,1,0,0
1,6,1,0,1,1,1,0,0,1,0,1,0,1
_____________________________________________________
_____________________________________________________
78,5,0.0000,
1,6,1,0,1,1,1,0,0,1,0,1,0,1
1,6,0,0,1,1,0,1,0,1,0,1,0,1
_____________________________________________________
_____________________________________________________
79,6,0.0000,
1,6,0,0,1,1,0,1,0,1,0,1,0,1
1,6,0,0,1,1,0,0,0,1,0,1,0,0
_____________________________________________________
_____________________________________________________
80,10,0.0000,
1,6,0,0,1,1,0,0,0,1,0,1,0,0
1,6,0,0,1,1,0,0,0,1,0,0,0,0
_____________________________________________________
_____________________________________________________
81,8,0.0000,
1,6,0,0,1,1,0,0,0,1,0,0,0,0
1,6,0,0,0,1,0,0,0,0,0,0,0,1
_____________________________________________________
_____________________________________________________
82,12,0.0000,
1,6,0,0,0,1,0,0,0,0,0,0,0,1
0,7,0,0,0,1,0,0,0,0,0,0,0,0
_____________________________________________________
_____________________________________________________
83,0,0.0000,
0,7,0,0,0,1,0,0,0,0,0,0,0,0
1,6,1,0,0,1,0,1,1,0,0,0,0,1
_____________________________________________________
_____________________________________________________
84,7,0.0000,
1,6,1,0,0,1,0,1,1,0,0,0,0,1
1,6,0,0,0,1,0,0,0,0,1,0,0,1
_____________________________________________________
_____________________________________________________
85,12,0.0000,
1,6,0,0,0,1,0,0,0,0,1,0,0,1
0,7,0,0,0,0,0,0,0,0,1,0,0,1
_____________________________________________________
_____________________________________________________
86,0,0.0000,
0,7,0,0,0,0,0,0,0,0,1,0,0,1
1,6,0,0,0,1,0,0,1,0,1,0,0,1
_____________________________________________________
_____________________________________________________
87,7,0.0000,
1,6,0,0,0,1,0,0,1,0,1,0,0,1
1,6,0,1,1,1,0,0,0,0,1,0,0,1
_____________________________________________________
_____________________________________________________
88,2,0.0000,
1,6,0,1,1,1,0,0,0,0,1,0,0,1
1,6,0,0,0,1,0,0,0,1,1,0,0,1
_____________________________________________________
_____________________________________________________
89,12,0.0000,
1,6,0,0,0,1,0,0,0,1,1,0,0,1
1,6,0,0,0,0,0,0,0,1,1,0,0,0
_____________________________________________________
_____________________________________________________
90,9,0.0000,
1,6,0,0,0,0,0,0,0,1,1,0,0,0
1,6,0,0,0,0,0,0,0,1,0,0,0,1
_____________________________________________________
_____________________________________________________
91,12,0.0000,
1,6,0,0,0,0,0,0,0,1,0,0,0,1
1,6,0,0,0,0,0,0,0,1,0,0,0,0
_____________________________________________________
_____________________________________________________
92,8,0.0000,
1,6,0,0,0,0,0,0,0,1,0,0,0,0
1,6,0,0,0,0,0,0,1,0,0,0,1,0
_____________________________________________________
_____________________________________________________
93,11,0.0000,
1,6,0,0,0,0,0,0,1,0,0,0,1,0
0,7,1,0,0,1,0,1,1,0,0,0,0,1
_____________________________________________________
_____________________________________________________
94,0,0.0000,
0,7,1,0,0,1,0,1,1,0,0,0,0,1
0,7,1,0,0,1,0,1,1,0,0,0,0,1
_____________________________________________________
_____________________________________________________
95,0,0.0000,
0,7,1,0,0,1,0,1,1,0,0,0,0,1
1,6,1,0,0,1,0,1,1,0,0,0,0,1
_____________________________________________________
_____________________________________________________
96,7,0.0000,
1,6,1,0,0,1,0,1,1,0,0,0,0,1
0,7,0,0,0,1,0,0,0,0,0,0,0,1
_____________________________________________________
_____________________________________________________
97,0,0.0000,
0,7,0,0,0,1,0,0,0,0,0,0,0,1
1,6,1,0,0,0,1,1,0,0,0,0,0,1
_____________________________________________________
_____________________________________________________
98,5,0.0000,
1,6,1,0,0,0,1,1,0,0,0,0,0,1
0,7,1,0,0,0,0,1,0,0,1,0,1,1
_____________________________________________________
_____________________________________________________
99,0,0.0000,
0,7,1,0,0,0,0,1,0,0,1,0,1,1
0,7,1,0,0,0,0,1,0,1,1,1,1,1
_____________________________________________________
_____________________________________________________
100,0,0.0000,
0,7,1,0,0,0,0,1,0,1,1,1,1,1
0,7,1,0,0,0,0,1,1,1,1,1,1,1
_____________________________________________________
_____________________________________________________
101,0,0.0000,
0,7,1,0,0,0,0,1,1,1,1,1,1,1
1,6,1,0,0,0,0,1,1,1,1,1,1,1
_____________________________________________________
_____________________________________________________
102,11,0.0000,
1,6,1,0,0,0,0,1,1,1,1,1,1,1
1,6,1,0,0,0,1,1,1,0,0,1,0,1
_____________________________________________________
_____________________________________________________
103,5,0.0000,
1,6,1,0,0,0,1,1,1,0,0,1,0,1
0,7,1,0,0,0,0,1,1,0,0,1,0,1
_____________________________________________________
_____________________________________________________
104,0,0.0000,
0,7,1,0,0,0,0,1,1,0,0,1,0,1
0,7,1,0,0,0,0,1,1,0,0,1,1,1
_____________________________________________________
_____________________________________________________
105,0,0.0000,
0,7,1,0,0,0,0,1,1,0,0,1,1,1
1,6,1,0,0,0,0,1,1,1,1,1,1,1
_____________________________________________________
_____________________________________________________
106,11,0.0000,
1,6,1,0,0,0,0,1,1,1,1,1,1,1
1,6,1,0,0,0,0,1,1,0,0,1,0,1
_____________________________________________________
_____________________________________________________
107,7,0.0000,
1,6,1,0,0,0,0,1,1,0,0,1,0,1
0,7,1,0,0,0,0,1,0,0,0,0,0,1
_____________________________________________________
_____________________________________________________
108,0,0.0000,
0,7,1,0,0,0,0,1,0,0,0,0,0,1
1,6,1,0,0,0,0,1,0,0,0,0,0,1
_____________________________________________________
_____________________________________________________
109,6,0.0000,
1,6,1,0,0,0,0,1,0,0,0,0,0,1
1,6,1,0,0,0,0,0,0,0,1,0,1,1
_____________________________________________________
_____________________________________________________
110,11,0.0000,
1,6,1,0,0,0,0,0,0,0,1,0,1,1
0,7,1,0,0,0,0,0,0,0,0,0,0,1
_____________________________________________________
_____________________________________________________
111,0,0.0000,
0,7,1,0,0,0,0,0,0,0,0,0,0,1
1,6,0,1,0,0,1,0,0,0,0,0,1,0
_____________________________________________________
_____________________________________________________
112,11,0.0000,
1,6,0,1,0,0,1,0,0,0,0,0,1,0
1,6,0,0,0,0,0,0,0,0,0,0,0,0
_____________________________________________________
_____________________________________________________
113,0,0.0000,
1,6,0,0,0,0,0,0,0,0,0,0,0,0
2,5,0,0,0,0,1,0,0,0,0,0,1,0
_____________________________________________________
_____________________________________________________
114,11,0.0000,
2,5,0,0,0,0,1,0,0,0,0,0,1,0
1,5,0,0,0,0,0,0,0,0,0,1,0,0
_____________________________________________________
_____________________________________________________
115,10,0.0000,
1,5,0,0,0,0,0,0,0,0,0,1,0,0
0,7,0,0,0,0,0,0,0,0,0,0,0,0
_____________________________________________________
_____________________________________________________
116,0,0.0000,
0,7,0,0,0,0,0,0,0,0,0,0,0,0
1,6,0,0,0,0,0,0,0,0,0,0,0,0
_____________________________________________________
_____________________________________________________
117,0,0.0000,
1,6,0,0,0,0,0,0,0,0,0,0,0,0
2,5,0,0,0,0,1,0,0,0,0,0,1,0
_____________________________________________________
_____________________________________________________
118,11,0.0000,
2,5,0,0,0,0,1,0,0,0,0,0,1,0
1,5,0,0,0,0,0,0,0,0,0,0,0,0
_____________________________________________________
_____________________________________________________
119,0,0.0000,
1,5,0,0,0,0,0,0,0,0,0,0,0,0
2,4,0,0,0,0,1,1,0,0,0,0,1,0
_____________________________________________________
_____________________________________________________
120,11,0.0000,
2,4,0,0,0,0,1,1,0,0,0,0,1,0
1,5,0,0,1,0,0,1,0,0,0,0,0,0
_____________________________________________________
_____________________________________________________
121,6,0.0000,
1,5,0,0,1,0,0,1,0,0,0,0,0,0
1,6,0,0,0,0,0,0,0,0,0,0,0,0
_____________________________________________________
_____________________________________________________
122,0,0.0000,
1,6,0,0,0,0,0,0,0,0,0,0,0,0
1,5,0,0,0,0,0,0,0,0,0,0,0,0
_____________________________________________________
_____________________________________________________
123,0,0.0000,
1,5,0,0,0,0,0,0,0,0,0,0,0,0
1,4,0,0,0,0,0,0,0,0,0,0,0,0
_____________________________________________________
_____________________________________________________
124,0,0.0000,
1,4,0,0,0,0,0,0,0,0,0,0,0,0
2,3,0,0,0,0,0,0,0,0,0,0,0,0
_____________________________________________________
_____________________________________________________
125,9,-1.0000,
2,3,0,0,0,0,0,0,0,0,0,0,0,0
2,5,0,1,-1,0,-1,0,1,1,1,1,0,0
_____________________________________________________
_____________________________________________________
126,5,0.0000,
2,5,0,1,-1,0,-1,0,1,1,1,1,0,0
1,5,0,1,-1,0,-1,0,1,1,1,1,1,0
_____________________________________________________
_____________________________________________________
127,5,0.0000,
1,5,0,1,-1,0,-1,0,1,1,1,1,1,0
1,6,1,1,-1,0,-1,0,1,1,1,1,1,1
_____________________________________________________
_____________________________________________________
128,5,0.0000,
1,6,1,1,-1,0,-1,0,1,1,1,1,1,1
1,6,1,1,-1,1,-1,0,1,1,1,1,1,1
_____________________________________________________
_____________________________________________________
129,5,0.0000,
1,6,1,1,-1,1,-1,0,1,1,1,1,1,1
1,6,1,1,-1,1,-1,0,1,1,1,1,1,1
_____________________________________________________
_____________________________________________________
130,5,0.0000,
1,6,1,1,-1,1,-1,0,1,1,1,1,1,1
1,6,1,1,-1,1,-1,0,1,1,1,1,1,1
_____________________________________________________
_____________________________________________________
131,5,0.0000,
1,6,1,1,-1,1,-1,0,1,1,1,1,1,1
1,6,1,1,-1,1,-1,0,1,1,1,1,1,1
_____________________________________________________
_____________________________________________________
132,5,0.0000,
1,6,1,1,-1,1,-1,0,1,1,1,1,1,1
1,6,1,1,-1,1,-1,0,1,1,1,1,1,1
_____________________________________________________
_____________________________________________________
133,5,0.0000,
1,6,1,1,-1,1,-1,0,1,1,1,1,1,1
1,6,1,1,-1,1,-1,0,1,1,1,1,1,1
_____________________________________________________
_____________________________________________________
134,5,0.0000,
1,6,1,1,-1,1,-1,0,1,1,1,1,1,1
1,6,1,1,-1,1,-1,0,1,1,1,1,1,1
_____________________________________________________
_____________________________________________________
135,5,0.0000,
1,6,1,1,-1,1,-1,0,1,1,1,1,1,1
0,7,1,1,-1,1,-1,0,1,1,1,1,1,1
_____________________________________________________
_____________________________________________________
136,0,0.0000,
0,7,1,1,-1,1,-1,0,1,1,1,1,1,1
0,7,1,1,-1,1,-1,0,1,1,1,1,1,1
_____________________________________________________
_____________________________________________________
137,0,0.0000,
0,7,1,1,-1,1,-1,0,1,1,1,1,1,1
0,7,1,1,-1,1,-1,0,1,1,1,1,1,1
_____________________________________________________
_____________________________________________________
138,0,0.0000,
0,7,1,1,-1,1,-1,0,1,1,1,1,1,1
1,6,1,1,-1,1,-1,0,1,1,1,1,1,1
_____________________________________________________
_____________________________________________________
139,5,0.0000,
1,6,1,1,-1,1,-1,0,1,1,1,1,1,1
0,6,0,0,0,0,0,0,0,0,0,0,0,0
_____________________________________________________
