_____________________________________________________
0,0,0.0000,
0,7,1,1,1,1,1,1,1,1,1,1,1,1
1,6,1,1,1,1,1,1,1,1,1,1,1,1
_____________________________________________________
_____________________________________________________
1,2,0.0000,
1,6,1,1,1,1,1,1,1,1,1,1,1,1
0,7,1,0,1,1,1,0,1,1,1,1,1,1
_____________________________________________________
_____________________________________________________
2,0,0.0000,
0,7,1,0,1,1,1,0,1,1,1,1,1,1
0,7,1,0,1,1,1,0,1,1,1,1,1,1
_____________________________________________________
_____________________________________________________
3,0,0.0000,
0,7,1,0,1,1,1,0,1,1,1,1,1,1
1,6,1,0,1,1,1,0,1,1,1,1,1,1
_____________________________________________________
_____________________________________________________
4,11,0.0000,
1,6,1,0,1,1,1,0,1,1,1,1,1,1
0,7,1,0,1,1,1,0,1,1,1,1,1,1
_____________________________________________________
_____________________________________________________
5,0,0.0000,
0,7,1,0,1,1,1,0,1,1,1,1,1,1
1,6,1,0,1,1,1,0,1,1,1,1,1,1
_____________________________________________________
_____________________________________________________
6,11,0.0000,
1,6,1,0,1,1,1,0,1,1,1,1,1,1
0,7,1,0,1,1,1,0,1,1,1,1,0,1
_____________________________________________________
_____________________________________________________
7,0,0.0000,
0,7,1,0,1,1,1,0,1,1,1,1,0,1
0,7,1,0,1,1,1,0,1,1,1,1,0,1
_____________________________________________________
_____________________________________________________
8,0,0.0000,
0,7,1,0,1,1,1,0,1,1,1,1,0,1
1,6,1,0,1,1,1,0,1,1,1,1,0,1
_____________________________________________________
_____________________________________________________
9,5,0.0000,
1,6,1,0,1,1,1,0,1,1,1,1,0,1
1,6,1,0,1,1,0,0,1,1,1,1,1,1
_____________________________________________________
_____________________________________________________
10,11,0.0000,
1,6,1,0,1,1,0,0,1,1,1,1,1,1
0,7,1,0,1,1,0,0,1,1,1,1,0,1
_____________________________________________________
_____________________________________________________
11,0,0.0000,
0,7,1,0,1,1,0,0,1,1,1,1,0,1
0,7,1,0,1,1,0,0,1,1,1,1,0,1
_____________________________________________________
_____________________________________________________
12,0,0.0000,
0,7,1,0,1,1,0,0,1,1,1,1,0,1
1,6,1,0,1,1,0,0,1,1,1,1,0,1
_____________________________________________________
_____________________________________________________
13,12,0.0000,
1,6,1,0,1,1,0,0,1,1,1,1,0,1
1,6,1,0,0,1,1,1,0,1,0,0,1,1
_____________________________________________________
_____________________________________________________
14,11,0.0000,
1,6,1,0,0,1,1,1,0,1,0,0,1,1
0,7,1,0,0,1,0,1,0,1,0,0,0,1
_____________________________________________________
_____________________________________________________
15,0,0.0000,
0,7,1,0,0,1,0,1,0,1,0,0,0,1
1,6,1,0,0,1,0,1,0,1,0,0,0,1
_____________________________________________________
_____________________________________________________
16,6,0.0000,
1,6,1,0,0,1,0,1,0,1,0,0,0,1
1,6,1,0,0,1,0,0,0,1,0,0,0,1
_____________________________________________________
_____________________________________________________
17,12,0.0000,
1,6,1,0,0,1,0,0,0,1,0,0,0,1
1,6,1,0,0,1,0,0,0,1,0,0,0,0
_____________________________________________________
_____________________________________________________
18,8,0.0000,
1,6,1,0,0,1,0,0,0,1,0,0,0,0
1,6,1,0,0,1,0,0,0,0,0,0,0,0
_____________________________________________________
_____________________________________________________
19,1,0.0000,
1,6,1,0,0,1,0,0,0,0,0,0,0,0
1,6,0,0,0,0,0,0,0,0,0,0,0,0
_____________________________________________________
_____________________________________________________
20,0,0.0000,
1,6,0,0,0,0,0,0,0,0,0,0,0,0
1,5,0,0,0,0,0,0,0,0,0,0,1,0
_____________________________________________________
_____________________________________________________
21,11,0.0000,
1,5,0,0,0,0,0,0,0,0,0,0,1,0
1,6,0,0,0,0,0,0,0,0,0,0,0,0
_____________________________________________________
_____________________________________________________
22,0,0.0000,
1,6,0,0,0,0,0,0,0,0,0,0,0,0
1,5,0,0,0,0,0,0,0,0,0,0,0,0
_____________________________________________________
_____________________________________________________
23,0,0.0000,
1,5,0,0,0,0,0,0,0,0,0,0,0,0
1,4,0,0,1,0,0,0,1,1,1,1,0,0
_____________________________________________________
_____________________________________________________
24,7,0.0000,
1,4,0,0,1,0,0,0,1,1,1,1,0,0
0,7,0,0,0,0,0,0,0,1,0,0,0,0
_____________________________________________________
_____________________________________________________
25,0,0.0000,
0,7,0,0,0,0,0,0,0,1,0,0,0,0
0,7,0,0,0,0,0,0,0,1,0,0,0,0
_____________________________________________________
_____________________________________________________
26,0,0.0000,
0,7,0,0,0,0,0,0,0,1,0,0,0,0
1,6,0,0,0,0,1,0,0,1,0,0,1,0
_____________________________________________________
_____________________________________________________
27,11,0.0000,
1,6,0,0,0,0,1,0,0,1,0,0,1,0
1,6,0,1,0,0,0,0,0,1,0,0,0,0
_____________________________________________________
_____________________________________________________
28,2,0.0000,
1,6,0,1,0,0,0,0,0,1,0,0,0,0
1,6,0,0,0,0,0,0,0,1,0,0,0,0
_____________________________________________________
_____________________________________________________
29,8,0.0000,
1,6,0,0,0,0,0,0,0,1,0,0,0,0
0,7,0,0,0,0,1,0,0,0,0,0,0,0
_____________________________________________________
_____________________________________________________
30,0,0.0000,
0,7,0,0,0,0,1,0,0,0,0,0,0,0
0,7,0,0,1,0,1,0,0,0,0,0,0,0
_____________________________________________________
_____________________________________________________
31,0,0.0000,
0,7,0,0,1,0,1,0,0,0,0,0,0,0
1,6,0,1,1,0,1,0,0,0,0,0,0,0
_____________________________________________________
_____________________________________________________
32,5,0.0000,
1,6,0,1,1,0,1,0,0,0,0,0,0,0
1,6,0,1,0,0,0,0,0,0,0,0,0,0
_____________________________________________________
_____________________________________________________
33,2,0.0000,
1,6,0,1,0,0,0,0,0,0,0,0,0,0
1,6,0,0,1,0,1,0,0,0,0,1,0,0
_____________________________________________________
_____________________________________________________
34,5,0.0000,
1,6,0,0,1,0,1,0,0,0,0,1,0,0
0,7,0,0,0,0,0,1,0,0,0,1,0,0
_____________________________________________________
_____________________________________________________
35,0,0.0000,
0,7,0,0,0,0,0,1,0,0,0,1,0,0
1,6,0,0,0,0,0,1,0,0,0,1,0,0
_____________________________________________________
_____________________________________________________
36,6,0.0000,
1,6,0,0,0,0,0,1,0,0,0,1,0,0
1,6,0,0,0,1,0,0,0,0,0,0,1,0
_____________________________________________________
_____________________________________________________
37,11,0.0000,
1,6,0,0,0,1,0,0,0,0,0,0,1,0
1,6,0,0,0,0,0,0,0,1,0,0,0,0
_____________________________________________________
_____________________________________________________
38,8,0.0000,
1,6,0,0,0,0,0,0,0,1,0,0,0,0
1,6,0,0,0,0,0,0,0,0,0,0,0,0
_____________________________________________________
_____________________________________________________
39,0,0.0000,
1,6,0,0,0,0,0,0,0,0,0,0,0,0
1,5,0,0,0,0,0,0,1,0,0,0,0,0
_____________________________________________________
_____________________________________________________
40,7,0.0000,
1,5,0,0,0,0,0,0,1,0,0,0,0,0
0,7,0,1,0,0,0,0,0,0,0,0,0,0
_____________________________________________________
_____________________________________________________
41,0,0.0000,
0,7,0,1,0,0,0,0,0,0,0,0,0,0
1,6,0,0,0,0,0,0,1,0,0,0,0,0
_____________________________________________________
_____________________________________________________
42,7,0.0000,
1,6,0,0,0,0,0,0,1,0,0,0,0,0
0,7,0,0,0,0,1,1,0,0,0,1,0,0
_____________________________________________________
_____________________________________________________
43,0,0.0000,
0,7,0,0,0,0,1,1,0,0,0,1,0,0
1,6,0,0,1,1,1,1,0,0,0,1,0,1
_____________________________________________________
_____________________________________________________
44,5,0.0000,
1,6,0,0,1,1,1,1,0,0,0,1,0,1
0,7,1,0,1,0,0,1,0,1,0,0,0,1
_____________________________________________________
_____________________________________________________
45,0,0.0000,
0,7,1,0,1,0,0,1,0,1,0,0,0,1
1,6,1,0,1,0,0,1,1,1,0,0,0,1
_____________________________________________________
_____________________________________________________
46,7,0.0000,
1,6,1,0,1,0,0,1,1,1,0,0,0,1
0,7,1,0,1,0,0,1,0,1,0,1,0,1
_____________________________________________________
_____________________________________________________
47,0,0.0000,
0,7,1,0,1,0,0,1,0,1,0,1,0,1
1,6,1,0,1,1,1,1,0,1,0,1,0,1
_____________________________________________________
_____________________________________________________
48,5,0.0000,
1,6,1,0,1,1,1,1,0,1,0,1,0,1
0,7,1,0,1,0,0,1,0,1,0,0,0,1
_____________________________________________________
_____________________________________________________
49,0,0.0000,
0,7,1,0,1,0,0,1,0,1,0,0,0,1
1,6,1,0,1,0,0,1,0,1,0,1,0,1
_____________________________________________________
_____________________________________________________
50,6,0.0000,
1,6,1,0,1,0,0,1,0,1,0,1,0,1
1,6,1,0,1,1,1,0,0,1,0,1,0,1
_____________________________________________________
_____________________________________________________
51,5,0.0000,
1,6,1,0,1,1,1,0,0,1,0,1,0,1
1,6,1,0,1,0,0,0,0,1,0,0,0,1
_____________________________________________________
_____________________________________________________
52,12,0.0000,
1,6,1,0,1,0,0,0,0,1,0,0,0,1
0,7,1,0,1,0,0,1,0,0,0,0,0,0
_____________________________________________________
_____________________________________________________
53,0,0.0000,
0,7,1,0,1,0,0,1,0,0,0,0,0,0
1,6,1,0,1,0,1,1,0,0,0,1,0,0
_____________________________________________________
_____________________________________________________
54,5,0.0000,
1,6,1,0,1,0,1,1,0,0,0,1,0,0
0,7,1,0,1,0,0,1,0,0,0,0,0,0
_____________________________________________________
_____________________________________________________
55,0,0.0000,
0,7,1,0,1,0,0,1,0,0,0,0,0,0
0,7,0,0,1,0,1,1,0,0,1,1,1,0
_____________________________________________________
_____________________________________________________
56,0,0.0000,
0,7,0,0,1,0,1,1,0,0,1,1,1,0
1,6,0,0,1,0,1,1,0,0,1,1,1,0
_____________________________________________________
_____________________________________________________
57,6,0.0000,
1,6,0,0,1,0,1,1,0,0,1,1,1,0
1,6,1,0,1,0,1,0,0,0,1,0,1,0
_____________________________________________________
_____________________________________________________
58,11,0.0000,
1,6,1,0,1,0,1,0,0,0,1,0,1,0
0,7,1,0,1,0,1,0,0,0,1,0,0,0
_____________________________________________________
_____________________________________________________
59,0,0.0000,
0,7,1,0,1,0,1,0,0,0,1,0,0,0
1,6,1,0,1,0,1,1,0,0,1,1,0,0
_____________________________________________________
_____________________________________________________
60,5,0.0000,
1,6,1,0,1,0,1,1,0,0,1,1,0,0
0,7,1,0,0,0,0,1,0,0,1,1,0,0
_____________________________________________________
_____________________________________________________
61,0,0.0000,
0,7,1,0,0,0,0,1,0,0,1,1,0,0
1,6,1,0,0,0,0,1,0,0,1,1,0,0
_____________________________________________________
_____________________________________________________
62,9,0.0000,
1,6,1,0,0,0,0,1,0,0,1,1,0,0
1,6,1,0,0,0,0,1,0,0,0,1,1,0
_____________________________________________________
_____________________________________________________
63,11,0.0000,
1,6,1,0,0,0,0,1,0,0,0,1,1,0
0,7,1,0,1,1,1,1,0,0,0,1,0,0
_____________________________________________________
_____________________________________________________
64,0,0.0000,
0,7,1,0,1,1,1,1,0,0,0,1,0,0
0,7,1,0,1,1,1,1,0,0,0,1,0,0
_____________________________________________________
_____________________________________________________
65,0,0.0000,
0,7,1,0,1,1,1,1,0,0,0,1,0,0
1,6,1,0,1,1,1,1,0,0,1,1,0,0
_____________________________________________________
_____________________________________________________
66,5,0.0000,
1,6,1,0,1,1,1,1,0,0,1,1,0,0
0,7,1,0,0,1,0,1,0,0,1,1,1,0
_____________________________________________________
_____________________________________________________
67,0,0.0000,
0,7,1,0,0,1,0,1,0,0,1,1,1,0
0,7,1,0,0,1,0,1,0,0,1,1,1,0
_____________________________________________________
_____________________________________________________
68,0,0.0000,
0,7,1,0,0,1,0,1,0,0,1,1,1,0
1,6,1,0,0,1,0,1,0,0,1,1,1,0
_____________________________________________________
_____________________________________________________
69,11,0.0000,
1,6,1,0,0,1,0,1,0,0,1,1,1,0
1,6,1,0,0,1,0,1,0,1,1,1,0,1
_____________________________________________________
_____________________________________________________
70,6,0.0000,
1,6,1,0,0,1,0,1,0,1,1,1,0,1
1,6,1,0,0,1,0,0,0,1,1,0,1,1
_____________________________________________________
_____________________________________________________
71,11,0.0000,
1,6,1,0,0,1,0,0,0,1,1,0,1,1
0,7,1,0,1,1,0,1,0,1,1,1,0,1
_____________________________________________________
_____________________________________________________
72,0,0.0000,
0,7,1,0,1,1,0,1,0,1,1,1,0,1
1,6,1,0,1,1,0,1,0,1,1,1,0,1
_____________________________________________________
_____________________________________________________
73,6,0.0000,
1,6,1,0,1,1,0,1,0,1,1,1,0,1
0,7,1,0,1,1,0,0,0,1,1,0,0,0
_____________________________________________________
_____________________________________________________
74,0,0.0000,
0,7,1,0,1,1,0,0,0,1,1,0,0,0
1,6,1,0,1,1,0,0,0,1,1,0,0,1
_____________________________________________________
_____________________________________________________
75,12,0.0000,
1,6,1,0,1,1,0,0,0,1,1,0,0,1
1,6,1,1,1,1,1,0,1,1,1,0,1,0
_____________________________________________________
_____________________________________________________
76,11,0.0000,
1,6,1,1,1,1,1,0,1,1,1,0,1,0
1,6,1,0,1,1,0,0,0,1,1,0,0,0
_____________________________________________________
_____________________________________________________
77,9,0.0000,
1,6,1,0,1,1,0,0,0,1,1,0,0,0
1,6,1,0,1,1,0,0,0,0,0,0,0,1
_____________________________________________________
_____________________________________________________
78,12,0.0000,
1,6,1,0,1,1,0,0,0,0,0,0,0,1
1,6,1,0,1,1,0,0,0,0,0,0,0,0
_____________________________________________________
_____________________________________________________
79,1,0.0000,
1,6,1,0,1,1,0,0,0,0,0,0,0,0
1,6,0,0,1,0,0,0,0,0,0,0,0,0
_____________________________________________________
_____________________________________________________
80,3,0.0000,
1,6,0,0,1,0,0,0,0,0,0,0,0,0
0,7,0,0,0,0,0,0,0,0,0,0,1,0
_____________________________________________________
_____________________________________________________
81,0,0.0000,
0,7,0,0,0,0,0,0,0,0,0,0,1,0
1,6,0,1,0,0,1,1,1,0,0,1,1,1
_____________________________________________________
_____________________________________________________
82,11,0.0000,
1,6,0,1,0,0,1,1,1,0,0,1,1,1
0,7,0,0,0,0,0,1,0,0,0,1,0,1
_____________________________________________________
_____________________________________________________
83,0,0.0000,
0,7,0,0,0,0,0,1,0,0,0,1,0,1
1,6,0,0,1,0,1,1,1,0,0,0,1,1
_____________________________________________________
_____________________________________________________
84,11,0.0000,
1,6,0,0,1,0,1,1,1,0,0,0,1,1
1,6,0,0,1,1,1,1,1,0,0,0,0,1
_____________________________________________________
_____________________________________________________
85,5,0.0000,
1,6,0,0,1,1,1,1,1,0,0,0,0,1
1,6,0,0,1,1,0,1,1,0,0,0,0,1
_____________________________________________________
_____________________________________________________
86,7,0.0000,
1,6,0,0,1,1,0,1,1,0,0,0,0,1
1,6,0,0,1,1,0,0,0,0,0,0,1,1
_____________________________________________________
_____________________________________________________
87,11,0.0000,
1,6,0,0,1,1,0,0,0,0,0,0,1,1
1,6,0,1,1,1,0,0,0,0,0,1,0,1
_____________________________________________________
_____________________________________________________
88,2,0.0000,
1,6,0,1,1,1,0,0,0,0,0,1,0,1
1,6,0,0,1,1,0,0,0,0,0,0,0,1
_____________________________________________________
_____________________________________________________
89,12,0.0000,
1,6,0,0,1,1,0,0,0,0,0,0,0,1
0,7,0,0,1,0,0,0,0,0,0,0,0,0
_____________________________________________________
_____________________________________________________
90,0,0.0000,
0,7,0,0,1,0,0,0,0,0,0,0,0,0
1,6,0,0,1,1,1,0,1,0,0,0,0,1
_____________________________________________________
_____________________________________________________
91,7,0.0000,
1,6,0,0,1,1,1,0,1,0,0,0,0,1
1,6,0,0,1,1,1,0,0,0,0,0,0,1
_____________________________________________________
_____________________________________________________
92,5,0.0000,
1,6,0,0,1,1,1,0,0,0,0,0,0,1
1,6,0,0,1,1,0,0,0,0,0,0,0,1
_____________________________________________________
_____________________________________________________
93,12,0.0000,
1,6,0,0,1,1,0,0,0,0,0,0,0,1
1,6,0,0,1,0,0,0,0,0,0,0,0,0
_____________________________________________________
_____________________________________________________
94,3,0.0000,
1,6,0,0,1,0,0,0,0,0,0,0,0,0
1,6,0,0,0,0,0,0,0,0,0,0,1,0
_____________________________________________________
_____________________________________________________
95,11,0.0000,
1,6,0,0,0,0,0,0,0,0,0,0,1,0
0,7,0,0,1,1,0,0,1,0,0,0,0,1
_____________________________________________________
_____________________________________________________
96,0,0.0000,
0,7,0,0,1,1,0,0,1,0,0,0,0,1
1,6,0,0,1,1,0,1,1,0,0,0,0,1
_____________________________________________________
_____________________________________________________
97,7,0.0000,
1,6,0,0,1,1,0,1,1,0,0,0,0,1
1,6,0,1,0,1,0,0,1,0,0,1,1,0
_____________________________________________________
_____________________________________________________
98,11,0.0000,
1,6,0,1,0,1,0,0,1,0,0,1,1,0
1,6,0,1,0,1,0,0,1,0,0,1,0,0
_____________________________________________________
_____________________________________________________
99,7,0.0000,
1,6,0,1,0,1,0,0,1,0,0,1,0,0
0,7,0,0,0,0,0,0,0,0,0,1,0,1
_____________________________________________________
_____________________________________________________
100,0,0.0000,
0,7,0,0,0,0,0,0,0,0,0,1,0,1
1,6,0,0,0,0,0,1,0,1,0,1,0,1
_____________________________________________________
_____________________________________________________
101,6,0.0000,
1,6,0,0,0,0,0,1,0,1,0,1,0,1
0,7,0,0,0,0,0,0,0,1,1,1,0,1
_____________________________________________________
_____________________________________________________
102,0,0.0000,
0,7,0,0,0,0,0,0,0,1,1,1,0,1
1,6,0,0,0,0,0,0,0,1,1,1,0,1
_____________________________________________________
_____________________________________________________
103,12,0.0000,
1,6,0,0,0,0,0,0,0,1,1,1,0,1
1,6,0,0,0,0,0,0,0,0,1,1,0,0
_____________________________________________________
_____________________________________________________
104,9,0.0000,
1,6,0,0,0,0,0,0,0,0,1,1,0,0
1,6,0,0,0,0,0,0,1,0,0,1,0,0
_____________________________________________________
_____________________________________________________
105,7,0.0000,
1,6,0,0,0,0,0,0,1,0,0,1,0,0
1,6,1,0,1,0,0,0,0,1,0,1,0,1
_____________________________________________________
_____________________________________________________
106,12,0.0000,
1,6,1,0,1,0,0,0,0,1,0,1,0,1
1,6,1,0,1,0,0,0,0,0,1,1,0,0
_____________________________________________________
_____________________________________________________
107,9,0.0000,
1,6,1,0,1,0,0,0,0,0,1,1,0,0
1,6,1,0,1,0,0,0,0,0,0,1,1,1
_____________________________________________________
_____________________________________________________
108,11,0.0000,
1,6,1,0,1,0,0,0,0,0,0,1,1,1
1,6,1,0,1,0,0,0,0,1,0,1,0,1
_____________________________________________________
_____________________________________________________
109,12,0.0000,
1,6,1,0,1,0,0,0,0,1,0,1,0,1
0,7,1,0,1,0,0,0,0,0,0,1,0,0
_____________________________________________________
_____________________________________________________
110,0,0.0000,
0,7,1,0,1,0,0,0,0,0,0,1,0,0
0,7,1,0,1,0,0,0,0,0,0,1,0,0
_____________________________________________________
_____________________________________________________
111,0,0.0000,
0,7,1,0,1,0,0,0,0,0,0,1,0,0
1,6,0,1,1,0,0,1,1,0,1,1,0,0
_____________________________________________________
_____________________________________________________
112,7,0.0000,
1,6,0,1,1,0,0,1,1,0,1,1,0,0
1,6,0,1,1,1,1,1,1,0,1,1,0,1
_____________________________________________________
_____________________________________________________
113,5,0.0000,
1,6,0,1,1,1,1,1,1,0,1,1,0,1
0,7,0,1,1,1,0,1,1,0,1,1,0,1
_____________________________________________________
_____________________________________________________
114,0,0.0000,
0,7,0,1,1,1,0,1,1,0,1,1,0,1
0,7,0,1,1,1,0,1,1,0,1,1,0,1
_____________________________________________________
_____________________________________________________
115,0,0.0000,
0,7,0,1,1,1,0,1,1,0,1,1,0,1
1,6,0,1,1,1,0,1,1,0,1,1,0,1
_____________________________________________________
_____________________________________________________
116,7,0.0000,
1,6,0,1,1,1,0,1,1,0,1,1,0,1
0,7,0,1,1,1,0,1,0,0,1,1,1,1
_____________________________________________________
_____________________________________________________
117,0,0.0000,
0,7,0,1,1,1,0,1,0,0,1,1,1,1
1,6,1,1,1,1,0,1,1,0,1,1,1,1
_____________________________________________________
_____________________________________________________
118,11,0.0000,
1,6,1,1,1,1,0,1,1,0,1,1,1,1
1,6,0,1,1,1,0,1,1,0,1,1,0,1
_____________________________________________________
_____________________________________________________
119,7,0.0000,
1,6,0,1,1,1,0,1,1,0,1,1,0,1
1,6,0,1,1,1,0,1,0,0,1,1,0,1
_____________________________________________________
_____________________________________________________
120,6,0.0000,
1,6,0,1,1,1,0,1,0,0,1,1,0,1
0,7,0,0,1,1,0,0,0,1,1,1,0,1
_____________________________________________________
_____________________________________________________
121,0,0.0000,
0,7,0,0,1,1,0,0,0,1,1,1,0,1
0,7,0,0,1,1,0,0,0,1,1,1,0,1
_____________________________________________________
_____________________________________________________
122,0,0.0000,
0,7,0,0,1,1,0,0,0,1,1,1,0,1
1,6,0,0,1,1,1,0,1,1,1,1,0,1
_____________________________________________________
_____________________________________________________
123,5,0.0000,
1,6,0,0,1,1,1,0,1,1,1,1,0,1
0,7,0,0,1,1,0,0,1,1,1,1,0,1
_____________________________________________________
_____________________________________________________
124,0,0.0000,
0,7,0,0,1,1,0,0,1,1,1,1,0,1
0,7,0,0,1,1,0,0,1,1,1,1,0,1
_____________________________________________________
_____________________________________________________
125,0,0.0000,
0,7,0,0,1,1,0,0,1,1,1,1,0,1
0,7,1,1,1,0,1,0,1,0,1,1,1,1
_____________________________________________________
_____________________________________________________
126,0,0.0000,
0,7,1,1,1,0,1,0,1,0,1,1,1,1
0,7,1,1,1,0,1,0,1,0,1,1,1,1
_____________________________________________________
_____________________________________________________
127,0,0.0000,
0,7,1,1,1,0,1,0,1,0,1,1,1,1
1,6,1,1,1,0,1,0,1,0,1,1,1,1
_____________________________________________________
_____________________________________________________
128,11,0.0000,
1,6,1,1,1,0,1,0,1,0,1,1,1,1
1,6,1,1,1,0,1,0,1,1,0,1,0,1
_____________________________________________________
_____________________________________________________
129,5,0.0000,
1,6,1,1,1,0,1,0,1,1,0,1,0,1
0,7,1,0,1,0,0,1,1,1,0,1,0,1
_____________________________________________________
_____________________________________________________
130,0,0.0000,
0,7,1,0,1,0,0,1,1,1,0,1,0,1
0,7,1,0,1,0,0,1,1,1,1,1,1,1
_____________________________________________________
_____________________________________________________
131,0,0.0000,
0,7,1,0,1,0,0,1,1,1,1,1,1,1
1,6,1,0,1,0,0,1,1,1,1,1,1,1
_____________________________________________________
_____________________________________________________
132,11,0.0000,
1,6,1,0,1,0,0,1,1,1,1,1,1,1
1,6,1,0,1,0,0,1,1,1,0,1,0,1
_____________________________________________________
_____________________________________________________
133,7,0.0000,
1,6,1,0,1,0,0,1,1,1,0,1,0,1
0,7,1,0,1,0,0,1,0,1,0,1,0,1
_____________________________________________________
_____________________________________________________
134,0,0.0000,
0,7,1,0,1,0,0,1,0,1,0,1,0,1
0,7,1,0,1,0,0,1,0,1,0,1,0,1
_____________________________________________________
_____________________________________________________
135,0,0.0000,
0,7,1,0,1,0,0,1,0,1,0,1,0,1
0,7,1,1,1,0,1,1,1,1,0,1,0,1
_____________________________________________________
_____________________________________________________
136,0,0.0000,
0,7,1,1,1,0,1,1,1,1,0,1,0,1
1,6,1,1,1,0,1,1,1,1,0,1,0,1
_____________________________________________________
_____________________________________________________
137,5,0.0000,
1,6,1,1,1,0,1,1,1,1,0,1,0,1
1,6,1,0,1,0,0,1,1,1,0,1,0,1
_____________________________________________________
_____________________________________________________
138,7,0.0000,
1,6,1,0,1,0,0,1,1,1,0,1,0,1
0,7,1,0,1,0,0,1,0,1,0,1,0,1
_____________________________________________________
_____________________________________________________
139,0,0.0000,
0,7,1,0,1,0,0,1,0,1,0,1,0,1
0,7,0,0,0,0,0,0,0,0,0,0,0,0
_____________________________________________________
