_____________________________________________________
0,5,0.0000,
2,6,1,1,1,1,1,1,1,1,1,1,0,0
2,5,1,0,1,1,0,1,1,1,1,1,0,0
_____________________________________________________
_____________________________________________________
1,7,0.0000,
2,5,1,0,1,1,0,1,1,1,1,1,0,0
2,5,1,0,1,0,0,1,0,1,1,0,0,0
_____________________________________________________
_____________________________________________________
2,6,0.0000,
2,5,1,0,1,0,0,1,0,1,1,0,0,0
2,5,1,0,1,0,0,0,0,1,1,0,0,0
_____________________________________________________
_____________________________________________________
3,9,0.0000,
2,5,1,0,1,0,0,0,0,1,1,0,0,0
1,5,1,0,1,0,0,0,0,1,1,0,0,0
_____________________________________________________
_____________________________________________________
4,9,0.0000,
1,5,1,0,1,0,0,0,0,1,1,0,0,0
0,7,1,0,1,0,0,0,0,0,0,0,0,1
_____________________________________________________
_____________________________________________________
5,0,0.0000,
0,7,1,0,1,0,0,0,0,0,0,0,0,1
1,6,1,0,1,0,0,1,0,0,0,0,1,1
_____________________________________________________
_____________________________________________________
6,11,0.0000,
1,6,1,0,1,0,0,1,0,0,0,0,1,1
0,7,1,0,1,0,0,1,0,0,1,0,0,0
_____________________________________________________
_____________________________________________________
7,0,0.0000,
0,7,1,0,1,0,0,1,0,0,1,0,0,0
1,6,1,0,1,0,0,1,0,1,1,0,0,0
_____________________________________________________
_____________________________________________________
8,6,0.0000,
1,6,1,0,1,0,0,1,0,1,1,0,0,0
1,6,1,0,1,0,0,0,0,1,1,0,1,1
_____________________________________________________
_____________________________________________________
9,11,0.0000,
1,6,1,0,1,0,0,0,0,1,1,0,1,1
0,7,1,0,1,0,0,0,0,1,1,0,0,0
_____________________________________________________
_____________________________________________________
10,0,0.0000,
0,7,1,0,1,0,0,0,0,1,1,0,0,0
1,6,1,0,1,0,0,1,0,1,1,0,0,0
_____________________________________________________
_____________________________________________________
11,9,0.0000,
1,6,1,0,1,0,0,1,0,1,1,0,0,0
1,6,1,0,1,0,0,1,0,0,0,0,1,1
_____________________________________________________
_____________________________________________________
12,11,0.0000,
1,6,1,0,1,0,0,1,0,0,0,0,1,1
1,6,1,0,1,0,0,1,0,1,1,0,0,0
_____________________________________________________
_____________________________________________________
13,6,0.0000,
1,6,1,0,1,0,0,1,0,1,1,0,0,0
1,6,0,1,0,1,0,0,0,0,1,1,0,0
_____________________________________________________
_____________________________________________________
14,2,0.0000,
1,6,0,1,0,1,0,0,0,0,1,1,0,0
0,7,0,0,0,1,0,0,0,0,1,0,0,0
_____________________________________________________
_____________________________________________________
15,0,0.0000,
0,7,0,0,0,1,0,0,0,0,1,0,0,0
0,7,0,0,0,1,0,0,0,0,1,0,0,0
_____________________________________________________
_____________________________________________________
16,0,0.0000,
0,7,0,0,0,1,0,0,0,0,1,0,0,0
0,7,0,0,0,1,0,0,1,0,1,0,1,0
_____________________________________________________
_____________________________________________________
17,0,0.0000,
0,7,0,0,0,1,0,0,1,0,1,0,1,0
1,6,0,0,0,1,0,0,1,0,1,1,1,0
_____________________________________________________
_____________________________________________________
18,11,0.0000,
1,6,0,0,0,1,0,0,1,0,1,1,1,0
1,6,0,1,0,1,0,1,0,0,1,1,0,0
_____________________________________________________
_____________________________________________________
19,6,0.0000,
1,6,0,1,0,1,0,1,0,0,1,1,0,0
0,7,0,1,0,1,0,0,0,0,1,1,0,1
_____________________________________________________
_____________________________________________________
20,0,0.0000,
0,7,0,1,0,1,0,0,0,0,1,1,0,1
1,6,0,1,0,1,0,0,0,0,1,1,0,1
_____________________________________________________
_____________________________________________________
21,2,0.0000,
1,6,0,1,0,1,0,0,0,0,1,1,0,1
0,7,0,0,1,1,0,1,0,0,1,0,0,1
_____________________________________________________
_____________________________________________________
22,0,0.0000,
0,7,0,0,1,1,0,1,0,0,1,0,0,1
1,6,0,0,1,1,0,1,0,0,1,0,0,1
_____________________________________________________
_____________________________________________________
23,6,0.0000,
1,6,0,0,1,1,0,1,0,0,1,0,0,1
1,6,0,0,0,1,0,0,1,0,1,0,1,1
_____________________________________________________
_____________________________________________________
24,11,0.0000,
1,6,0,0,0,1,0,0,1,0,1,0,1,1
1,6,0,0,0,1,0,1,0,0,1,1,0,1
_____________________________________________________
_____________________________________________________
25,6,0.0000,
1,6,0,0,0,1,0,1,0,0,1,1,0,1
1,6,0,1,0,1,0,0,0,0,1,1,0,1
_____________________________________________________
_____________________________________________________
26,2,0.0000,
1,6,0,1,0,1,0,0,0,0,1,1,0,1
0,7,0,0,0,1,0,0,0,0,1,0,0,1
_____________________________________________________
_____________________________________________________
27,0,0.0000,
0,7,0,0,0,1,0,0,0,0,1,0,0,1
0,7,0,0,0,0,1,0,0,0,0,0,0,0
_____________________________________________________
_____________________________________________________
28,0,0.0000,
0,7,0,0,0,0,1,0,0,0,0,0,0,0
0,7,0,0,0,0,1,0,0,0,0,0,0,0
_____________________________________________________
_____________________________________________________
29,0,0.0000,
0,7,0,0,0,0,1,0,0,0,0,0,0,0
0,7,0,0,0,0,1,0,0,0,0,1,0,0
_____________________________________________________
_____________________________________________________
30,0,0.0000,
0,7,0,0,0,0,1,0,0,0,0,1,0,0
1,6,0,0,0,0,1,0,0,0,0,1,0,0
_____________________________________________________
_____________________________________________________
31,5,0.0000,
1,6,0,0,0,0,1,0,0,0,0,1,0,0
1,6,0,0,0,0,0,0,0,0,0,1,0,0
_____________________________________________________
_____________________________________________________
32,10,0.0000,
1,6,0,0,0,0,0,0,0,0,0,1,0,0
0,7,1,0,0,0,0,0,0,0,0,0,1,0
_____________________________________________________
_____________________________________________________
33,0,0.0000,
0,7,1,0,0,0,0,0,0,0,0,0,1,0
0,7,1,0,0,0,0,0,0,0,0,0,1,0
_____________________________________________________
_____________________________________________________
34,0,0.0000,
0,7,1,0,0,0,0,0,0,0,0,0,1,0
0,7,1,0,0,0,0,0,0,0,0,0,1,0
_____________________________________________________
_____________________________________________________
35,0,0.0000,
0,7,1,0,0,0,0,0,0,0,0,0,1,0
0,7,1,0,0,0,0,0,0,0,0,0,1,0
_____________________________________________________
_____________________________________________________
36,0,0.0000,
0,7,1,0,0,0,0,0,0,0,0,0,1,0
0,7,1,0,0,0,0,0,0,0,0,0,1,0
_____________________________________________________
_____________________________________________________
37,0,0.0000,
0,7,1,0,0,0,0,0,0,0,0,0,1,0
1,6,1,0,0,0,0,0,0,0,0,0,1,0
_____________________________________________________
_____________________________________________________
38,11,0.0000,
1,6,1,0,0,0,0,0,0,0,0,0,1,0
0,7,0,0,0,0,0,0,0,0,0,0,0,0
_____________________________________________________
_____________________________________________________
39,0,0.0000,
0,7,0,0,0,0,0,0,0,0,0,0,0,0
0,7,0,0,0,0,0,0,0,0,0,0,0,0
_____________________________________________________
_____________________________________________________
40,0,0.0000,
0,7,0,0,0,0,0,0,0,0,0,0,0,0
1,6,0,0,0,0,0,0,0,0,0,0,0,0
_____________________________________________________
_____________________________________________________
41,0,0.0000,
1,6,0,0,0,0,0,0,0,0,0,0,0,0
1,5,0,0,1,1,0,0,0,0,0,0,0,0
_____________________________________________________
_____________________________________________________
42,3,0.0000,
1,5,0,0,1,1,0,0,0,0,0,0,0,0
0,7,0,0,0,1,0,0,0,0,0,0,0,0
_____________________________________________________
_____________________________________________________
43,0,0.0000,
0,7,0,0,0,1,0,0,0,0,0,0,0,0
1,6,0,0,0,1,0,0,0,0,0,0,0,0
_____________________________________________________
_____________________________________________________
44,0,0.0000,
1,6,0,0,0,1,0,0,0,0,0,0,0,0
1,5,0,0,0,1,0,1,0,0,0,0,0,0
_____________________________________________________
_____________________________________________________
45,6,0.0000,
1,5,0,0,0,1,0,1,0,0,0,0,0,0
1,6,0,0,0,1,0,0,0,0,0,0,0,1
_____________________________________________________
_____________________________________________________
46,12,0.0000,
1,6,0,0,0,1,0,0,0,0,0,0,0,1
1,6,0,0,0,1,0,0,0,0,1,0,1,0
_____________________________________________________
_____________________________________________________
47,11,0.0000,
1,6,0,0,0,1,0,0,0,0,1,0,1,0
1,6,0,0,0,1,0,0,0,0,0,0,0,0
_____________________________________________________
_____________________________________________________
48,0,0.0000,
1,6,0,0,0,1,0,0,0,0,0,0,0,0
1,5,0,0,0,1,0,0,0,0,0,0,0,0
_____________________________________________________
_____________________________________________________
49,0,0.0000,
1,5,0,0,0,1,0,0,0,0,0,0,0,0
1,4,0,0,0,1,0,0,0,0,0,0,0,0
_____________________________________________________
_____________________________________________________
50,0,0.0000,
1,4,0,0,0,1,0,0,0,0,0,0,0,0
1,3,0,0,0,1,0,1,0,1,0,0,0,0
_____________________________________________________
_____________________________________________________
51,6,0.0000,
1,3,0,0,0,1,0,1,0,1,0,0,0,0
0,7,0,0,0,1,0,0,0,1,0,0,0,0
_____________________________________________________
_____________________________________________________
52,0,0.0000,
0,7,0,0,0,1,0,0,0,1,0,0,0,0
0,7,0,0,0,1,0,0,0,1,0,1,0,1
_____________________________________________________
_____________________________________________________
53,0,0.0000,
0,7,0,0,0,1,0,0,0,1,0,1,0,1
1,6,0,0,0,1,0,0,0,1,0,1,1,1
_____________________________________________________
_____________________________________________________
54,11,0.0000,
1,6,0,0,0,1,0,0,0,1,0,1,1,1
1,6,0,0,0,1,0,1,0,1,0,1,0,1
_____________________________________________________
_____________________________________________________
55,6,0.0000,
1,6,0,0,0,1,0,1,0,1,0,1,0,1
0,7,0,1,1,1,0,0,0,1,0,0,0,1
_____________________________________________________
_____________________________________________________
56,0,0.0000,
0,7,0,1,1,1,0,0,0,1,0,0,0,1
1,6,0,1,1,1,0,0,0,0,0,0,1,1
_____________________________________________________
_____________________________________________________
57,11,0.0000,
1,6,0,1,1,1,0,0,0,0,0,0,1,1
0,7,0,1,1,0,0,0,0,0,0,0,0,1
_____________________________________________________
_____________________________________________________
58,0,0.0000,
0,7,0,1,1,0,0,0,0,0,0,0,0,1
1,6,1,1,1,0,0,0,0,0,0,1,0,1
_____________________________________________________
_____________________________________________________
59,2,0.0000,
1,6,1,1,1,0,0,0,0,0,0,1,0,1
1,6,1,0,1,0,0,0,0,1,0,1,0,1
_____________________________________________________
_____________________________________________________
60,12,0.0000,
1,6,1,0,1,0,0,0,0,1,0,1,0,1
0,7,1,0,1,1,0,0,0,1,0,1,0,0
_____________________________________________________
_____________________________________________________
61,0,0.0000,
0,7,1,0,1,1,0,0,0,1,0,1,0,0
1,6,1,0,1,1,1,1,1,1,0,1,1,0
_____________________________________________________
_____________________________________________________
62,5,0.0000,
1,6,1,0,1,1,1,1,1,1,0,1,1,0
0,7,1,0,1,1,0,0,0,1,0,1,1,0
_____________________________________________________
_____________________________________________________
63,0,0.0000,
0,7,1,0,1,1,0,0,0,1,0,1,1,0
0,7,1,0,1,1,0,0,0,1,0,1,1,0
_____________________________________________________
_____________________________________________________
64,0,0.0000,
0,7,1,0,1,1,0,0,0,1,0,1,1,0
0,7,1,0,1,1,0,0,0,1,0,0,1,0
_____________________________________________________
_____________________________________________________
65,0,0.0000,
0,7,1,0,1,1,0,0,0,1,0,0,1,0
0,7,1,0,1,1,0,0,0,1,0,0,1,0
_____________________________________________________
_____________________________________________________
66,0,0.0000,
0,7,1,0,1,1,0,0,0,1,0,0,1,0
0,7,1,0,1,1,1,1,1,1,0,0,1,0
_____________________________________________________
_____________________________________________________
67,0,0.0000,
0,7,1,0,1,1,1,1,1,1,0,0,1,0
1,6,1,0,1,1,1,1,1,1,0,0,1,0
_____________________________________________________
_____________________________________________________
68,5,0.0000,
1,6,1,0,1,1,1,1,1,1,0,0,1,0
0,7,1,0,1,1,0,0,0,1,0,0,1,0
_____________________________________________________
_____________________________________________________
69,0,0.0000,
0,7,1,0,1,1,0,0,0,1,0,0,1,0
0,7,0,1,1,1,0,0,1,1,1,0,1,0
_____________________________________________________
_____________________________________________________
70,0,0.0000,
0,7,0,1,1,1,0,0,1,1,1,0,1,0
0,7,0,1,1,0,0,0,0,1,0,0,1,0
_____________________________________________________
_____________________________________________________
71,0,0.0000,
0,7,0,1,1,0,0,0,0,1,0,0,1,0
1,6,0,0,0,1,0,0,1,1,1,0,1,0
_____________________________________________________
_____________________________________________________
72,11,0.0000,
1,6,0,0,0,1,0,0,1,1,1,0,1,0
1,6,0,1,1,1,0,0,1,1,1,0,1,0
_____________________________________________________
_____________________________________________________
73,11,0.0000,
1,6,0,1,1,1,0,0,1,1,1,0,1,0
1,6,0,1,1,1,0,0,1,1,1,0,0,0
_____________________________________________________
_____________________________________________________
74,7,0.0000,
1,6,0,1,1,1,0,0,1,1,1,0,0,0
1,6,0,0,0,0,0,0,0,1,0,0,0,0
_____________________________________________________
_____________________________________________________
75,8,0.0000,
1,6,0,0,0,0,0,0,0,1,0,0,0,0
1,6,0,0,0,0,0,0,0,0,1,0,0,0
_____________________________________________________
_____________________________________________________
76,9,0.0000,
1,6,0,0,0,0,0,0,0,0,1,0,0,0
0,7,0,0,0,0,0,0,0,0,0,1,0,0
_____________________________________________________
_____________________________________________________
77,0,0.0000,
0,7,0,0,0,0,0,0,0,0,0,1,0,0
0,7,0,0,0,1,1,1,1,0,1,1,1,0
_____________________________________________________
_____________________________________________________
78,0,0.0000,
0,7,0,0,0,1,1,1,1,0,1,1,1,0
0,7,0,1,1,1,1,1,1,0,1,1,1,0
_____________________________________________________
_____________________________________________________
79,0,0.0000,
0,7,0,1,1,1,1,1,1,0,1,1,1,0
0,7,0,1,1,1,1,1,1,0,1,1,1,0
_____________________________________________________
_____________________________________________________
80,0,0.0000,
0,7,0,1,1,1,1,1,1,0,1,1,1,0
1,6,0,1,1,0,1,1,0,0,0,1,1,0
_____________________________________________________
_____________________________________________________
81,11,0.0000,
1,6,0,1,1,0,1,1,0,0,0,1,1,0
0,7,0,0,0,0,1,1,1,0,1,1,0,0
_____________________________________________________
_____________________________________________________
82,0,0.0000,
0,7,0,0,0,0,1,1,1,0,1,1,0,0
1,6,0,1,1,1,1,1,1,0,1,1,0,0
_____________________________________________________
_____________________________________________________
83,5,0.0000,
1,6,0,1,1,1,1,1,1,0,1,1,0,0
0,7,0,0,0,0,0,0,1,0,0,1,1,0
_____________________________________________________
_____________________________________________________
84,0,0.0000,
0,7,0,0,0,0,0,0,1,0,0,1,1,0
0,7,0,0,0,0,0,0,1,0,0,1,1,0
_____________________________________________________
_____________________________________________________
85,0,0.0000,
0,7,0,0,0,0,0,0,1,0,0,1,1,0
1,6,0,0,0,0,0,1,1,0,0,1,1,0
_____________________________________________________
_____________________________________________________
86,11,0.0000,
1,6,0,0,0,0,0,1,1,0,0,1,1,0
0,7,0,0,0,0,0,1,0,0,0,0,0,0
_____________________________________________________
_____________________________________________________
87,0,0.0000,
0,7,0,0,0,0,0,1,0,0,0,0,0,0
1,6,0,0,0,0,0,1,0,0,0,0,0,0
_____________________________________________________
_____________________________________________________
88,6,0.0000,
1,6,0,0,0,0,0,1,0,0,0,0,0,0
0,7,0,0,0,1,0,0,1,0,0,1,1,0
_____________________________________________________
_____________________________________________________
89,0,0.0000,
0,7,0,0,0,1,0,0,1,0,0,1,1,0
1,6,0,0,0,1,0,0,1,0,0,1,1,0
_____________________________________________________
_____________________________________________________
90,11,0.0000,
1,6,0,0,0,1,0,0,1,0,0,1,1,0
0,7,0,0,0,1,0,0,1,0,0,1,1,0
_____________________________________________________
_____________________________________________________
91,0,0.0000,
0,7,0,0,0,1,0,0,1,0,0,1,1,0
0,7,0,0,0,1,0,0,1,0,0,1,1,0
_____________________________________________________
_____________________________________________________
92,0,0.0000,
0,7,0,0,0,1,0,0,1,0,0,1,1,0
1,6,0,0,0,1,0,0,1,0,1,1,1,0
_____________________________________________________
_____________________________________________________
93,11,0.0000,
1,6,0,0,0,1,0,0,1,0,1,1,1,0
1,6,1,0,1,1,1,1,0,0,1,0,0,0
_____________________________________________________
_____________________________________________________
94,5,0.0000,
1,6,1,0,1,1,1,1,0,0,1,0,0,0
1,6,0,0,0,1,0,1,0,0,0,0,0,0
_____________________________________________________
_____________________________________________________
95,6,0.0000,
1,6,0,0,0,1,0,1,0,0,0,0,0,0
0,7,0,0,0,1,0,0,0,0,0,0,0,0
_____________________________________________________
_____________________________________________________
96,0,0.0000,
0,7,0,0,0,1,0,0,0,0,0,0,0,0
0,7,0,0,0,1,0,0,0,0,0,0,0,0
_____________________________________________________
_____________________________________________________
97,0,0.0000,
0,7,0,0,0,1,0,0,0,0,0,0,0,0
0,7,0,0,0,0,0,0,0,0,0,0,0,0
_____________________________________________________
_____________________________________________________
98,0,0.0000,
0,7,0,0,0,0,0,0,0,0,0,0,0,0
0,7,0,0,0,0,0,0,0,0,0,0,0,0
_____________________________________________________
_____________________________________________________
99,0,0.0000,
0,7,0,0,0,0,0,0,0,0,0,0,0,0
0,7,0,0,0,0,0,0,0,0,0,0,0,0
_____________________________________________________
_____________________________________________________
100,0,0.0000,
0,7,0,0,0,0,0,0,0,0,0,0,0,0
1,6,0,0,0,0,0,0,0,0,0,0,0,1
_____________________________________________________
_____________________________________________________
101,12,0.0000,
1,6,0,0,0,0,0,0,0,0,0,0,0,1
0,7,0,0,0,0,0,0,0,0,0,1,0,0
_____________________________________________________
_____________________________________________________
102,0,0.0000,
0,7,0,0,0,0,0,0,0,0,0,1,0,0
1,6,0,1,0,0,0,0,0,0,0,1,0,0
_____________________________________________________
_____________________________________________________
103,2,0.0000,
1,6,0,1,0,0,0,0,0,0,0,1,0,0
0,7,0,0,0,0,0,0,0,0,0,0,0,0
_____________________________________________________
_____________________________________________________
104,0,0.0000,
0,7,0,0,0,0,0,0,0,0,0,0,0,0
0,7,0,0,0,0,0,0,0,0,0,0,0,0
_____________________________________________________
_____________________________________________________
105,0,0.0000,
0,7,0,0,0,0,0,0,0,0,0,0,0,0
1,6,0,0,0,0,0,0,0,0,0,0,0,0
_____________________________________________________
_____________________________________________________
106,0,0.0000,
1,6,0,0,0,0,0,0,0,0,0,0,0,0
2,5,0,0,0,0,0,0,1,0,1,0,0,0
_____________________________________________________
_____________________________________________________
107,7,0.0000,
2,5,0,0,0,0,0,0,1,0,1,0,0,0
1,5,0,0,0,0,0,0,1,0,1,0,0,0
_____________________________________________________
_____________________________________________________
108,7,0.0000,
1,5,0,0,0,0,0,0,1,0,1,0,0,0
1,6,0,0,0,0,0,0,0,0,0,0,0,1
_____________________________________________________
_____________________________________________________
109,12,0.0000,
1,6,0,0,0,0,0,0,0,0,0,0,0,1
0,7,0,0,0,0,0,0,0,0,0,0,0,0
_____________________________________________________
_____________________________________________________
110,0,0.0000,
0,7,0,0,0,0,0,0,0,0,0,0,0,0
1,6,0,0,0,0,0,0,0,0,0,0,0,0
_____________________________________________________
_____________________________________________________
111,0,0.0000,
1,6,0,0,0,0,0,0,0,0,0,0,0,0
2,5,0,0,0,0,0,0,1,1,0,1,0,1
_____________________________________________________
_____________________________________________________
112,12,0.0000,
2,5,0,0,0,0,0,0,1,1,0,1,0,1
2,5,0,0,0,0,0,0,0,0,0,0,0,0
_____________________________________________________
_____________________________________________________
113,9,-1.0000,
2,5,0,0,0,0,0,0,0,0,0,0,0,0
2,5,1,0,0,0,1,-1,0,0,-1,0,0,0
_____________________________________________________
_____________________________________________________
114,9,0.0000,
2,5,1,0,0,0,1,-1,0,0,-1,0,0,0
2,5,1,0,0,0,1,1,0,0,1,0,0,0
_____________________________________________________
_____________________________________________________
115,5,0.0000,
2,5,1,0,0,0,1,1,0,0,1,0,0,0
2,5,0,0,1,0,0,1,0,0,1,0,0,0
_____________________________________________________
_____________________________________________________
116,6,0.0000,
2,5,0,0,1,0,0,1,0,0,1,0,0,0
1,5,0,0,1,0,0,0,0,0,0,0,0,0
_____________________________________________________
_____________________________________________________
117,3,0.0000,
1,5,0,0,1,0,0,0,0,0,0,0,0,0
0,7,0,0,0,0,0,0,0,1,0,1,0,1
_____________________________________________________
_____________________________________________________
118,0,0.0000,
0,7,0,0,0,0,0,0,0,1,0,1,0,1
1,6,1,0,0,0,1,0,1,1,0,1,0,1
_____________________________________________________
_____________________________________________________
119,5,0.0000,
1,6,1,0,0,0,1,0,1,1,0,1,0,1
1,6,0,0,0,0,0,0,1,1,0,1,0,1
_____________________________________________________
_____________________________________________________
120,7,0.0000,
1,6,0,0,0,0,0,0,1,1,0,1,0,1
0,7,0,0,1,0,0,0,0,0,0,0,0,0
_____________________________________________________
_____________________________________________________
121,0,0.0000,
0,7,0,0,1,0,0,0,0,0,0,0,0,0
1,6,0,0,1,0,0,0,0,0,0,0,0,1
_____________________________________________________
_____________________________________________________
122,12,0.0000,
1,6,0,0,1,0,0,0,0,0,0,0,0,1
1,6,0,0,1,0,0,0,0,0,0,0,0,0
_____________________________________________________
_____________________________________________________
123,3,0.0000,
1,6,0,0,1,0,0,0,0,0,0,0,0,0
1,6,0,0,0,0,0,0,0,0,0,0,0,0
_____________________________________________________
_____________________________________________________
124,0,0.0000,
1,6,0,0,0,0,0,0,0,0,0,0,0,0
2,5,0,0,0,0,0,0,0,0,1,0,0,0
_____________________________________________________
_____________________________________________________
125,9,0.0000,
2,5,0,0,0,0,0,0,0,0,1,0,0,0
2,5,1,0,0,0,0,0,0,1,0,0,1,0
_____________________________________________________
_____________________________________________________
126,11,0.0000,
2,5,1,0,0,0,0,0,0,1,0,0,1,0
2,5,1,0,0,0,0,0,0,1,0,0,0,0
_____________________________________________________
_____________________________________________________
127,8,0.0000,
2,5,1,0,0,0,0,0,0,1,0,0,0,0
1,5,0,0,0,0,0,0,0,0,0,0,0,0
_____________________________________________________
_____________________________________________________
128,0,0.0000,
1,5,0,0,0,0,0,0,0,0,0,0,0,0
1,4,0,0,0,0,0,0,0,0,0,0,0,0
_____________________________________________________
_____________________________________________________
129,0,0.0000,
1,4,0,0,0,0,0,0,0,0,0,0,0,0
2,3,0,0,0,0,0,0,0,0,0,0,0,0
_____________________________________________________
_____________________________________________________
130,9,-1.0000,
2,3,0,0,0,0,0,0,0,0,0,0,0,0
2,5,0,0,0,1,0,0,0,0,-1,0,0,0
_____________________________________________________
_____________________________________________________
131,9,0.0000,
2,5,0,0,0,1,0,0,0,0,-1,0,0,0
1,5,0,0,0,1,0,0,0,0,-1,0,0,0
_____________________________________________________
_____________________________________________________
132,9,0.0000,
1,5,0,0,0,1,0,0,0,0,-1,0,0,0
1,6,0,0,1,1,0,1,0,0,-1,0,1,0
_____________________________________________________
_____________________________________________________
133,9,0.0000,
1,6,0,0,1,1,0,1,0,0,-1,0,1,0
0,7,0,0,1,1,0,1,0,0,-1,0,1,0
_____________________________________________________
_____________________________________________________
134,0,0.0000,
0,7,0,0,1,1,0,1,0,0,-1,0,1,0
1,6,0,0,1,1,0,1,0,0,-1,0,1,0
_____________________________________________________
_____________________________________________________
135,9,0.0000,
1,6,0,0,1,1,0,1,0,0,-1,0,1,0
1,6,0,0,1,1,0,1,0,1,-1,0,1,0
_____________________________________________________
_____________________________________________________
136,11,0.0000,
1,6,0,0,1,1,0,1,0,1,-1,0,1,0
1,6,1,0,0,1,0,0,0,1,-1,0,0,0
_____________________________________________________
_____________________________________________________
137,9,0.0000,
1,6,1,0,0,1,0,0,0,1,-1,0,0,0
0,7,1,0,0,1,0,0,0,1,-1,0,0,0
_____________________________________________________
_____________________________________________________
138,0,0.0000,
0,7,1,0,0,1,0,0,0,1,-1,0,0,0
1,6,1,0,0,1,0,0,0,1,-1,0,0,0
_____________________________________________________
_____________________________________________________
139,9,0.0000,
1,6,1,0,0,1,0,0,0,1,-1,0,0,0
0,6,0,0,0,0,0,0,0,0,0,0,0,0
_____________________________________________________
