_____________________________________________________
0,12,0.0000,
2,6,0,0,0,0,0,0,0,0,0,0,0,1
2,5,0,0,0,0,0,0,0,0,0,0,0,0
_____________________________________________________
_____________________________________________________
1,9,-1.0000,
2,5,0,0,0,0,0,0,0,0,0,0,0,0
1,5,0,0,0,0,0,0,0,0,-1,0,0,0
_____________________________________________________
_____________________________________________________
2,9,0.0000,
1,5,0,0,0,0,0,0,0,0,-1,0,0,0
0,7,0,0,0,0,0,0,0,0,-1,0,0,0
_____________________________________________________
_____________________________________________________
3,0,0.0000,
0,7,0,0,0,0,0,0,0,0,-1,0,0,0
1,6,0,0,0,0,0,0,0,0,-1,0,0,0
_____________________________________________________
_____________________________________________________
4,9,0.0000,
1,6,0,0,0,0,0,0,0,0,-1,0,0,0
1,6,0,0,0,0,0,0,0,0,-1,0,0,0
_____________________________________________________
_____________________________________________________
5,9,0.0000,
1,6,0,0,0,0,0,0,0,0,-1,0,0,0
0,7,0,0,0,0,0,0,0,0,-1,0,0,0
_____________________________________________________
_____________________________________________________
6,0,0.0000,
0,7,0,0,0,0,0,0,0,0,-1,0,0,0
0,7,0,0,0,0,0,0,0,0,-1,0,0,0
_____________________________________________________
_____________________________________________________
7,0,0.0000,
0,7,0,0,0,0,0,0,0,0,-1,0,0,0
1,6,0,0,0,0,0,0,0,0,-1,0,0,0
_____________________________________________________
_____________________________________________________
8,9,0.0000,
1,6,0,0,0,0,0,0,0,0,-1,0,0,0
0,7,0,0,0,0,0,0,0,0,-1,0,0,0
_____________________________________________________
_____________________________________________________
9,0,0.0000,
0,7,0,0,0,0,0,0,0,0,-1,0,0,0
0,7,0,0,0,0,0,1,0,0,-1,1,0,0
_____________________________________________________
_____________________________________________________
10,0,0.0000,
0,7,0,0,0,0,0,1,0,0,-1,1,0,0
0,7,0,0,0,0,0,1,0,0,-1,1,0,0
_____________________________________________________
_____________________________________________________
11,0,0.0000,
0,7,0,0,0,0,0,1,0,0,-1,1,0,0
0,7,0,0,0,0,0,1,0,0,-1,1,0,0
_____________________________________________________
_____________________________________________________
12,0,0.0000,
0,7,0,0,0,0,0,1,0,0,-1,1,0,0
0,7,0,0,0,0,0,1,0,0,-1,1,1,0
_____________________________________________________
_____________________________________________________
13,0,0.0000,
0,7,0,0,0,0,0,1,0,0,-1,1,1,0
1,6,1,0,0,0,1,0,0,0,0,0,0,0
_____________________________________________________
_____________________________________________________
14,5,0.0000,
1,6,1,0,0,0,1,0,0,0,0,0,0,0
0,7,1,0,0,0,0,0,0,0,0,0,0,0
_____________________________________________________
_____________________________________________________
15,0,0.0000,
0,7,1,0,0,0,0,0,0,0,0,0,0,0
0,7,1,0,0,0,0,0,0,0,0,0,0,0
_____________________________________________________
_____________________________________________________
16,0,0.0000,
0,7,1,0,0,0,0,0,0,0,0,0,0,0
0,7,1,0,0,0,0,0,0,0,0,0,0,0
_____________________________________________________
_____________________________________________________
17,0,0.0000,
0,7,1,0,0,0,0,0,0,0,0,0,0,0
0,7,1,0,0,0,0,0,0,0,0,0,0,0
_____________________________________________________
_____________________________________________________
18,0,0.0000,
0,7,1,0,0,0,0,0,0,0,0,0,0,0
0,7,1,0,0,0,0,0,0,0,0,0,0,0
_____________________________________________________
_____________________________________________________
19,0,0.0000,
0,7,1,0,0,0,0,0,0,0,0,0,0,0
0,7,1,0,0,0,0,0,0,0,0,0,0,0
_____________________________________________________
_____________________________________________________
20,0,0.0000,
0,7,1,0,0,0,0,0,0,0,0,0,0,0
1,6,0,0,0,0,0,0,0,0,0,0,0,0
_____________________________________________________
_____________________________________________________
21,0,0.0000,
1,6,0,0,0,0,0,0,0,0,0,0,0,0
1,5,0,0,0,0,0,0,0,0,0,0,0,0
_____________________________________________________
_____________________________________________________
22,0,0.0000,
1,5,0,0,0,0,0,0,0,0,0,0,0,0
1,4,0,0,0,0,0,0,0,0,0,0,0,0
_____________________________________________________
_____________________________________________________
23,0,0.0000,
1,4,0,0,0,0,0,0,0,0,0,0,0,0
1,3,0,0,0,0,0,0,0,0,0,0,0,0
_____________________________________________________
_____________________________________________________
24,0,0.0000,
1,3,0,0,0,0,0,0,0,0,0,0,0,0
1,2,0,0,0,0,0,0,0,0,0,0,0,0
_____________________________________________________
_____________________________________________________
25,9,-1.0000,
1,2,0,0,0,0,0,0,0,0,0,0,0,0
0,7,0,-1,0,0,0,0,0,-1,-1,0,0,0
_____________________________________________________
_____________________________________________________
26,0,0.0000,
0,7,0,-1,0,0,0,0,0,-1,-1,0,0,0
0,7,0,-1,0,0,0,0,0,-1,-1,0,0,0
_____________________________________________________
_____________________________________________________
27,0,0.0000,
0,7,0,-1,0,0,0,0,0,-1,-1,0,0,0
1,6,0,1,0,0,1,0,0,0,0,-1,0,1
_____________________________________________________
_____________________________________________________
28,10,0.0000,
1,6,0,1,0,0,1,0,0,0,0,-1,0,1
0,7,0,1,0,0,1,0,0,0,0,-1,0,1
_____________________________________________________
_____________________________________________________
29,0,0.0000,
0,7,0,1,0,0,1,0,0,0,0,-1,0,1
1,6,0,1,0,0,1,0,0,0,0,-1,0,0
_____________________________________________________
_____________________________________________________
30,10,0.0000,
1,6,0,1,0,0,1,0,0,0,0,-1,0,0
0,7,0,0,0,0,1,0,0,0,0,-1,0,0
_____________________________________________________
_____________________________________________________
31,0,0.0000,
0,7,0,0,0,0,1,0,0,0,0,-1,0,0
0,7,0,0,0,0,0,0,0,0,0,-1,0,0
_____________________________________________________
_____________________________________________________
32,0,0.0000,
0,7,0,0,0,0,0,0,0,0,0,-1,0,0
1,6,0,0,0,0,0,0,0,0,0,-1,0,0
_____________________________________________________
_____________________________________________________
33,10,0.0000,
1,6,0,0,0,0,0,0,0,0,0,-1,0,0
1,6,0,0,0,0,0,0,0,0,0,-1,0,0
_____________________________________________________
_____________________________________________________
34,10,0.0000,
1,6,0,0,0,0,0,0,0,0,0,-1,0,0
0,7,0,0,0,0,0,0,0,0,0,-1,0,0
_____________________________________________________
_____________________________________________________
35,0,0.0000,
0,7,0,0,0,0,0,0,0,0,0,-1,0,0
0,7,0,0,0,0,0,0,0,0,0,-1,0,0
_____________________________________________________
_____________________________________________________
36,0,0.0000,
0,7,0,0,0,0,0,0,0,0,0,-1,0,0
1,6,0,0,0,0,0,0,0,0,0,-1,0,0
_____________________________________________________
_____________________________________________________
37,10,0.0000,
1,6,0,0,0,0,0,0,0,0,0,-1,0,0
0,7,0,0,0,0,0,0,0,0,0,-1,0,0
_____________________________________________________
_____________________________________________________
38,0,0.0000,
0,7,0,0,0,0,0,0,0,0,0,-1,0,0
0,7,0,0,1,0,0,0,0,1,0,-1,0,0
_____________________________________________________
_____________________________________________________
39,0,0.0000,
0,7,0,0,1,0,0,0,0,1,0,-1,0,0
0,7,0,0,1,0,0,0,0,1,0,-1,0,0
_____________________________________________________
_____________________________________________________
40,0,0.0000,
0,7,0,0,1,0,0,0,0,1,0,-1,0,0
0,7,0,0,1,0,0,0,0,1,0,-1,0,0
_____________________________________________________
_____________________________________________________
41,0,0.0000,
0,7,0,0,1,0,0,0,0,1,0,-1,0,0
0,7,0,1,0,1,1,0,-1,0,0,-1,1,0
_____________________________________________________
_____________________________________________________
42,0,0.0000,
0,7,0,1,0,1,1,0,-1,0,0,-1,1,0
0,7,1,1,0,1,0,0,-1,0,0,-1,1,0
_____________________________________________________
_____________________________________________________
43,0,0.0000,
0,7,1,1,0,1,0,0,-1,0,0,-1,1,0
0,7,0,1,0,0,0,0,-1,0,0,-1,1,0
_____________________________________________________
_____________________________________________________
44,0,0.0000,
0,7,0,1,0,0,0,0,-1,0,0,-1,1,0
0,7,0,1,0,0,0,0,-1,0,0,-1,1,0
_____________________________________________________
_____________________________________________________
45,0,0.0000,
0,7,0,1,0,0,0,0,-1,0,0,-1,1,0
1,6,0,1,0,0,0,0,-1,0,0,-1,1,0
_____________________________________________________
_____________________________________________________
46,10,0.0000,
1,6,0,1,0,0,0,0,-1,0,0,-1,1,0
0,7,0,0,0,0,0,0,-1,0,0,-1,0,0
_____________________________________________________
_____________________________________________________
47,0,0.0000,
0,7,0,0,0,0,0,0,-1,0,0,-1,0,0
0,7,0,0,0,0,0,0,-1,0,0,-1,0,0
_____________________________________________________
_____________________________________________________
48,0,0.0000,
0,7,0,0,0,0,0,0,-1,0,0,-1,0,0
0,7,0,0,0,0,1,0,-1,0,0,-1,0,0
_____________________________________________________
_____________________________________________________
49,0,0.0000,
0,7,0,0,0,0,1,0,-1,0,0,-1,0,0
0,7,1,0,0,1,1,0,-1,0,0,-1,0,0
_____________________________________________________
_____________________________________________________
50,0,0.0000,
0,7,1,0,0,1,1,0,-1,0,0,-1,0,0
0,7,1,0,0,1,1,0,-1,0,0,-1,0,0
_____________________________________________________
_____________________________________________________
51,0,0.0000,
0,7,1,0,0,1,1,0,-1,0,0,-1,0,0
0,7,1,0,0,1,1,0,-1,0,0,-1,0,0
_____________________________________________________
_____________________________________________________
52,0,0.0000,
0,7,1,0,0,1,1,0,-1,0,0,-1,0,0
0,7,0,0,0,0,0,0,-1,0,0,-1,0,0
_____________________________________________________
_____________________________________________________
53,0,0.0000,
0,7,0,0,0,0,0,0,-1,0,0,-1,0,0
0,7,0,0,0,0,0,0,-1,0,0,-1,0,0
_____________________________________________________
_____________________________________________________
54,0,0.0000,
0,7,0,0,0,0,0,0,-1,0,0,-1,0,0
0,7,0,0,0,0,0,0,-1,0,0,-1,0,0
_____________________________________________________
_____________________________________________________
55,0,0.0000,
0,7,0,0,0,0,0,0,-1,0,0,-1,0,0
1,6,0,-1,0,0,0,0,0,0,0,0,0,0
_____________________________________________________
_____________________________________________________
56,2,0.0000,
1,6,0,-1,0,0,0,0,0,0,0,0,0,0
0,7,0,-1,0,0,0,0,0,0,0,0,0,0
_____________________________________________________
_____________________________________________________
57,0,0.0000,
0,7,0,-1,0,0,0,0,0,0,0,0,0,0
0,7,0,-1,0,0,0,0,0,0,0,0,0,0
_____________________________________________________
_____________________________________________________
58,0,0.0000,
0,7,0,-1,0,0,0,0,0,0,0,0,0,0
1,6,0,-1,0,0,0,0,0,0,0,0,0,0
_____________________________________________________
_____________________________________________________
59,2,0.0000,
1,6,0,-1,0,0,0,0,0,0,0,0,0,0
1,6,0,-1,0,0,0,0,0,0,0,0,0,0
_____________________________________________________
_____________________________________________________
60,2,0.0000,
1,6,0,-1,0,0,0,0,0,0,0,0,0,0
0,7,0,-1,0,0,0,0,0,0,0,0,0,0
_____________________________________________________
_____________________________________________________
61,0,0.0000,
0,7,0,-1,0,0,0,0,0,0,0,0,0,0
0,7,0,-1,0,0,0,0,0,0,0,0,0,0
_____________________________________________________
_____________________________________________________
62,0,0.0000,
0,7,0,-1,0,0,0,0,0,0,0,0,0,0
0,7,0,-1,0,0,0,0,0,0,0,0,0,0
_____________________________________________________
_____________________________________________________
63,0,0.0000,
0,7,0,-1,0,0,0,0,0,0,0,0,0,0
0,7,0,-1,0,0,0,0,1,1,0,1,0,0
_____________________________________________________
_____________________________________________________
64,0,0.0000,
0,7,0,-1,0,0,0,0,1,1,0,1,0,0
0,7,0,-1,0,0,0,0,1,1,0,1,0,0
_____________________________________________________
_____________________________________________________
65,0,0.0000,
0,7,0,-1,0,0,0,0,1,1,0,1,0,0
0,7,0,-1,0,0,0,0,1,1,0,1,0,0
_____________________________________________________
_____________________________________________________
66,0,0.0000,
0,7,0,-1,0,0,0,0,1,1,0,1,0,0
1,6,0,-1,0,0,0,0,1,1,0,0,0,0
_____________________________________________________
_____________________________________________________
67,2,0.0000,
1,6,0,-1,0,0,0,0,1,1,0,0,0,0
1,6,0,-1,0,0,0,0,0,0,0,0,0,0
_____________________________________________________
_____________________________________________________
68,2,0.0000,
1,6,0,-1,0,0,0,0,0,0,0,0,0,0
1,6,0,-1,0,0,0,0,0,0,0,0,0,0
_____________________________________________________
_____________________________________________________
69,2,0.0000,
1,6,0,-1,0,0,0,0,0,0,0,0,0,0
0,7,0,0,0,0,0,0,0,0,0,0,0,-1
_____________________________________________________
_____________________________________________________
70,0,0.0000,
0,7,0,0,0,0,0,0,0,0,0,0,0,-1
0,7,0,0,0,0,0,0,0,0,0,0,0,-1
_____________________________________________________
_____________________________________________________
71,0,0.0000,
0,7,0,0,0,0,0,0,0,0,0,0,0,-1
0,7,0,0,0,0,0,0,0,0,0,0,0,-1
_____________________________________________________
_____________________________________________________
72,0,0.0000,
0,7,0,0,0,0,0,0,0,0,0,0,0,-1
1,6,0,0,0,0,0,0,0,0,0,0,0,-1
_____________________________________________________
_____________________________________________________
73,12,0.0000,
1,6,0,0,0,0,0,0,0,0,0,0,0,-1
0,7,0,0,0,0,0,0,0,0,0,0,0,-1
_____________________________________________________
_____________________________________________________
74,0,0.0000,
0,7,0,0,0,0,0,0,0,0,0,0,0,-1
0,7,0,0,0,0,0,0,0,0,0,0,0,-1
_____________________________________________________
_____________________________________________________
75,0,0.0000,
0,7,0,0,0,0,0,0,0,0,0,0,0,-1
0,7,0,0,0,0,0,0,0,0,0,0,0,-1
_____________________________________________________
_____________________________________________________
76,0,0.0000,
0,7,0,0,0,0,0,0,0,0,0,0,0,-1
1,6,0,0,0,0,0,0,0,0,0,0,0,-1
_____________________________________________________
_____________________________________________________
77,12,0.0000,
1,6,0,0,0,0,0,0,0,0,0,0,0,-1
1,6,1,0,0,0,0,1,0,0,0,0,0,-1
_____________________________________________________
_____________________________________________________
78,12,0.0000,
1,6,1,0,0,0,0,1,0,0,0,0,0,-1
0,7,1,0,0,0,0,1,0,0,0,0,0,-1
_____________________________________________________
_____________________________________________________
79,0,0.0000,
0,7,1,0,0,0,0,1,0,0,0,0,0,-1
1,6,1,0,0,1,0,1,0,0,0,0,1,-1
_____________________________________________________
_____________________________________________________
80,6,0.0000,
1,6,1,0,0,1,0,1,0,0,0,0,1,-1
0,7,0,0,0,1,0,0,0,0,0,0,1,-1
_____________________________________________________
_____________________________________________________
81,0,0.0000,
0,7,0,0,0,1,0,0,0,0,0,0,1,-1
0,7,0,0,0,1,1,0,0,0,0,0,1,-1
_____________________________________________________
_____________________________________________________
82,0,0.0000,
0,7,0,0,0,1,1,0,0,0,0,0,1,-1
0,7,0,1,0,1,1,0,0,0,0,0,1,-1
_____________________________________________________
_____________________________________________________
83,0,0.0000,
0,7,0,1,0,1,1,0,0,0,0,0,1,-1
0,7,0,0,1,1,0,0,1,0,-1,1,-1,0
_____________________________________________________
_____________________________________________________
84,0,0.0000,
0,7,0,0,1,1,0,0,1,0,-1,1,-1,0
0,7,0,1,0,1,0,0,0,0,-1,1,-1,0
_____________________________________________________
_____________________________________________________
85,0,0.0000,
0,7,0,1,0,1,0,0,0,0,-1,1,-1,0
0,7,0,1,0,1,0,0,0,0,-1,1,-1,0
_____________________________________________________
_____________________________________________________
86,0,0.0000,
0,7,0,1,0,1,0,0,0,0,-1,1,-1,0
0,7,0,1,0,1,0,0,0,0,-1,1,-1,0
_____________________________________________________
_____________________________________________________
87,0,0.0000,
0,7,0,1,0,1,0,0,0,0,-1,1,-1,0
0,7,0,1,0,1,0,0,0,0,-1,1,-1,0
_____________________________________________________
_____________________________________________________
88,0,0.0000,
0,7,0,1,0,1,0,0,0,0,-1,1,-1,0
0,7,0,1,0,1,0,0,0,0,-1,1,-1,0
_____________________________________________________
_____________________________________________________
89,0,0.0000,
0,7,0,1,0,1,0,0,0,0,-1,1,-1,0
0,7,0,1,0,1,0,0,0,0,-1,1,-1,0
_____________________________________________________
_____________________________________________________
90,0,0.0000,
0,7,0,1,0,1,0,0,0,0,-1,1,-1,0
0,7,0,1,0,1,0,0,0,0,-1,1,-1,0
_____________________________________________________
_____________________________________________________
91,0,0.0000,
0,7,0,1,0,1,0,0,0,0,-1,1,-1,0
0,7,0,1,0,1,0,0,0,1,-1,1,-1,0
_____________________________________________________
_____________________________________________________
92,0,0.0000,
0,7,0,1,0,1,0,0,0,1,-1,1,-1,0
1,6,0,0,0,0,0,0,0,1,-1,0,-1,0
_____________________________________________________
_____________________________________________________
93,9,0.0000,
1,6,0,0,0,0,0,0,0,1,-1,0,-1,0
1,6,0,0,0,0,0,0,0,1,-1,0,-1,0
_____________________________________________________
_____________________________________________________
94,9,0.0000,
1,6,0,0,0,0,0,0,0,1,-1,0,-1,0
1,6,0,0,0,0,0,0,0,1,-1,0,-1,0
_____________________________________________________
_____________________________________________________
95,9,0.0000,
1,6,0,0,0,0,0,0,0,1,-1,0,-1,0
0,7,0,0,0,0,0,0,0,1,-1,0,-1,0
_____________________________________________________
_____________________________________________________
96,0,0.0000,
0,7,0,0,0,0,0,0,0,1,-1,0,-1,0
0,7,1,0,0,1,0,0,0,1,-1,1,-1,0
_____________________________________________________
_____________________________________________________
97,0,0.0000,
0,7,1,0,0,1,0,0,0,1,-1,1,-1,0
0,7,0,-1,1,-1,0,0,0,0,1,-1,0,1
_____________________________________________________
_____________________________________________________
98,0,0.0000,
0,7,0,-1,1,-1,0,0,0,0,1,-1,0,1
0,7,0,-1,1,-1,0,0,0,0,1,-1,0,0
_____________________________________________________
_____________________________________________________
99,0,0.0000,
0,7,0,-1,1,-1,0,0,0,0,1,-1,0,0
0,7,0,-1,0,-1,0,0,0,0,1,-1,0,0
_____________________________________________________
_____________________________________________________
100,0,0.0000,
0,7,0,-1,0,-1,0,0,0,0,1,-1,0,0
0,7,0,-1,0,-1,0,0,0,0,1,-1,0,0
_____________________________________________________
_____________________________________________________
101,0,0.0000,
0,7,0,-1,0,-1,0,0,0,0,1,-1,0,0
1,6,0,-1,0,-1,0,0,0,0,1,-1,0,0
_____________________________________________________
_____________________________________________________
102,2,0.0000,
1,6,0,-1,0,-1,0,0,0,0,1,-1,0,0
0,7,0,-1,0,-1,0,0,0,0,1,-1,0,0
_____________________________________________________
_____________________________________________________
103,0,0.0000,
0,7,0,-1,0,-1,0,0,0,0,1,-1,0,0
0,7,0,-1,0,-1,0,0,0,0,1,-1,0,0
_____________________________________________________
_____________________________________________________
104,0,0.0000,
0,7,0,-1,0,-1,0,0,0,0,1,-1,0,0
1,6,0,-1,0,-1,0,0,0,0,1,-1,0,0
_____________________________________________________
_____________________________________________________
105,2,0.0000,
1,6,0,-1,0,-1,0,0,0,0,1,-1,0,0
0,7,0,-1,0,-1,0,0,0,0,1,-1,0,0
_____________________________________________________
_____________________________________________________
106,0,0.0000,
0,7,0,-1,0,-1,0,0,0,0,1,-1,0,0
0,7,0,-1,0,-1,0,0,0,0,1,-1,0,0
_____________________________________________________
_____________________________________________________
107,0,0.0000,
0,7,0,-1,0,-1,0,0,0,0,1,-1,0,0
1,6,0,-1,0,-1,0,0,0,0,1,-1,0,0
_____________________________________________________
_____________________________________________________
108,2,0.0000,
1,6,0,-1,0,-1,0,0,0,0,1,-1,0,0
0,7,0,-1,0,-1,0,0,0,0,1,-1,0,0
_____________________________________________________
_____________________________________________________
109,0,0.0000,
0,7,0,-1,0,-1,0,0,0,0,1,-1,0,0
0,7,0,-1,0,-1,0,0,0,0,1,-1,0,0
_____________________________________________________
_____________________________________________________
110,0,0.0000,
0,7,0,-1,0,-1,0,0,0,0,1,-1,0,0
0,7,0,-1,0,-1,0,0,0,0,1,-1,0,0
_____________________________________________________
_____________________________________________________
111,0,0.0000,
0,7,0,-1,0,-1,0,0,0,0,1,-1,0,0
1,6,0,0,0,1,0,0,0,1,1,1,1,1
_____________________________________________________
_____________________________________________________
112,11,0.0000,
1,6,0,0,0,1,0,0,0,1,1,1,1,1
0,7,0,0,0,1,0,0,0,0,1,1,1,0
_____________________________________________________
_____________________________________________________
113,0,0.0000,
0,7,0,0,0,1,0,0,0,0,1,1,1,0
1,6,0,0,0,1,0,0,0,1,0,1,1,0
_____________________________________________________
_____________________________________________________
114,11,0.0000,
1,6,0,0,0,1,0,0,0,1,0,1,1,0
0,7,0,0,0,1,0,1,1,0,0,1,0,0
_____________________________________________________
_____________________________________________________
115,0,0.0000,
0,7,0,0,0,1,0,1,1,0,0,1,0,0
1,6,0,0,1,1,1,1,1,0,0,1,0,0
_____________________________________________________
_____________________________________________________
116,5,0.0000,
1,6,0,0,1,1,1,1,1,0,0,1,0,0
0,7,0,0,0,1,0,0,0,0,0,1,0,0
_____________________________________________________
_____________________________________________________
117,0,0.0000,
0,7,0,0,0,1,0,0,0,0,0,1,0,0
0,7,0,0,0,1,0,0,0,0,0,1,0,0
_____________________________________________________
_____________________________________________________
118,0,0.0000,
0,7,0,0,0,1,0,0,0,0,0,1,0,0
0,7,0,0,0,1,0,0,0,0,0,1,0,0
_____________________________________________________
_____________________________________________________
119,0,0.0000,
0,7,0,0,0,1,0,0,0,0,0,1,0,0
1,6,0,0,0,1,0,0,0,0,0,1,0,0
_____________________________________________________
_____________________________________________________
120,10,0.0000,
1,6,0,0,0,1,0,0,0,0,0,1,0,0
1,6,0,0,0,0,0,0,0,0,0,0,0,0
_____________________________________________________
_____________________________________________________
121,0,0.0000,
1,6,0,0,0,0,0,0,0,0,0,0,0,0
1,5,0,0,0,0,0,0,0,0,0,0,0,0
_____________________________________________________
_____________________________________________________
122,0,0.0000,
1,5,0,0,0,0,0,0,0,0,0,0,0,0
1,4,0,0,0,0,0,0,0,0,0,0,0,0
_____________________________________________________
_____________________________________________________
123,0,0.0000,
1,4,0,0,0,0,0,0,0,0,0,0,0,0
2,3,0,0,0,0,0,0,0,0,0,0,0,0
_____________________________________________________
_____________________________________________________
124,9,-1.0000,
2,3,0,0,0,0,0,0,0,0,0,0,0,0
2,5,0,0,0,0,0,0,0,0,-1,0,0,0
_____________________________________________________
_____________________________________________________
125,9,0.0000,
2,5,0,0,0,0,0,0,0,0,-1,0,0,0
2,5,0,0,0,0,0,-1,1,0,0,0,0,0
_____________________________________________________
_____________________________________________________
126,9,-1.0000,
2,5,0,0,0,0,0,-1,1,0,0,0,0,0
1,5,0,0,-1,1,-1,-1,1,0,0,0,0,0
_____________________________________________________
_____________________________________________________
127,5,0.0000,
1,5,0,0,-1,1,-1,-1,1,0,0,0,0,0
1,6,0,0,0,1,0,-1,1,0,0,0,0,0
_____________________________________________________
_____________________________________________________
128,7,0.0000,
1,6,0,0,0,1,0,-1,1,0,0,0,0,0
0,7,0,0,0,0,0,-1,0,0,0,0,0,0
_____________________________________________________
_____________________________________________________
129,0,0.0000,
0,7,0,0,0,0,0,-1,0,0,0,0,0,0
1,6,0,0,1,0,1,-1,0,0,1,1,0,0
_____________________________________________________
_____________________________________________________
130,5,0.0000,
1,6,0,0,1,0,1,-1,0,0,1,1,0,0
0,7,0,0,0,0,0,-1,0,0,0,0,0,0
_____________________________________________________
_____________________________________________________
131,0,0.0000,
0,7,0,0,0,0,0,-1,0,0,0,0,0,0
0,7,0,0,0,0,0,-1,0,0,0,0,0,0
_____________________________________________________
_____________________________________________________
132,0,0.0000,
0,7,0,0,0,0,0,-1,0,0,0,0,0,0
0,7,0,0,0,0,0,-1,0,0,0,0,0,0
_____________________________________________________
_____________________________________________________
133,0,0.0000,
0,7,0,0,0,0,0,-1,0,0,0,0,0,0
0,7,0,0,0,0,0,-1,0,0,0,0,0,0
_____________________________________________________
_____________________________________________________
134,0,0.0000,
0,7,0,0,0,0,0,-1,0,0,0,0,0,0
0,7,0,0,0,0,0,-1,0,0,0,0,0,0
_____________________________________________________
_____________________________________________________
135,0,0.0000,
0,7,0,0,0,0,0,-1,0,0,0,0,0,0
0,7,0,0,0,0,0,-1,0,0,0,0,0,0
_____________________________________________________
_____________________________________________________
136,0,0.0000,
0,7,0,0,0,0,0,-1,0,0,0,0,0,0
0,7,0,0,0,1,0,-1,1,0,0,0,0,0
_____________________________________________________
_____________________________________________________
137,0,0.0000,
0,7,0,0,0,1,0,-1,1,0,0,0,0,0
1,6,0,0,0,1,0,-1,1,0,0,0,0,0
_____________________________________________________
_____________________________________________________
138,7,0.0000,
1,6,0,0,0,1,0,-1,1,0,0,0,0,0
1,6,0,0,0,0,0,-1,0,0,0,0,0,0
_____________________________________________________
_____________________________________________________
139,9,-1.0000,
1,6,0,0,0,0,0,-1,0,0,0,0,0,0
0,6,0,0,0,0,0,0,0,0,0,0,0,0
_____________________________________________________
