_____________________________________________________
0,2,0.0000,
1,6,1,1,1,1,1,1,1,1,1,1,1,1
1,6,1,0,1,1,1,1,1,1,1,1,1,1
_____________________________________________________
_____________________________________________________
1,5,0.0000,
1,6,1,0,1,1,1,1,1,1,1,1,1,1
1,6,1,0,1,1,0,1,1,1,1,1,1,1
_____________________________________________________
_____________________________________________________
2,11,0.0000,
1,6,1,0,1,1,0,1,1,1,1,1,1,1
1,6,1,0,0,1,0,1,1,1,1,0,0,1
_____________________________________________________
_____________________________________________________
3,7,0.0000,
1,6,1,0,0,1,0,1,1,1,1,0,0,1
0,7,0,1,0,1,0,1,0,0,1,0,0,1
_____________________________________________________
_____________________________________________________
4,0,0.0000,
0,7,0,1,0,1,0,1,0,0,1,0,0,1
1,6,0,1,0,1,0,1,0,0,1,0,0,1
_____________________________________________________
_____________________________________________________
5,6,0.0000,
1,6,0,1,0,1,0,1,0,0,1,0,0,1
0,7,0,1,0,1,0,0,0,0,1,1,1,1
_____________________________________________________
_____________________________________________________
6,0,0.0000,
0,7,0,1,0,1,0,0,0,0,1,1,1,1
0,7,0,1,1,1,0,0,0,0,1,1,1,1
_____________________________________________________
_____________________________________________________
7,0,0.0000,
0,7,0,1,1,1,0,0,0,0,1,1,1,1
0,7,0,1,1,1,0,1,0,0,1,1,1,1
_____________________________________________________
_____________________________________________________
8,0,0.0000,
0,7,0,1,1,1,0,1,0,0,1,1,1,1
1,6,0,1,1,1,0,1,0,0,1,1,1,1
_____________________________________________________
_____________________________________________________
9,11,0.0000,
1,6,0,1,1,1,0,1,0,0,1,1,1,1
0,7,0,1,0,1,0,1,0,0,1,0,0,1
_____________________________________________________
_____________________________________________________
10,0,0.0000,
0,7,0,1,0,1,0,1,0,0,1,0,0,1
0,7,0,1,0,1,0,1,1,1,1,0,0,1
_____________________________________________________
_____________________________________________________
11,0,0.0000,
0,7,0,1,0,1,0,1,1,1,1,0,0,1
1,6,1,1,1,1,0,1,1,1,1,1,1,1
_____________________________________________________
_____________________________________________________
12,2,0.0000,
1,6,1,1,1,1,0,1,1,1,1,1,1,1
1,6,1,0,1,1,0,1,1,1,1,1,1,1
_____________________________________________________
_____________________________________________________
13,11,0.0000,
1,6,1,0,1,1,0,1,1,1,1,1,1,1
1,6,1,1,1,1,1,1,0,1,0,1,0,1
_____________________________________________________
_____________________________________________________
14,5,0.0000,
1,6,1,1,1,1,1,1,0,1,0,1,0,1
1,6,0,1,1,1,0,1,0,1,1,1,0,1
_____________________________________________________
_____________________________________________________
15,6,0.0000,
1,6,0,1,1,1,0,1,0,1,1,1,0,1
0,7,0,1,1,1,0,0,0,1,1,1,0,1
_____________________________________________________
_____________________________________________________
16,0,0.0000,
0,7,0,1,1,1,0,0,0,1,1,1,0,1
0,7,0,1,1,1,0,0,0,1,1,1,0,1
_____________________________________________________
_____________________________________________________
17,0,0.0000,
0,7,0,1,1,1,0,0,0,1,1,1,0,1
1,6,0,1,1,1,0,0,0,1,1,1,0,1
_____________________________________________________
_____________________________________________________
18,2,0.0000,
1,6,0,1,1,1,0,0,0,1,1,1,0,1
1,6,0,0,1,0,0,0,0,1,1,1,0,1
_____________________________________________________
_____________________________________________________
19,12,0.0000,
1,6,0,0,1,0,0,0,0,1,1,1,0,1
1,6,0,0,1,0,0,0,0,1,0,1,0,0
_____________________________________________________
_____________________________________________________
20,8,0.0000,
1,6,0,0,1,0,0,0,0,1,0,1,0,0
1,6,0,0,1,0,0,1,0,0,0,1,0,0
_____________________________________________________
_____________________________________________________
21,6,0.0000,
1,6,0,0,1,0,0,1,0,0,0,1,0,0
1,6,1,0,1,0,1,0,0,0,0,1,0,1
_____________________________________________________
_____________________________________________________
22,5,0.0000,
1,6,1,0,1,0,1,0,0,0,0,1,0,1
0,7,0,0,1,0,0,0,0,0,1,1,0,1
_____________________________________________________
_____________________________________________________
23,0,0.0000,
0,7,0,0,1,0,0,0,0,0,1,1,0,1
0,7,0,1,1,1,0,0,0,0,1,1,0,1
_____________________________________________________
_____________________________________________________
24,0,0.0000,
0,7,0,1,1,1,0,0,0,0,1,1,0,1
1,6,0,1,1,1,0,0,1,0,1,1,1,1
_____________________________________________________
_____________________________________________________
25,11,0.0000,
1,6,0,1,1,1,0,0,1,0,1,1,1,1
1,6,1,1,1,1,1,0,0,0,1,1,0,1
_____________________________________________________
_____________________________________________________
26,5,0.0000,
1,6,1,1,1,1,1,0,0,0,1,1,0,1
0,7,0,1,1,1,0,0,0,0,1,1,0,1
_____________________________________________________
_____________________________________________________
27,0,0.0000,
0,7,0,1,1,1,0,0,0,0,1,1,0,1
1,6,0,0,0,1,0,0,1,1,1,0,1,0
_____________________________________________________
_____________________________________________________
28,11,0.0000,
1,6,0,0,0,1,0,0,1,1,1,0,1,0
0,7,0,0,0,0,0,0,0,1,1,0,0,0
_____________________________________________________
_____________________________________________________
29,0,0.0000,
0,7,0,0,0,0,0,0,0,1,1,0,0,0
0,7,0,0,0,0,1,0,0,1,1,1,0,0
_____________________________________________________
_____________________________________________________
30,0,0.0000,
0,7,0,0,0,0,1,0,0,1,1,1,0,0
0,7,0,0,0,0,1,0,1,1,1,1,1,0
_____________________________________________________
_____________________________________________________
31,0,0.0000,
0,7,0,0,0,0,1,0,1,1,1,1,1,0
1,6,0,0,0,1,1,0,1,1,1,1,1,0
_____________________________________________________
_____________________________________________________
32,11,0.0000,
1,6,0,0,0,1,1,0,1,1,1,1,1,0
1,6,0,0,0,0,1,0,0,1,1,1,0,0
_____________________________________________________
_____________________________________________________
33,5,0.0000,
1,6,0,0,0,0,1,0,0,1,1,1,0,0
1,6,0,0,1,0,0,1,0,1,1,1,0,0
_____________________________________________________
_____________________________________________________
34,6,0.0000,
1,6,0,0,1,0,0,1,0,1,1,1,0,0
0,7,0,0,0,0,0,0,0,1,1,1,0,0
_____________________________________________________
_____________________________________________________
35,0,0.0000,
0,7,0,0,0,0,0,0,0,1,1,1,0,0
0,7,0,0,0,0,0,0,0,1,1,1,0,0
_____________________________________________________
_____________________________________________________
36,0,0.0000,
0,7,0,0,0,0,0,0,0,1,1,1,0,0
1,6,0,0,0,0,0,0,0,1,1,1,0,0
_____________________________________________________
_____________________________________________________
37,9,0.0000,
1,6,0,0,0,0,0,0,0,1,1,1,0,0
1,6,1,1,0,0,0,0,1,1,0,1,1,1
_____________________________________________________
_____________________________________________________
38,11,0.0000,
1,6,1,1,0,0,0,0,1,1,0,1,1,1
1,6,1,1,0,0,1,0,0,1,0,1,0,1
_____________________________________________________
_____________________________________________________
39,5,0.0000,
1,6,1,1,0,0,1,0,0,1,0,1,0,1
1,6,1,1,0,0,0,0,0,1,0,1,0,1
_____________________________________________________
_____________________________________________________
40,2,0.0000,
1,6,1,1,0,0,0,0,0,1,0,1,0,1
0,7,0,0,0,0,0,0,1,1,0,1,1,0
_____________________________________________________
_____________________________________________________
41,0,0.0000,
0,7,0,0,0,0,0,0,1,1,0,1,1,0
0,7,0,1,0,0,1,1,0,1,0,1,0,0
_____________________________________________________
_____________________________________________________
42,0,0.0000,
0,7,0,1,0,0,1,1,0,1,0,1,0,0
1,6,0,1,0,0,1,1,0,1,0,1,0,0
_____________________________________________________
_____________________________________________________
43,5,0.0000,
1,6,0,1,0,0,1,1,0,1,0,1,0,0
1,6,1,1,1,0,0,1,1,1,1,0,0,1
_____________________________________________________
_____________________________________________________
44,7,0.0000,
1,6,1,1,1,0,0,1,1,1,1,0,0,1
0,7,0,1,0,0,0,1,0,1,1,0,0,1
_____________________________________________________
_____________________________________________________
45,0,0.0000,
0,7,0,1,0,0,0,1,0,1,1,0,0,1
1,6,0,1,0,1,0,1,0,1,1,0,0,1
_____________________________________________________
_____________________________________________________
46,6,0.0000,
1,6,0,1,0,1,0,1,0,1,1,0,0,1
0,7,0,1,0,1,0,0,0,1,1,1,0,1
_____________________________________________________
_____________________________________________________
47,0,0.0000,
0,7,0,1,0,1,0,0,0,1,1,1,0,1
0,7,0,1,0,1,1,0,0,1,1,1,0,1
_____________________________________________________
_____________________________________________________
48,0,0.0000,
0,7,0,1,0,1,1,0,0,1,1,1,0,1
1,6,0,1,0,1,1,0,0,1,1,1,0,1
_____________________________________________________
_____________________________________________________
49,5,0.0000,
1,6,0,1,0,1,1,0,0,1,1,1,0,1
0,7,0,1,1,1,0,0,1,1,1,0,0,1
_____________________________________________________
_____________________________________________________
50,0,0.0000,
0,7,0,1,1,1,0,0,1,1,1,0,0,1
1,6,1,1,1,1,0,0,1,1,1,0,0,1
_____________________________________________________
_____________________________________________________
51,7,0.0000,
1,6,1,1,1,1,0,0,1,1,1,0,0,1
0,7,0,1,0,1,0,0,0,1,1,0,1,1
_____________________________________________________
_____________________________________________________
52,0,0.0000,
0,7,0,1,0,1,0,0,0,1,1,0,1,1
0,7,0,1,0,1,0,0,0,1,1,0,1,1
_____________________________________________________
_____________________________________________________
53,0,0.0000,
0,7,0,1,0,1,0,0,0,1,1,0,1,1
0,7,0,1,0,1,0,0,0,1,1,0,1,1
_____________________________________________________
_____________________________________________________
54,0,0.0000,
0,7,0,1,0,1,0,0,0,1,1,0,1,1
0,7,0,1,0,1,0,0,0,1,1,0,1,1
_____________________________________________________
_____________________________________________________
55,0,0.0000,
0,7,0,1,0,1,0,0,0,1,1,0,1,1
1,6,1,1,1,0,1,1,1,0,0,1,1,1
_____________________________________________________
_____________________________________________________
56,11,0.0000,
1,6,1,1,1,0,1,1,1,0,0,1,1,1
0,7,1,0,1,0,1,1,1,0,0,1,0,1
_____________________________________________________
_____________________________________________________
57,0,0.0000,
0,7,1,0,1,0,1,1,1,0,0,1,0,1
1,6,1,0,1,0,1,1,1,0,0,1,0,1
_____________________________________________________
_____________________________________________________
58,5,0.0000,
1,6,1,0,1,0,1,1,1,0,0,1,0,1
1,6,1,0,1,0,1,1,1,0,0,1,1,1
_____________________________________________________
_____________________________________________________
59,11,0.0000,
1,6,1,0,1,0,1,1,1,0,0,1,1,1
0,7,1,0,1,1,1,1,1,0,1,1,0,1
_____________________________________________________
_____________________________________________________
60,0,0.0000,
0,7,1,0,1,1,1,1,1,0,1,1,0,1
1,6,1,0,1,1,1,1,1,0,1,1,0,1
_____________________________________________________
_____________________________________________________
61,5,0.0000,
1,6,1,0,1,1,1,1,1,0,1,1,0,1
1,6,0,0,1,1,0,1,1,0,1,1,0,1
_____________________________________________________
_____________________________________________________
62,7,0.0000,
1,6,0,0,1,1,0,1,1,0,1,1,0,1
1,6,0,0,0,1,1,1,0,0,1,1,0,1
_____________________________________________________
_____________________________________________________
63,5,0.0000,
1,6,0,0,0,1,1,1,0,0,1,1,0,1
0,7,0,0,0,1,0,1,0,0,1,1,0,1
_____________________________________________________
_____________________________________________________
64,0,0.0000,
0,7,0,0,0,1,0,1,0,0,1,1,0,1
1,6,0,0,0,1,0,1,0,0,1,1,0,1
_____________________________________________________
_____________________________________________________
65,6,0.0000,
1,6,0,0,0,1,0,1,0,0,1,1,0,1
1,6,0,0,0,1,0,0,0,0,1,0,0,1
_____________________________________________________
_____________________________________________________
66,12,0.0000,
1,6,0,0,0,1,0,0,0,0,1,0,0,1
1,6,1,0,0,1,1,0,0,0,1,0,0,1
_____________________________________________________
_____________________________________________________
67,5,0.0000,
1,6,1,0,0,1,1,0,0,0,1,0,0,1
1,6,0,1,0,1,0,0,0,0,1,0,1,1
_____________________________________________________
_____________________________________________________
68,11,0.0000,
1,6,0,1,0,1,0,0,0,0,1,0,1,1
0,7,0,0,1,1,0,0,1,0,1,0,0,1
_____________________________________________________
_____________________________________________________
69,0,0.0000,
0,7,0,0,1,1,0,0,1,0,1,0,0,1
0,7,1,0,1,1,1,1,1,1,1,0,0,1
_____________________________________________________
_____________________________________________________
70,0,0.0000,
0,7,1,0,1,1,1,1,1,1,1,0,0,1
1,6,1,0,1,1,1,1,1,1,1,0,0,1
_____________________________________________________
_____________________________________________________
71,5,0.0000,
1,6,1,0,1,1,1,1,1,1,1,0,0,1
1,6,1,0,1,1,0,1,1,0,1,1,0,1
_____________________________________________________
_____________________________________________________
72,7,0.0000,
1,6,1,0,1,1,0,1,1,0,1,1,0,1
1,6,1,0,1,1,0,1,1,1,1,1,0,1
_____________________________________________________
_____________________________________________________
73,7,0.0000,
1,6,1,0,1,1,0,1,1,1,1,1,0,1
0,7,1,1,0,1,1,1,0,1,1,1,0,0
_____________________________________________________
_____________________________________________________
74,0,0.0000,
0,7,1,1,0,1,1,1,0,1,1,1,0,0
1,6,1,1,0,1,1,1,0,1,1,1,1,0
_____________________________________________________
_____________________________________________________
75,11,0.0000,
1,6,1,1,0,1,1,1,0,1,1,1,1,0
1,6,1,1,0,1,1,1,0,1,1,1,0,0
_____________________________________________________
_____________________________________________________
76,5,0.0000,
1,6,1,1,0,1,1,1,0,1,1,1,0,0
1,6,1,1,0,1,0,1,1,0,1,1,0,1
_____________________________________________________
_____________________________________________________
77,7,0.0000,
1,6,1,1,0,1,0,1,1,0,1,1,0,1
1,6,1,1,0,1,0,1,0,0,1,1,0,0
_____________________________________________________
_____________________________________________________
78,2,0.0000,
1,6,1,1,0,1,0,1,0,0,1,1,0,0
1,6,1,0,0,1,0,1,0,0,1,1,0,0
_____________________________________________________
_____________________________________________________
79,6,0.0000,
1,6,1,0,0,1,0,1,0,0,1,1,0,0
1,6,1,0,0,1,0,0,0,0,1,1,0,0
_____________________________________________________
_____________________________________________________
80,9,0.0000,
1,6,1,0,0,1,0,0,0,0,1,1,0,0
1,6,1,0,0,1,0,1,0,0,0,1,0,0
_____________________________________________________
_____________________________________________________
81,6,0.0000,
1,6,1,0,0,1,0,1,0,0,0,1,0,0
0,7,1,0,0,1,0,0,0,0,0,1,0,0
_____________________________________________________
_____________________________________________________
82,0,0.0000,
0,7,1,0,0,1,0,0,0,0,0,1,0,0
0,7,1,0,1,1,0,0,1,0,0,1,0,1
_____________________________________________________
_____________________________________________________
83,0,0.0000,
0,7,1,0,1,1,0,0,1,0,0,1,0,1
1,6,0,1,1,0,1,0,0,1,1,0,1,1
_____________________________________________________
_____________________________________________________
84,11,0.0000,
1,6,0,1,1,0,1,0,0,1,1,0,1,1
1,6,1,1,1,0,1,0,0,1,0,0,0,1
_____________________________________________________
_____________________________________________________
85,5,0.0000,
1,6,1,1,1,0,1,0,0,1,0,0,0,1
0,7,1,1,1,0,1,0,0,1,0,0,0,1
_____________________________________________________
_____________________________________________________
86,0,0.0000,
0,7,1,1,1,0,1,0,0,1,0,0,0,1
1,6,1,1,1,0,1,0,0,1,0,0,0,1
_____________________________________________________
_____________________________________________________
87,5,0.0000,
1,6,1,1,1,0,1,0,0,1,0,0,0,1
0,7,1,1,1,0,0,0,0,1,0,0,0,1
_____________________________________________________
_____________________________________________________
88,0,0.0000,
0,7,1,1,1,0,0,0,0,1,0,0,0,1
0,7,1,1,1,0,0,0,0,1,0,0,0,1
_____________________________________________________
_____________________________________________________
89,0,0.0000,
0,7,1,1,1,0,0,0,0,1,0,0,0,1
1,6,1,1,1,0,0,0,0,1,0,0,0,1
_____________________________________________________
_____________________________________________________
90,2,0.0000,
1,6,1,1,1,0,0,0,0,1,0,0,0,1
0,7,1,0,1,0,0,0,0,0,0,0,0,1
_____________________________________________________
_____________________________________________________
91,0,0.0000,
0,7,1,0,1,0,0,0,0,0,0,0,0,1
0,7,1,0,1,1,0,0,0,0,0,1,0,1
_____________________________________________________
_____________________________________________________
92,0,0.0000,
0,7,1,0,1,1,0,0,0,0,0,1,0,1
1,6,1,0,1,1,1,0,0,0,0,1,0,1
_____________________________________________________
_____________________________________________________
93,5,0.0000,
1,6,1,0,1,1,1,0,0,0,0,1,0,1
1,6,1,1,1,1,0,0,0,1,0,1,0,1
_____________________________________________________
_____________________________________________________
94,2,0.0000,
1,6,1,1,1,1,0,0,0,1,0,1,0,1
0,7,1,0,1,1,0,0,0,0,0,1,0,1
_____________________________________________________
_____________________________________________________
95,0,0.0000,
0,7,1,0,1,1,0,0,0,0,0,1,0,1
1,6,1,0,1,1,0,0,0,0,0,1,0,1
_____________________________________________________
_____________________________________________________
96,12,0.0000,
1,6,1,0,1,1,0,0,0,0,0,1,0,1
0,7,0,0,1,1,0,1,0,0,0,1,0,0
_____________________________________________________
_____________________________________________________
97,0,0.0000,
0,7,0,0,1,1,0,1,0,0,0,1,0,0
1,6,0,1,1,1,1,0,1,1,0,0,1,0
_____________________________________________________
_____________________________________________________
98,11,0.0000,
1,6,0,1,1,1,1,0,1,1,0,0,1,0
1,6,0,1,1,0,1,0,1,1,0,0,0,0
_____________________________________________________
_____________________________________________________
99,7,0.0000,
1,6,0,1,1,0,1,0,1,1,0,0,0,0
1,6,1,0,1,0,1,0,0,0,1,1,1,0
_____________________________________________________
_____________________________________________________
100,11,0.0000,
1,6,1,0,1,0,1,0,0,0,1,1,1,0
0,7,1,0,1,0,1,1,0,0,1,1,0,0
_____________________________________________________
_____________________________________________________
101,0,0.0000,
0,7,1,0,1,0,1,1,0,0,1,1,0,0
1,6,1,0,1,0,1,1,0,0,1,1,0,0
_____________________________________________________
_____________________________________________________
102,5,0.0000,
1,6,1,0,1,0,1,1,0,0,1,1,0,0
0,7,1,0,1,0,0,1,0,0,1,1,1,0
_____________________________________________________
_____________________________________________________
103,0,0.0000,
0,7,1,0,1,0,0,1,0,0,1,1,1,0
0,7,1,0,1,1,0,1,0,0,1,1,1,0
_____________________________________________________
_____________________________________________________
104,0,0.0000,
0,7,1,0,1,1,0,1,0,0,1,1,1,0
0,7,1,0,1,1,0,1,0,0,1,1,1,0
_____________________________________________________
_____________________________________________________
105,0,0.0000,
0,7,1,0,1,1,0,1,0,0,1,1,1,0
0,7,1,0,1,1,0,1,0,0,1,1,1,0
_____________________________________________________
_____________________________________________________
106,0,0.0000,
0,7,1,0,1,1,0,1,0,0,1,1,1,0
0,7,1,0,1,1,0,1,0,0,1,1,1,1
_____________________________________________________
_____________________________________________________
107,0,0.0000,
0,7,1,0,1,1,0,1,0,0,1,1,1,1
0,7,1,0,1,1,0,1,0,0,1,1,1,1
_____________________________________________________
_____________________________________________________
108,0,0.0000,
0,7,1,0,1,1,0,1,0,0,1,1,1,1
1,6,1,0,1,1,0,1,0,0,1,1,1,1
_____________________________________________________
_____________________________________________________
109,11,0.0000,
1,6,1,0,1,1,0,1,0,0,1,1,1,1
1,6,1,0,1,0,0,1,0,0,1,1,0,1
_____________________________________________________
_____________________________________________________
110,6,0.0000,
1,6,1,0,1,0,0,1,0,0,1,1,0,1
1,6,1,0,1,1,0,0,0,0,1,1,1,1
_____________________________________________________
_____________________________________________________
111,11,0.0000,
1,6,1,0,1,1,0,0,0,0,1,1,1,1
1,6,1,1,0,0,0,0,0,0,0,1,1,1
_____________________________________________________
_____________________________________________________
112,11,0.0000,
1,6,1,1,0,0,0,0,0,0,0,1,1,1
0,7,1,1,0,0,0,0,0,0,0,1,0,1
_____________________________________________________
_____________________________________________________
113,0,0.0000,
0,7,1,1,0,0,0,0,0,0,0,1,0,1
1,6,1,1,0,0,0,1,1,0,1,1,0,1
_____________________________________________________
_____________________________________________________
114,2,0.0000,
1,6,1,1,0,0,0,1,1,0,1,1,0,1
0,7,0,1,1,0,0,1,1,0,1,1,0,1
_____________________________________________________
_____________________________________________________
115,0,0.0000,
0,7,0,1,1,0,0,1,1,0,1,1,0,1
1,6,1,1,1,1,0,1,1,0,1,1,0,1
_____________________________________________________
_____________________________________________________
116,7,0.0000,
1,6,1,1,1,1,0,1,1,0,1,1,0,1
1,6,1,1,1,1,0,0,0,0,1,1,0,1
_____________________________________________________
_____________________________________________________
117,2,0.0000,
1,6,1,1,1,1,0,0,0,0,1,1,0,1
1,6,0,0,1,1,1,0,0,0,1,0,0,1
_____________________________________________________
_____________________________________________________
118,5,0.0000,
1,6,0,0,1,1,1,0,0,0,1,0,0,1
0,7,0,0,1,1,0,0,0,1,1,0,0,1
_____________________________________________________
_____________________________________________________
119,0,0.0000,
0,7,0,0,1,1,0,0,0,1,1,0,0,1
0,7,1,1,1,1,0,0,0,1,1,1,0,1
_____________________________________________________
_____________________________________________________
120,0,0.0000,
0,7,1,1,1,1,0,0,0,1,1,1,0,1
0,7,1,1,1,1,0,0,0,1,1,1,0,1
_____________________________________________________
_____________________________________________________
121,0,0.0000,
0,7,1,1,1,1,0,0,0,1,1,1,0,1
0,7,1,1,1,1,0,0,0,1,1,1,0,1
_____________________________________________________
_____________________________________________________
122,0,0.0000,
0,7,1,1,1,1,0,0,0,1,1,1,0,1
1,6,1,1,1,1,0,0,1,1,1,1,0,1
_____________________________________________________
_____________________________________________________
123,7,0.0000,
1,6,1,1,1,1,0,0,1,1,1,1,0,1
0,7,1,1,1,1,0,0,0,1,1,1,0,1
_____________________________________________________
_____________________________________________________
124,0,0.0000,
0,7,1,1,1,1,0,0,0,1,1,1,0,1
1,6,1,1,1,1,0,0,0,1,1,1,0,1
_____________________________________________________
_____________________________________________________
125,2,0.0000,
1,6,1,1,1,1,0,0,0,1,1,1,0,1
0,7,1,0,1,0,0,0,1,1,1,0,1,0
_____________________________________________________
_____________________________________________________
126,0,0.0000,
0,7,1,0,1,0,0,0,1,1,1,0,1,0
1,6,1,0,1,0,0,0,1,1,1,0,1,0
_____________________________________________________
_____________________________________________________
127,11,0.0000,
1,6,1,0,1,0,0,0,1,1,1,0,1,0
0,7,1,0,1,0,0,0,1,0,1,0,0,0
_____________________________________________________
_____________________________________________________
128,0,0.0000,
0,7,1,0,1,0,0,0,1,0,1,0,0,0
0,7,1,0,1,0,0,1,1,0,1,1,0,0
_____________________________________________________
_____________________________________________________
129,0,0.0000,
0,7,1,0,1,0,0,1,1,0,1,1,0,0
1,6,1,0,1,0,0,1,1,0,1,1,0,0
_____________________________________________________
_____________________________________________________
130,7,0.0000,
1,6,1,0,1,0,0,1,1,0,1,1,0,0
0,7,1,0,1,0,0,1,0,0,1,1,1,0
_____________________________________________________
_____________________________________________________
131,0,0.0000,
0,7,1,0,1,0,0,1,0,0,1,1,1,0
0,7,1,0,1,0,0,1,0,1,1,1,1,0
_____________________________________________________
_____________________________________________________
132,0,0.0000,
0,7,1,0,1,0,0,1,0,1,1,1,1,0
0,7,1,0,1,0,0,1,0,1,1,1,1,1
_____________________________________________________
_____________________________________________________
133,0,0.0000,
0,7,1,0,1,0,0,1,0,1,1,1,1,1
1,6,1,0,1,1,1,1,0,1,1,1,1,1
_____________________________________________________
_____________________________________________________
134,11,0.0000,
1,6,1,0,1,1,1,1,0,1,1,1,1,1
1,6,1,0,1,1,1,1,0,0,1,1,1,1
_____________________________________________________
_____________________________________________________
135,11,0.0000,
1,6,1,0,1,1,1,1,0,0,1,1,1,1
0,7,1,0,1,1,1,1,0,0,1,1,0,1
_____________________________________________________
_____________________________________________________
136,0,0.0000,
0,7,1,0,1,1,1,1,0,0,1,1,0,1
0,7,1,0,1,1,1,1,0,0,1,1,0,1
_____________________________________________________
_____________________________________________________
137,0,0.0000,
0,7,1,0,1,1,1,1,0,0,1,1,0,1
1,6,1,0,1,1,1,1,0,0,1,1,0,1
_____________________________________________________
_____________________________________________________
138,5,0.0000,
1,6,1,0,1,1,1,1,0,0,1,1,0,1
1,6,1,0,1,0,0,1,0,0,1,1,0,0
_____________________________________________________
_____________________________________________________
139,6,0.0000,
1,6,1,0,1,0,0,1,0,0,1,1,0,0
0,6,0,0,0,0,0,0,0,0,0,0,0,0
_____________________________________________________
