_____________________________________________________
0,6,0.0000,
1,6,0,1,0,0,0,1,0,0,0,1,0,1
0,7,0,1,0,0,0,0,0,0,0,0,0,0
_____________________________________________________
_____________________________________________________
1,0,0.0000,
0,7,0,1,0,0,0,0,0,0,0,0,0,0
0,7,0,1,0,0,0,0,0,0,0,0,0,0
_____________________________________________________
_____________________________________________________
2,0,0.0000,
0,7,0,1,0,0,0,0,0,0,0,0,0,0
1,6,0,1,0,0,0,0,0,0,0,0,0,0
_____________________________________________________
_____________________________________________________
3,2,0.0000,
1,6,0,1,0,0,0,0,0,0,0,0,0,0
1,6,0,0,0,0,0,0,0,0,0,0,0,0
_____________________________________________________
_____________________________________________________
4,0,0.0000,
1,6,0,0,0,0,0,0,0,0,0,0,0,0
2,5,0,0,0,0,0,0,0,0,0,0,0,0
_____________________________________________________
_____________________________________________________
5,9,-1.0000,
2,5,0,0,0,0,0,0,0,0,0,0,0,0
1,5,0,0,0,0,0,0,0,0,-1,0,0,0
_____________________________________________________
_____________________________________________________
6,9,0.0000,
1,5,0,0,0,0,0,0,0,0,-1,0,0,0
1,6,0,0,0,0,0,0,0,0,-1,0,0,0
_____________________________________________________
_____________________________________________________
7,9,0.0000,
1,6,0,0,0,0,0,0,0,0,-1,0,0,0
0,7,0,0,0,0,0,0,0,1,-1,0,0,0
_____________________________________________________
_____________________________________________________
8,0,0.0000,
0,7,0,0,0,0,0,0,0,1,-1,0,0,0
0,7,0,0,0,0,0,0,0,1,-1,0,0,0
_____________________________________________________
_____________________________________________________
9,0,0.0000,
0,7,0,0,0,0,0,0,0,1,-1,0,0,0
0,7,0,0,1,0,0,0,0,1,-1,0,0,0
_____________________________________________________
_____________________________________________________
10,0,0.0000,
0,7,0,0,1,0,0,0,0,1,-1,0,0,0
0,7,0,0,1,0,0,0,0,1,-1,0,0,0
_____________________________________________________
_____________________________________________________
11,0,0.0000,
0,7,0,0,1,0,0,0,0,1,-1,0,0,0
0,7,0,0,1,0,0,0,0,1,-1,0,0,0
_____________________________________________________
_____________________________________________________
12,0,0.0000,
0,7,0,0,1,0,0,0,0,1,-1,0,0,0
1,6,0,0,1,0,0,0,0,1,-1,0,0,0
_____________________________________________________
_____________________________________________________
13,9,0.0000,
1,6,0,0,1,0,0,0,0,1,-1,0,0,0
0,7,1,1,1,0,0,0,1,0,1,0,1,1
_____________________________________________________
_____________________________________________________
14,0,0.0000,
0,7,1,1,1,0,0,0,1,0,1,0,1,1
0,7,1,1,1,0,0,0,1,0,1,0,1,1
_____________________________________________________
_____________________________________________________
15,0,0.0000,
0,7,1,1,1,0,0,0,1,0,1,0,1,1
1,6,1,1,1,0,0,0,1,0,0,0,1,0
_____________________________________________________
_____________________________________________________
16,11,0.0000,
1,6,1,1,1,0,0,0,1,0,0,0,1,0
1,6,0,0,0,0,0,0,0,0,0,0,0,0
_____________________________________________________
_____________________________________________________
17,0,0.0000,
1,6,0,0,0,0,0,0,0,0,0,0,0,0
1,5,0,0,0,0,0,0,0,0,0,0,0,0
_____________________________________________________
_____________________________________________________
18,0,0.0000,
1,5,0,0,0,0,0,0,0,0,0,0,0,0
2,4,0,0,0,0,0,0,0,0,0,0,0,0
_____________________________________________________
_____________________________________________________
19,9,-1.0000,
2,4,0,0,0,0,0,0,0,0,0,0,0,0
2,5,-1,0,0,0,0,0,0,0,-1,0,0,-1
_____________________________________________________
_____________________________________________________
20,9,0.0000,
2,5,-1,0,0,0,0,0,0,0,-1,0,0,-1
2,5,-1,0,0,0,0,0,0,0,-1,0,0,-1
_____________________________________________________
_____________________________________________________
21,9,0.0000,
2,5,-1,0,0,0,0,0,0,0,-1,0,0,-1
1,5,-1,0,0,0,0,0,0,0,-1,0,1,-1
_____________________________________________________
_____________________________________________________
22,9,0.0000,
1,5,-1,0,0,0,0,0,0,0,-1,0,1,-1
1,6,0,0,1,0,0,0,1,0,0,0,1,0
_____________________________________________________
_____________________________________________________
23,11,0.0000,
1,6,0,0,1,0,0,0,1,0,0,0,1,0
0,7,0,0,0,0,0,0,0,0,0,0,0,0
_____________________________________________________
_____________________________________________________
24,0,0.0000,
0,7,0,0,0,0,0,0,0,0,0,0,0,0
0,7,0,0,0,0,0,0,0,0,0,0,0,0
_____________________________________________________
_____________________________________________________
25,0,0.0000,
0,7,0,0,0,0,0,0,0,0,0,0,0,0
0,7,0,0,0,0,0,0,0,0,0,0,0,0
_____________________________________________________
_____________________________________________________
26,0,0.0000,
0,7,0,0,0,0,0,0,0,0,0,0,0,0
0,7,0,0,0,0,0,0,0,0,0,0,0,0
_____________________________________________________
_____________________________________________________
27,0,0.0000,
0,7,0,0,0,0,0,0,0,0,0,0,0,0
1,6,-1,0,-1,0,-1,0,0,0,0,0,0,0
_____________________________________________________
_____________________________________________________
28,1,0.0000,
1,6,-1,0,-1,0,-1,0,0,0,0,0,0,0
0,7,-1,0,-1,0,-1,0,0,0,0,0,1,0
_____________________________________________________
_____________________________________________________
29,0,0.0000,
0,7,-1,0,-1,0,-1,0,0,0,0,0,1,0
1,6,-1,0,-1,0,-1,0,0,0,0,0,1,0
_____________________________________________________
_____________________________________________________
30,5,0.0000,
1,6,-1,0,-1,0,-1,0,0,0,0,0,1,0
0,7,-1,0,-1,0,-1,0,0,0,0,0,1,0
_____________________________________________________
_____________________________________________________
31,0,0.0000,
0,7,-1,0,-1,0,-1,0,0,0,0,0,1,0
0,7,-1,0,0,0,0,0,0,0,0,0,1,0
_____________________________________________________
_____________________________________________________
32,0,0.0000,
0,7,-1,0,0,0,0,0,0,0,0,0,1,0
0,7,0,0,0,0,0,0,0,0,0,0,1,0
_____________________________________________________
_____________________________________________________
33,0,0.0000,
0,7,0,0,0,0,0,0,0,0,0,0,1,0
1,6,0,0,0,0,0,0,0,0,0,0,1,0
_____________________________________________________
_____________________________________________________
34,11,0.0000,
1,6,0,0,0,0,0,0,0,0,0,0,1,0
1,6,0,0,0,0,0,0,0,0,0,1,0,0
_____________________________________________________
_____________________________________________________
35,10,0.0000,
1,6,0,0,0,0,0,0,0,0,0,1,0,0
0,7,0,0,0,0,0,0,0,0,0,0,0,0
_____________________________________________________
_____________________________________________________
36,0,0.0000,
0,7,0,0,0,0,0,0,0,0,0,0,0,0
0,7,0,0,0,0,0,0,0,0,0,0,0,0
_____________________________________________________
_____________________________________________________
37,0,0.0000,
0,7,0,0,0,0,0,0,0,0,0,0,0,0
1,6,0,0,0,0,0,0,0,0,0,0,0,0
_____________________________________________________
_____________________________________________________
38,0,0.0000,
1,6,0,0,0,0,0,0,0,0,0,0,0,0
2,5,0,0,1,0,1,0,0,0,0,0,0,0
_____________________________________________________
_____________________________________________________
39,5,0.0000,
2,5,0,0,1,0,1,0,0,0,0,0,0,0
2,5,0,0,0,0,0,0,0,0,0,0,0,0
_____________________________________________________
_____________________________________________________
40,9,-1.0000,
2,5,0,0,0,0,0,0,0,0,0,0,0,0
2,5,0,-1,0,0,0,0,0,0,-1,0,0,0
_____________________________________________________
_____________________________________________________
41,9,0.0000,
2,5,0,-1,0,0,0,0,0,0,-1,0,0,0
1,5,-1,0,0,0,0,0,0,0,0,0,0,0
_____________________________________________________
_____________________________________________________
42,1,0.0000,
1,5,-1,0,0,0,0,0,0,0,0,0,0,0
1,6,-1,0,0,0,0,0,0,0,0,0,0,0
_____________________________________________________
_____________________________________________________
43,1,0.0000,
1,6,-1,0,0,0,0,0,0,0,0,0,0,0
0,7,-1,0,0,0,0,0,0,0,0,0,0,0
_____________________________________________________
_____________________________________________________
44,0,0.0000,
0,7,-1,0,0,0,0,0,0,0,0,0,0,0
0,7,-1,0,0,0,0,0,0,0,0,0,0,0
_____________________________________________________
_____________________________________________________
45,0,0.0000,
0,7,-1,0,0,0,0,0,0,0,0,0,0,0
1,6,-1,0,0,0,0,0,0,0,0,0,0,0
_____________________________________________________
_____________________________________________________
46,1,0.0000,
1,6,-1,0,0,0,0,0,0,0,0,0,0,0
0,7,-1,0,0,0,0,0,0,0,0,0,0,0
_____________________________________________________
_____________________________________________________
47,0,0.0000,
0,7,-1,0,0,0,0,0,0,0,0,0,0,0
1,6,-1,0,0,0,0,0,0,0,0,0,0,0
_____________________________________________________
_____________________________________________________
48,1,0.0000,
1,6,-1,0,0,0,0,0,0,0,0,0,0,0
0,7,-1,0,0,0,0,0,0,0,0,0,0,0
_____________________________________________________
_____________________________________________________
49,0,0.0000,
0,7,-1,0,0,0,0,0,0,0,0,0,0,0
1,6,-1,0,0,0,0,0,0,0,0,0,0,0
_____________________________________________________
_____________________________________________________
50,1,0.0000,
1,6,-1,0,0,0,0,0,0,0,0,0,0,0
1,6,-1,0,0,0,0,0,0,0,0,0,0,0
_____________________________________________________
_____________________________________________________
51,1,0.0000,
1,6,-1,0,0,0,0,0,0,0,0,0,0,0
1,6,-1,0,1,0,0,0,0,0,0,1,1,0
_____________________________________________________
_____________________________________________________
52,11,0.0000,
1,6,-1,0,1,0,0,0,0,0,0,1,1,0
0,7,-1,0,1,0,1,0,0,0,0,0,0,0
_____________________________________________________
_____________________________________________________
53,0,0.0000,
0,7,-1,0,1,0,1,0,0,0,0,0,0,0
0,7,-1,0,1,0,1,0,0,0,0,0,0,0
_____________________________________________________
_____________________________________________________
54,0,0.0000,
0,7,-1,0,1,0,1,0,0,0,0,0,0,0
0,7,-1,0,1,0,1,0,0,0,0,0,0,0
_____________________________________________________
_____________________________________________________
55,0,0.0000,
0,7,-1,0,1,0,1,0,0,0,0,0,0,0
0,7,0,0,1,1,0,0,1,0,1,0,1,1
_____________________________________________________
_____________________________________________________
56,0,0.0000,
0,7,0,0,1,1,0,0,1,0,1,0,1,1
0,7,0,0,0,1,0,0,0,0,1,0,1,1
_____________________________________________________
_____________________________________________________
57,0,0.0000,
0,7,0,0,0,1,0,0,0,0,1,0,1,1
1,6,0,0,0,1,0,0,0,0,1,0,1,1
_____________________________________________________
_____________________________________________________
58,11,0.0000,
1,6,0,0,0,1,0,0,0,0,1,0,1,1
1,6,0,0,0,1,0,0,0,0,1,0,0,1
_____________________________________________________
_____________________________________________________
59,12,0.0000,
1,6,0,0,0,1,0,0,0,0,1,0,0,1
0,7,0,0,0,1,0,0,0,0,0,0,0,0
_____________________________________________________
_____________________________________________________
60,0,0.0000,
0,7,0,0,0,1,0,0,0,0,0,0,0,0
1,6,0,0,0,0,0,0,0,0,0,0,0,0
_____________________________________________________
_____________________________________________________
61,0,0.0000,
1,6,0,0,0,0,0,0,0,0,0,0,0,0
1,5,0,0,0,0,0,0,0,0,0,0,0,0
_____________________________________________________
_____________________________________________________
62,0,0.0000,
1,5,0,0,0,0,0,0,0,0,0,0,0,0
1,4,0,0,1,0,0,0,1,0,0,1,0,0
_____________________________________________________
_____________________________________________________
63,7,0.0000,
1,4,0,0,1,0,0,0,1,0,0,1,0,0
0,7,0,0,0,0,0,0,0,0,0,0,0,0
_____________________________________________________
_____________________________________________________
64,0,0.0000,
0,7,0,0,0,0,0,0,0,0,0,0,0,0
1,6,0,0,0,0,0,0,0,0,0,0,0,0
_____________________________________________________
_____________________________________________________
65,0,0.0000,
1,6,0,0,0,0,0,0,0,0,0,0,0,0
1,5,0,0,0,0,0,0,0,0,0,0,0,0
_____________________________________________________
_____________________________________________________
66,0,0.0000,
1,5,0,0,0,0,0,0,0,0,0,0,0,0
1,4,0,0,0,0,0,0,1,0,0,1,0,0
_____________________________________________________
_____________________________________________________
67,7,0.0000,
1,4,0,0,0,0,0,0,1,0,0,1,0,0
1,6,0,0,0,0,0,0,0,0,0,0,0,0
_____________________________________________________
_____________________________________________________
68,0,0.0000,
1,6,0,0,0,0,0,0,0,0,0,0,0,0
2,5,0,0,0,0,0,0,0,0,0,0,0,0
_____________________________________________________
_____________________________________________________
69,9,-1.0000,
2,5,0,0,0,0,0,0,0,0,0,0,0,0
1,5,-1,0,0,0,-1,0,-1,0,0,0,0,0
_____________________________________________________
_____________________________________________________
70,1,0.0000,
1,5,-1,0,0,0,-1,0,-1,0,0,0,0,0
1,6,-1,0,0,0,-1,0,-1,0,0,0,0,0
_____________________________________________________
_____________________________________________________
71,1,0.0000,
1,6,-1,0,0,0,-1,0,-1,0,0,0,0,0
1,6,0,0,0,0,0,0,0,0,0,0,0,0
_____________________________________________________
_____________________________________________________
72,0,0.0000,
1,6,0,0,0,0,0,0,0,0,0,0,0,0
2,5,0,0,0,0,0,0,0,0,0,0,0,0
_____________________________________________________
_____________________________________________________
73,9,-1.0000,
2,5,0,0,0,0,0,0,0,0,0,0,0,0
1,5,0,0,0,1,0,0,0,0,-1,0,0,0
_____________________________________________________
_____________________________________________________
74,9,0.0000,
1,5,0,0,0,1,0,0,0,0,-1,0,0,0
1,6,0,0,0,1,0,0,0,0,-1,0,0,0
_____________________________________________________
_____________________________________________________
75,9,0.0000,
1,6,0,0,0,1,0,0,0,0,-1,0,0,0
1,6,0,0,0,1,0,0,0,0,-1,0,0,0
_____________________________________________________
_____________________________________________________
76,9,0.0000,
1,6,0,0,0,1,0,0,0,0,-1,0,0,0
0,7,0,0,0,1,0,0,0,0,-1,0,0,0
_____________________________________________________
_____________________________________________________
77,0,0.0000,
0,7,0,0,0,1,0,0,0,0,-1,0,0,0
0,7,0,0,0,1,0,0,0,0,-1,0,0,0
_____________________________________________________
_____________________________________________________
78,0,0.0000,
0,7,0,0,0,1,0,0,0,0,-1,0,0,0
1,6,0,0,0,1,0,0,0,0,-1,0,0,0
_____________________________________________________
_____________________________________________________
79,9,0.0000,
1,6,0,0,0,1,0,0,0,0,-1,0,0,0
1,6,0,0,0,1,0,0,0,0,-1,0,0,0
_____________________________________________________
_____________________________________________________
80,9,0.0000,
1,6,0,0,0,1,0,0,0,0,-1,0,0,0
1,6,0,0,0,1,0,0,0,0,-1,0,0,0
_____________________________________________________
_____________________________________________________
81,9,0.0000,
1,6,0,0,0,1,0,0,0,0,-1,0,0,0
0,7,0,0,0,1,0,0,0,0,-1,0,0,0
_____________________________________________________
_____________________________________________________
82,0,0.0000,
0,7,0,0,0,1,0,0,0,0,-1,0,0,0
0,7,0,0,0,1,0,0,0,0,-1,0,0,0
_____________________________________________________
_____________________________________________________
83,0,0.0000,
0,7,0,0,0,1,0,0,0,0,-1,0,0,0
0,7,0,0,0,0,0,0,1,0,0,0,0,1
_____________________________________________________
_____________________________________________________
84,0,0.0000,
0,7,0,0,0,0,0,0,1,0,0,0,0,1
1,6,0,0,0,1,0,0,1,0,1,1,0,1
_____________________________________________________
_____________________________________________________
85,7,0.0000,
1,6,0,0,0,1,0,0,1,0,1,1,0,1
1,6,0,0,0,1,0,0,0,0,1,1,0,0
_____________________________________________________
_____________________________________________________
86,9,0.0000,
1,6,0,0,0,1,0,0,0,0,1,1,0,0
1,6,0,0,0,0,0,0,0,0,0,0,0,0
_____________________________________________________
_____________________________________________________
87,0,0.0000,
1,6,0,0,0,0,0,0,0,0,0,0,0,0
1,5,0,0,0,0,0,0,0,0,0,0,0,0
_____________________________________________________
_____________________________________________________
88,0,0.0000,
1,5,0,0,0,0,0,0,0,0,0,0,0,0
2,4,0,0,0,0,0,0,0,0,0,0,0,0
_____________________________________________________
_____________________________________________________
89,9,-1.0000,
2,4,0,0,0,0,0,0,0,0,0,0,0,0
2,5,1,0,0,-1,0,0,0,0,-1,-1,0,0
_____________________________________________________
_____________________________________________________
90,9,0.0000,
2,5,1,0,0,-1,0,0,0,0,-1,-1,0,0
1,5,1,0,0,-1,0,0,0,0,-1,-1,0,0
_____________________________________________________
_____________________________________________________
91,9,0.0000,
1,5,1,0,0,-1,0,0,0,0,-1,-1,0,0
0,7,1,0,0,-1,0,0,0,0,-1,-1,0,0
_____________________________________________________
_____________________________________________________
92,0,0.0000,
0,7,1,0,0,-1,0,0,0,0,-1,-1,0,0
1,6,1,0,0,-1,0,0,0,0,-1,-1,0,0
_____________________________________________________
_____________________________________________________
93,9,0.0000,
1,6,1,0,0,-1,0,0,0,0,-1,-1,0,0
0,7,1,0,0,-1,0,0,0,0,-1,-1,0,0
_____________________________________________________
_____________________________________________________
94,0,0.0000,
0,7,1,0,0,-1,0,0,0,0,-1,-1,0,0
1,6,1,0,0,-1,0,0,0,0,-1,0,0,0
_____________________________________________________
_____________________________________________________
95,9,0.0000,
1,6,1,0,0,-1,0,0,0,0,-1,0,0,0
0,7,1,0,0,0,0,0,0,0,0,0,0,0
_____________________________________________________
_____________________________________________________
96,0,0.0000,
0,7,1,0,0,0,0,0,0,0,0,0,0,0
0,7,1,0,0,0,0,0,0,0,0,0,0,0
_____________________________________________________
_____________________________________________________
97,0,0.0000,
0,7,1,0,0,0,0,0,0,0,0,0,0,0
0,7,0,0,0,1,1,1,0,0,0,0,0,0
_____________________________________________________
_____________________________________________________
98,0,0.0000,
0,7,0,0,0,1,1,1,0,0,0,0,0,0
0,7,0,0,0,0,1,1,0,0,0,0,0,0
_____________________________________________________
_____________________________________________________
99,0,0.0000,
0,7,0,0,0,0,1,1,0,0,0,0,0,0
1,6,0,0,0,0,1,1,0,0,0,0,0,0
_____________________________________________________
_____________________________________________________
100,5,0.0000,
1,6,0,0,0,0,1,1,0,0,0,0,0,0
1,6,0,0,0,0,0,0,0,0,0,0,0,0
_____________________________________________________
_____________________________________________________
101,0,0.0000,
1,6,0,0,0,0,0,0,0,0,0,0,0,0
1,5,0,0,0,0,0,0,0,0,0,0,0,0
_____________________________________________________
_____________________________________________________
102,0,0.0000,
1,5,0,0,0,0,0,0,0,0,0,0,0,0
1,4,0,0,0,0,0,0,0,0,0,0,0,0
_____________________________________________________
_____________________________________________________
103,10,-1.0000,
1,4,0,0,0,0,0,0,0,0,0,0,0,0
0,7,0,0,0,0,0,0,0,0,0,-1,-1,0
_____________________________________________________
_____________________________________________________
104,0,0.0000,
0,7,0,0,0,0,0,0,0,0,0,-1,-1,0
0,7,0,0,0,0,0,0,0,0,0,-1,-1,0
_____________________________________________________
_____________________________________________________
105,0,0.0000,
0,7,0,0,0,0,0,0,0,0,0,-1,-1,0
0,7,0,1,0,0,1,1,0,0,0,-1,-1,0
_____________________________________________________
_____________________________________________________
106,0,0.0000,
0,7,0,1,0,0,1,1,0,0,0,-1,-1,0
1,6,0,1,0,0,1,1,0,0,0,-1,-1,0
_____________________________________________________
_____________________________________________________
107,11,0.0000,
1,6,0,1,0,0,1,1,0,0,0,-1,-1,0
0,7,0,1,0,0,1,1,0,0,0,-1,0,0
_____________________________________________________
_____________________________________________________
108,0,0.0000,
0,7,0,1,0,0,1,1,0,0,0,-1,0,0
1,6,0,1,0,0,1,1,0,0,0,0,0,0
_____________________________________________________
_____________________________________________________
109,5,0.0000,
1,6,0,1,0,0,1,1,0,0,0,0,0,0
0,7,0,1,0,0,0,0,0,0,0,0,0,0
_____________________________________________________
_____________________________________________________
110,0,0.0000,
0,7,0,1,0,0,0,0,0,0,0,0,0,0
1,6,0,1,0,0,0,0,0,0,0,0,0,0
_____________________________________________________
_____________________________________________________
111,2,0.0000,
1,6,0,1,0,0,0,0,0,0,0,0,0,0
1,6,0,0,0,0,0,0,0,0,0,0,0,0
_____________________________________________________
_____________________________________________________
112,0,0.0000,
1,6,0,0,0,0,0,0,0,0,0,0,0,0
2,5,0,0,0,0,0,0,0,0,0,0,0,0
_____________________________________________________
_____________________________________________________
113,9,-1.0000,
2,5,0,0,0,0,0,0,0,0,0,0,0,0
2,5,-1,0,-1,0,0,0,0,0,-1,0,0,0
_____________________________________________________
_____________________________________________________
114,9,0.0000,
2,5,-1,0,-1,0,0,0,0,0,-1,0,0,0
2,5,0,0,0,0,0,0,0,0,0,0,0,0
_____________________________________________________
_____________________________________________________
115,0,0.0000,
2,5,0,0,0,0,0,0,0,0,0,0,0,0
2,4,0,0,0,0,0,0,0,0,0,0,0,0
_____________________________________________________
_____________________________________________________
116,9,-1.0000,
2,4,0,0,0,0,0,0,0,0,0,0,0,0
1,4,-1,0,-1,0,0,0,0,0,-1,0,0,0
_____________________________________________________
_____________________________________________________
117,9,0.0000,
1,4,-1,0,-1,0,0,0,0,0,-1,0,0,0
1,6,-1,0,-1,0,0,0,0,0,-1,0,0,0
_____________________________________________________
_____________________________________________________
118,9,0.0000,
1,6,-1,0,-1,0,0,0,0,0,-1,0,0,0
0,7,-1,0,-1,0,0,0,0,0,-1,0,0,0
_____________________________________________________
_____________________________________________________
119,0,0.0000,
0,7,-1,0,-1,0,0,0,0,0,-1,0,0,0
0,7,-1,0,-1,0,0,0,0,0,-1,0,0,0
_____________________________________________________
_____________________________________________________
120,0,0.0000,
0,7,-1,0,-1,0,0,0,0,0,-1,0,0,0
1,6,-1,0,1,0,0,0,0,0,1,0,0,0
_____________________________________________________
_____________________________________________________
121,1,0.0000,
1,6,-1,0,1,0,0,0,0,0,1,0,0,0
0,7,1,0,1,0,0,0,0,0,1,0,0,0
_____________________________________________________
_____________________________________________________
122,0,0.0000,
0,7,1,0,1,0,0,0,0,0,1,0,0,0
0,7,1,0,1,0,0,0,0,0,0,0,0,0
_____________________________________________________
_____________________________________________________
123,0,0.0000,
0,7,1,0,1,0,0,0,0,0,0,0,0,0
0,7,0,0,0,0,0,0,0,0,0,0,0,0
_____________________________________________________
_____________________________________________________
124,0,0.0000,
0,7,0,0,0,0,0,0,0,0,0,0,0,0
0,7,0,0,0,0,0,0,0,0,0,0,0,0
_____________________________________________________
_____________________________________________________
125,0,0.0000,
0,7,0,0,0,0,0,0,0,0,0,0,0,0
0,7,0,0,0,0,0,0,0,0,0,0,0,0
_____________________________________________________
_____________________________________________________
126,0,0.0000,
0,7,0,0,0,0,0,0,0,0,0,0,0,0
1,6,0,0,0,0,0,0,0,0,0,0,0,0
_____________________________________________________
_____________________________________________________
127,0,0.0000,
1,6,0,0,0,0,0,0,0,0,0,0,0,0
2,5,0,0,0,0,0,0,0,0,0,1,0,0
_____________________________________________________
_____________________________________________________
128,10,0.0000,
2,5,0,0,0,0,0,0,0,0,0,1,0,0
2,5,0,0,0,0,0,0,0,0,0,0,0,0
_____________________________________________________
_____________________________________________________
129,9,-1.0000,
2,5,0,0,0,0,0,0,0,0,0,0,0,0
2,5,0,0,0,-1,0,0,0,-1,-1,0,0,0
_____________________________________________________
_____________________________________________________
130,9,0.0000,
2,5,0,0,0,-1,0,0,0,-1,-1,0,0,0
2,5,0,0,0,-1,0,0,0,-1,0,0,0,0
_____________________________________________________
_____________________________________________________
131,9,-1.0000,
2,5,0,0,0,-1,0,0,0,-1,0,0,0,0
2,5,0,0,0,-1,0,0,0,-1,-1,0,0,0
_____________________________________________________
_____________________________________________________
132,9,0.0000,
2,5,0,0,0,-1,0,0,0,-1,-1,0,0,0
2,5,1,0,0,-1,0,0,0,-1,-1,0,0,0
_____________________________________________________
_____________________________________________________
133,9,0.0000,
2,5,1,0,0,-1,0,0,0,-1,-1,0,0,0
1,5,1,0,0,0,0,0,0,0,0,0,0,0
_____________________________________________________
_____________________________________________________
134,1,0.0000,
1,5,1,0,0,0,0,0,0,0,0,0,0,0
1,6,0,0,0,0,0,0,0,0,0,0,0,0
_____________________________________________________
_____________________________________________________
135,0,0.0000,
1,6,0,0,0,0,0,0,0,0,0,0,0,0
2,5,0,0,0,0,0,0,0,0,0,0,0,0
_____________________________________________________
_____________________________________________________
136,9,-1.0000,
2,5,0,0,0,0,0,0,0,0,0,0,0,0
2,5,0,0,0,-1,0,0,0,-1,-1,0,0,0
_____________________________________________________
_____________________________________________________
137,9,0.0000,
2,5,0,0,0,-1,0,0,0,-1,-1,0,0,0
1,5,0,0,0,-1,0,0,0,-1,-1,0,0,0
_____________________________________________________
_____________________________________________________
138,9,0.0000,
1,5,0,0,0,-1,0,0,0,-1,-1,0,0,0
0,7,0,0,0,-1,0,0,0,-1,-1,0,0,0
_____________________________________________________
_____________________________________________________
139,0,0.0000,
0,7,0,0,0,-1,0,0,0,-1,-1,0,0,0
0,7,0,0,0,0,0,0,0,0,0,0,0,0
_____________________________________________________
