_____________________________________________________
0,11,0.0000,
3,5,1,0,1,1,1,1,1,1,1,1,1,0
3,5,1,0,1,1,1,1,1,1,1,1,0,0
_____________________________________________________
_____________________________________________________
1,5,0.0000,
3,5,1,0,1,1,1,1,1,1,1,1,0,0
2,4,1,0,1,1,0,1,1,0,1,1,0,0
_____________________________________________________
_____________________________________________________
2,7,0.0000,
2,4,1,0,1,1,0,1,1,0,1,1,0,0
1,4,0,0,1,1,0,1,0,0,0,1,0,0
_____________________________________________________
_____________________________________________________
3,6,0.0000,
1,4,0,0,1,1,0,1,0,0,0,1,0,0
0,7,0,0,1,1,0,0,0,0,0,1,0,0
_____________________________________________________
_____________________________________________________
4,0,0.0000,
0,7,0,0,1,1,0,0,0,0,0,1,0,0
0,7,0,0,1,1,0,0,0,0,0,1,0,1
_____________________________________________________
_____________________________________________________
5,0,0.0000,
0,7,0,0,1,1,0,0,0,0,0,1,0,1
1,6,0,0,1,1,0,0,0,0,0,1,0,1
_____________________________________________________
_____________________________________________________
6,12,0.0000,
1,6,0,0,1,1,0,0,0,0,0,1,0,1
0,7,0,0,1,1,0,0,0,0,0,1,0,0
_____________________________________________________
_____________________________________________________
7,0,0.0000,
0,7,0,0,1,1,0,0,0,0,0,1,0,0
0,7,0,0,1,1,0,0,0,0,0,1,0,0
_____________________________________________________
_____________________________________________________
8,0,0.0000,
0,7,0,0,1,1,0,0,0,0,0,1,0,0
0,7,0,0,1,1,0,0,1,0,1,1,0,0
_____________________________________________________
_____________________________________________________
9,0,0.0000,
0,7,0,0,1,1,0,0,1,0,1,1,0,0
1,6,1,0,1,1,0,0,1,0,1,1,0,0
_____________________________________________________
_____________________________________________________
10,7,0.0000,
1,6,1,0,1,1,0,0,1,0,1,1,0,0
0,7,0,0,1,1,0,1,0,0,0,1,0,0
_____________________________________________________
_____________________________________________________
11,0,0.0000,
0,7,0,0,1,1,0,1,0,0,0,1,0,0
1,6,0,0,1,0,0,1,1,0,1,1,0,0
_____________________________________________________
_____________________________________________________
12,7,0.0000,
1,6,0,0,1,0,0,1,1,0,1,1,0,0
0,7,0,0,1,0,0,1,0,0,0,1,0,1
_____________________________________________________
_____________________________________________________
13,0,0.0000,
0,7,0,0,1,0,0,1,0,0,0,1,0,1
1,6,1,0,0,1,1,1,1,0,0,0,0,0
_____________________________________________________
_____________________________________________________
14,5,0.0000,
1,6,1,0,0,1,1,1,1,0,0,0,0,0
1,6,1,0,0,1,0,1,1,0,0,0,0,0
_____________________________________________________
_____________________________________________________
15,7,0.0000,
1,6,1,0,0,1,0,1,1,0,0,0,0,0
0,7,1,0,0,0,0,1,0,0,0,1,0,0
_____________________________________________________
_____________________________________________________
16,0,0.0000,
0,7,1,0,0,0,0,1,0,0,0,1,0,0
0,7,1,0,0,0,0,1,0,1,0,1,0,0
_____________________________________________________
_____________________________________________________
17,0,0.0000,
0,7,1,0,0,0,0,1,0,1,0,1,0,0
1,6,1,0,0,0,0,1,0,1,0,1,0,0
_____________________________________________________
_____________________________________________________
18,6,0.0000,
1,6,1,0,0,0,0,1,0,1,0,1,0,0
0,7,0,0,1,0,0,0,0,1,0,1,0,0
_____________________________________________________
_____________________________________________________
19,0,0.0000,
0,7,0,0,1,0,0,0,0,1,0,1,0,0
1,6,0,0,1,0,0,0,1,1,0,1,0,0
_____________________________________________________
_____________________________________________________
20,7,0.0000,
1,6,0,0,1,0,0,0,1,1,0,1,0,0
1,6,0,0,1,0,0,0,0,1,0,1,0,0
_____________________________________________________
_____________________________________________________
21,10,0.0000,
1,6,0,0,1,0,0,0,0,1,0,1,0,0
0,7,0,0,1,0,0,0,0,0,0,0,0,0
_____________________________________________________
_____________________________________________________
22,0,0.0000,
0,7,0,0,1,0,0,0,0,0,0,0,0,0
0,7,0,0,1,0,0,0,0,0,0,0,0,0
_____________________________________________________
_____________________________________________________
23,0,0.0000,
0,7,0,0,1,0,0,0,0,0,0,0,0,0
1,6,0,0,1,0,0,0,0,0,0,1,0,0
_____________________________________________________
_____________________________________________________
24,3,0.0000,
1,6,0,0,1,0,0,0,0,0,0,1,0,0
1,6,0,0,0,0,0,0,0,1,0,1,0,0
_____________________________________________________
_____________________________________________________
25,8,0.0000,
1,6,0,0,0,0,0,0,0,1,0,1,0,0
0,7,0,0,0,0,0,0,0,0,0,0,0,0
_____________________________________________________
_____________________________________________________
26,0,0.0000,
0,7,0,0,0,0,0,0,0,0,0,0,0,0
1,6,0,0,0,0,0,0,0,0,0,0,0,0
_____________________________________________________
_____________________________________________________
27,0,0.0000,
1,6,0,0,0,0,0,0,0,0,0,0,0,0
2,5,0,0,0,0,1,0,0,0,0,1,0,0
_____________________________________________________
_____________________________________________________
28,5,0.0000,
2,5,0,0,0,0,1,0,0,0,0,1,0,0
1,5,0,0,0,1,0,0,0,1,0,1,0,0
_____________________________________________________
_____________________________________________________
29,10,0.0000,
1,5,0,0,0,1,0,0,0,1,0,1,0,0
0,7,0,0,0,0,0,0,0,0,0,1,0,0
_____________________________________________________
_____________________________________________________
30,0,0.0000,
0,7,0,0,0,0,0,0,0,0,0,1,0,0
0,7,0,0,0,1,0,0,0,1,0,1,0,1
_____________________________________________________
_____________________________________________________
31,0,0.0000,
0,7,0,0,0,1,0,0,0,1,0,1,0,1
0,7,0,0,0,1,0,0,0,1,0,1,0,1
_____________________________________________________
_____________________________________________________
32,0,0.0000,
0,7,0,0,0,1,0,0,0,1,0,1,0,1
0,7,0,0,0,1,0,0,0,1,0,1,0,1
_____________________________________________________
_____________________________________________________
33,0,0.0000,
0,7,0,0,0,1,0,0,0,1,0,1,0,1
1,6,0,0,0,0,0,0,0,0,0,0,0,1
_____________________________________________________
_____________________________________________________
34,12,0.0000,
1,6,0,0,0,0,0,0,0,0,0,0,0,1
1,6,1,0,0,0,0,0,1,0,0,0,0,0
_____________________________________________________
_____________________________________________________
35,7,0.0000,
1,6,1,0,0,0,0,0,1,0,0,0,0,0
1,6,0,1,1,0,0,0,0,0,1,1,0,0
_____________________________________________________
_____________________________________________________
36,9,0.0000,
1,6,0,1,1,0,0,0,0,0,1,1,0,0
0,7,0,0,0,1,0,0,0,1,0,1,0,0
_____________________________________________________
_____________________________________________________
37,0,0.0000,
0,7,0,0,0,1,0,0,0,1,0,1,0,0
0,7,1,1,1,1,0,0,1,1,1,1,0,0
_____________________________________________________
_____________________________________________________
38,0,0.0000,
0,7,1,1,1,1,0,0,1,1,1,1,0,0
0,7,1,1,1,1,0,0,1,1,1,1,0,0
_____________________________________________________
_____________________________________________________
39,0,0.0000,
0,7,1,1,1,1,0,0,1,1,1,1,0,0
1,6,1,1,1,1,1,0,1,1,1,1,0,0
_____________________________________________________
_____________________________________________________
40,5,0.0000,
1,6,1,1,1,1,1,0,1,1,1,1,0,0
1,6,1,1,1,1,0,0,1,1,1,1,0,0
_____________________________________________________
_____________________________________________________
41,7,0.0000,
1,6,1,1,1,1,0,0,1,1,1,1,0,0
0,7,1,1,0,0,0,0,1,1,0,0,0,1
_____________________________________________________
_____________________________________________________
42,0,0.0000,
0,7,1,1,0,0,0,0,1,1,0,0,0,1
0,7,1,1,0,0,0,0,1,1,0,0,0,1
_____________________________________________________
_____________________________________________________
43,0,0.0000,
0,7,1,1,0,0,0,0,1,1,0,0,0,1
1,6,1,1,1,0,1,0,1,1,1,0,1,1
_____________________________________________________
_____________________________________________________
44,11,0.0000,
1,6,1,1,1,0,1,0,1,1,1,0,1,1
0,7,1,1,0,0,0,0,1,1,0,0,0,1
_____________________________________________________
_____________________________________________________
45,0,0.0000,
0,7,1,1,0,0,0,0,1,1,0,0,0,1
0,7,1,1,0,0,0,0,1,1,0,0,0,1
_____________________________________________________
_____________________________________________________
46,0,0.0000,
0,7,1,1,0,0,0,0,1,1,0,0,0,1
0,7,1,1,1,0,1,0,1,1,1,0,1,1
_____________________________________________________
_____________________________________________________
47,0,0.0000,
0,7,1,1,1,0,1,0,1,1,1,0,1,1
1,6,1,1,1,0,1,0,1,1,1,0,1,1
_____________________________________________________
_____________________________________________________
48,11,0.0000,
1,6,1,1,1,0,1,0,1,1,1,0,1,1
0,7,1,1,0,0,0,1,1,1,0,0,0,1
_____________________________________________________
_____________________________________________________
49,0,0.0000,
0,7,1,1,0,0,0,1,1,1,0,0,0,1
1,6,1,1,0,0,1,1,1,1,1,0,1,1
_____________________________________________________
_____________________________________________________
50,5,0.0000,
1,6,1,1,0,0,1,1,1,1,1,0,1,1
1,6,1,1,0,0,0,1,1,1,0,0,0,1
_____________________________________________________
_____________________________________________________
51,7,0.0000,
1,6,1,1,0,0,0,1,1,1,0,0,0,1
1,6,0,1,0,0,0,1,1,1,0,1,1,1
_____________________________________________________
_____________________________________________________
52,11,0.0000,
1,6,0,1,0,0,0,1,1,1,0,1,1,1
0,7,1,1,0,0,0,1,1,1,0,1,0,1
_____________________________________________________
_____________________________________________________
53,0,0.0000,
0,7,1,1,0,0,0,1,1,1,0,1,0,1
0,7,1,1,0,0,0,1,1,1,0,1,0,1
_____________________________________________________
_____________________________________________________
54,0,0.0000,
0,7,1,1,0,0,0,1,1,1,0,1,0,1
0,7,1,1,0,0,0,1,1,1,0,1,0,1
_____________________________________________________
_____________________________________________________
55,0,0.0000,
0,7,1,1,0,0,0,1,1,1,0,1,0,1
1,6,0,1,0,0,1,0,0,1,0,0,1,0
_____________________________________________________
_____________________________________________________
56,11,0.0000,
1,6,0,1,0,0,1,0,0,1,0,0,1,0
1,6,0,1,0,0,1,1,0,0,0,0,1,0
_____________________________________________________
_____________________________________________________
57,11,0.0000,
1,6,0,1,0,0,1,1,0,0,0,0,1,0
1,6,0,1,0,0,1,1,0,0,0,1,0,0
_____________________________________________________
_____________________________________________________
58,5,0.0000,
1,6,0,1,0,0,1,1,0,0,0,1,0,0
1,6,0,1,0,1,0,1,0,0,0,1,0,0
_____________________________________________________
_____________________________________________________
59,6,0.0000,
1,6,0,1,0,1,0,1,0,0,0,1,0,0
1,6,0,1,0,1,0,0,0,0,0,0,0,0
_____________________________________________________
_____________________________________________________
60,2,0.0000,
1,6,0,1,0,1,0,0,0,0,0,0,0,0
0,7,0,0,0,0,0,0,0,0,0,0,0,0
_____________________________________________________
_____________________________________________________
61,0,0.0000,
0,7,0,0,0,0,0,0,0,0,0,0,0,0
1,6,0,0,0,0,0,0,0,0,0,0,0,0
_____________________________________________________
_____________________________________________________
62,0,0.0000,
1,6,0,0,0,0,0,0,0,0,0,0,0,0
2,5,0,0,0,0,0,0,0,0,0,0,0,0
_____________________________________________________
_____________________________________________________
63,9,-1.0000,
2,5,0,0,0,0,0,0,0,0,0,0,0,0
1,5,0,0,-1,0,0,0,0,0,-1,0,1,0
_____________________________________________________
_____________________________________________________
64,9,0.0000,
1,5,0,0,-1,0,0,0,0,0,-1,0,1,0
1,6,0,0,-1,1,0,0,0,1,-1,1,1,0
_____________________________________________________
_____________________________________________________
65,9,0.0000,
1,6,0,0,-1,1,0,0,0,1,-1,1,1,0
1,6,0,0,0,1,0,0,0,1,0,1,1,0
_____________________________________________________
_____________________________________________________
66,11,0.0000,
1,6,0,0,0,1,0,0,0,1,0,1,1,0
1,6,0,1,0,1,0,0,0,0,0,1,0,0
_____________________________________________________
_____________________________________________________
67,2,0.0000,
1,6,0,1,0,1,0,0,0,0,0,1,0,0
0,7,0,0,0,1,0,0,0,0,0,1,0,0
_____________________________________________________
_____________________________________________________
68,0,0.0000,
0,7,0,0,0,1,0,0,0,0,0,1,0,0
1,6,0,0,0,1,0,0,0,0,0,1,0,0
_____________________________________________________
_____________________________________________________
69,10,0.0000,
1,6,0,0,0,1,0,0,0,0,0,1,0,0
1,6,0,0,1,1,0,0,0,0,1,1,1,1
_____________________________________________________
_____________________________________________________
70,11,0.0000,
1,6,0,0,1,1,0,0,0,0,1,1,1,1
0,7,1,1,0,1,0,0,1,1,1,1,0,1
_____________________________________________________
_____________________________________________________
71,0,0.0000,
0,7,1,1,0,1,0,0,1,1,1,1,0,1
0,7,0,1,0,1,1,0,1,1,0,0,0,1
_____________________________________________________
_____________________________________________________
72,0,0.0000,
0,7,0,1,0,1,1,0,1,1,0,0,0,1
1,6,0,1,0,1,1,0,1,1,0,1,0,1
_____________________________________________________
_____________________________________________________
73,5,0.0000,
1,6,0,1,0,1,1,0,1,1,0,1,0,1
0,7,1,1,0,1,0,0,0,1,1,1,0,1
_____________________________________________________
_____________________________________________________
74,0,0.0000,
0,7,1,1,0,1,0,0,0,1,1,1,0,1
0,7,1,1,0,1,0,0,0,1,1,1,0,1
_____________________________________________________
_____________________________________________________
75,0,0.0000,
0,7,1,1,0,1,0,0,0,1,1,1,0,1
1,6,1,1,0,1,0,0,0,1,1,1,0,1
_____________________________________________________
_____________________________________________________
76,2,0.0000,
1,6,1,1,0,1,0,0,0,1,1,1,0,1
0,7,1,0,0,1,0,0,0,0,1,1,0,0
_____________________________________________________
_____________________________________________________
77,0,0.0000,
0,7,1,0,0,1,0,0,0,0,1,1,0,0
1,6,1,0,0,1,1,0,1,0,1,1,0,1
_____________________________________________________
_____________________________________________________
78,5,0.0000,
1,6,1,0,0,1,1,0,1,0,1,1,0,1
0,7,1,1,0,1,0,0,0,1,1,1,0,1
_____________________________________________________
_____________________________________________________
79,0,0.0000,
0,7,1,1,0,1,0,0,0,1,1,1,0,1
0,7,1,1,0,1,0,0,0,1,1,1,0,1
_____________________________________________________
_____________________________________________________
80,0,0.0000,
0,7,1,1,0,1,0,0,0,1,1,1,0,1
0,7,1,1,0,1,0,0,0,1,1,1,0,1
_____________________________________________________
_____________________________________________________
81,0,0.0000,
0,7,1,1,0,1,0,0,0,1,1,1,0,1
0,7,1,1,0,1,0,0,0,1,1,1,0,1
_____________________________________________________
_____________________________________________________
82,0,0.0000,
0,7,1,1,0,1,0,0,0,1,1,1,0,1
1,6,1,1,0,1,0,0,0,1,1,1,0,1
_____________________________________________________
_____________________________________________________
83,2,0.0000,
1,6,1,1,0,1,0,0,0,1,1,1,0,1
1,6,0,1,1,0,1,0,1,0,0,0,0,0
_____________________________________________________
_____________________________________________________
84,7,0.0000,
1,6,0,1,1,0,1,0,1,0,0,0,0,0
0,7,0,0,1,0,0,0,0,0,0,0,0,0
_____________________________________________________
_____________________________________________________
85,0,0.0000,
0,7,0,0,1,0,0,0,0,0,0,0,0,0
0,7,0,0,1,0,0,0,0,0,0,0,0,0
_____________________________________________________
_____________________________________________________
86,0,0.0000,
0,7,0,0,1,0,0,0,0,0,0,0,0,0
0,7,0,0,1,0,0,0,0,0,0,0,0,0
_____________________________________________________
_____________________________________________________
87,0,0.0000,
0,7,0,0,1,0,0,0,0,0,0,0,0,0
1,6,0,0,1,0,0,0,1,0,0,0,0,0
_____________________________________________________
_____________________________________________________
88,7,0.0000,
1,6,0,0,1,0,0,0,1,0,0,0,0,0
1,6,0,0,1,0,0,0,0,0,0,0,0,0
_____________________________________________________
_____________________________________________________
89,3,0.0000,
1,6,0,0,1,0,0,0,0,0,0,0,0,0
0,7,0,0,0,0,0,0,0,1,0,0,1,0
_____________________________________________________
_____________________________________________________
90,0,0.0000,
0,7,0,0,0,0,0,0,0,1,0,0,1,0
1,6,0,0,0,0,0,0,0,1,0,0,1,0
_____________________________________________________
_____________________________________________________
91,11,0.0000,
1,6,0,0,0,0,0,0,0,1,0,0,1,0
1,6,0,0,0,0,0,0,0,0,0,0,0,0
_____________________________________________________
_____________________________________________________
92,0,0.0000,
1,6,0,0,0,0,0,0,0,0,0,0,0,0
1,5,0,0,1,1,0,1,0,0,0,0,0,0
_____________________________________________________
_____________________________________________________
93,6,0.0000,
1,5,0,0,1,1,0,1,0,0,0,0,0,0
1,6,0,0,1,1,0,0,0,0,0,0,0,1
_____________________________________________________
_____________________________________________________
94,12,0.0000,
1,6,0,0,1,1,0,0,0,0,0,0,0,1
0,7,0,0,1,1,0,0,0,0,0,0,0,0
_____________________________________________________
_____________________________________________________
95,0,0.0000,
0,7,0,0,1,1,0,0,0,0,0,0,0,0
0,7,0,0,1,1,0,0,0,0,0,0,0,0
_____________________________________________________
_____________________________________________________
96,0,0.0000,
0,7,0,0,1,1,0,0,0,0,0,0,0,0
0,7,0,0,1,1,0,0,0,0,0,0,0,0
_____________________________________________________
_____________________________________________________
97,0,0.0000,
0,7,0,0,1,1,0,0,0,0,0,0,0,0
1,6,1,0,0,1,1,0,1,1,0,0,0,0
_____________________________________________________
_____________________________________________________
98,5,0.0000,
1,6,1,0,0,1,1,0,1,1,0,0,0,0
1,6,1,0,0,1,0,0,1,1,0,0,0,0
_____________________________________________________
_____________________________________________________
99,7,0.0000,
1,6,1,0,0,1,0,0,1,1,0,0,0,0
1,6,1,0,0,1,0,0,0,1,0,0,0,0
_____________________________________________________
_____________________________________________________
100,8,0.0000,
1,6,1,0,0,1,0,0,0,1,0,0,0,0
0,7,0,0,0,0,0,0,0,0,0,0,0,0
_____________________________________________________
_____________________________________________________
101,0,0.0000,
0,7,0,0,0,0,0,0,0,0,0,0,0,0
0,7,0,0,0,0,0,0,0,0,0,0,0,0
_____________________________________________________
_____________________________________________________
102,0,0.0000,
0,7,0,0,0,0,0,0,0,0,0,0,0,0
1,6,0,0,0,0,0,0,0,0,0,0,0,0
_____________________________________________________
_____________________________________________________
103,0,0.0000,
1,6,0,0,0,0,0,0,0,0,0,0,0,0
1,5,1,0,0,1,0,0,0,1,0,0,0,0
_____________________________________________________
_____________________________________________________
104,8,0.0000,
1,5,1,0,0,1,0,0,0,1,0,0,0,0
1,6,0,0,0,0,0,0,0,0,0,0,0,0
_____________________________________________________
_____________________________________________________
105,0,0.0000,
1,6,0,0,0,0,0,0,0,0,0,0,0,0
1,5,0,0,0,0,0,0,0,0,1,0,0,0
_____________________________________________________
_____________________________________________________
106,9,0.0000,
1,5,0,0,0,0,0,0,0,0,1,0,0,0
0,7,0,0,0,1,0,0,0,1,0,0,0,0
_____________________________________________________
_____________________________________________________
107,0,0.0000,
0,7,0,0,0,1,0,0,0,1,0,0,0,0
0,7,1,0,0,1,0,0,0,1,0,0,0,0
_____________________________________________________
_____________________________________________________
108,0,0.0000,
0,7,1,0,0,1,0,0,0,1,0,0,0,0
1,6,1,0,0,1,0,0,0,1,0,0,0,0
_____________________________________________________
_____________________________________________________
109,8,0.0000,
1,6,1,0,0,1,0,0,0,1,0,0,0,0
0,7,0,0,0,1,0,0,0,1,0,0,0,0
_____________________________________________________
_____________________________________________________
110,0,0.0000,
0,7,0,0,0,1,0,0,0,1,0,0,0,0
0,7,1,0,0,1,0,0,0,1,1,0,0,0
_____________________________________________________
_____________________________________________________
111,0,0.0000,
0,7,1,0,0,1,0,0,0,1,1,0,0,0
1,6,0,0,0,0,0,0,1,0,1,0,1,1
_____________________________________________________
_____________________________________________________
112,11,0.0000,
1,6,0,0,0,0,0,0,1,0,1,0,1,1
0,7,0,0,0,0,0,0,0,0,1,0,0,0
_____________________________________________________
_____________________________________________________
113,0,0.0000,
0,7,0,0,0,0,0,0,0,0,1,0,0,0
0,7,1,0,0,0,0,0,0,0,1,0,0,0
_____________________________________________________
_____________________________________________________
114,0,0.0000,
0,7,1,0,0,0,0,0,0,0,1,0,0,0
0,7,1,0,0,0,0,0,0,0,1,0,0,1
_____________________________________________________
_____________________________________________________
115,0,0.0000,
0,7,1,0,0,0,0,0,0,0,1,0,0,1
0,7,1,0,0,0,0,0,0,0,1,0,1,1
_____________________________________________________
_____________________________________________________
116,0,0.0000,
0,7,1,0,0,0,0,0,0,0,1,0,1,1
1,6,1,0,0,0,0,0,0,0,1,0,1,1
_____________________________________________________
_____________________________________________________
117,11,0.0000,
1,6,1,0,0,0,0,0,0,0,1,0,1,1
1,6,1,0,0,0,0,0,0,1,1,0,0,1
_____________________________________________________
_____________________________________________________
118,12,0.0000,
1,6,1,0,0,0,0,0,0,1,1,0,0,1
0,7,1,0,1,0,0,1,0,1,1,0,0,0
_____________________________________________________
_____________________________________________________
119,0,0.0000,
0,7,1,0,1,0,0,1,0,1,1,0,0,0
0,7,1,0,1,0,0,1,0,1,1,0,0,1
_____________________________________________________
_____________________________________________________
120,0,0.0000,
0,7,1,0,1,0,0,1,0,1,1,0,0,1
1,6,1,0,1,0,0,1,0,1,1,0,1,1
_____________________________________________________
_____________________________________________________
121,11,0.0000,
1,6,1,0,1,0,0,1,0,1,1,0,1,1
0,7,1,0,1,0,0,1,0,1,1,0,0,0
_____________________________________________________
_____________________________________________________
122,0,0.0000,
0,7,1,0,1,0,0,1,0,1,1,0,0,0
0,7,1,0,1,0,0,1,1,1,1,0,0,0
_____________________________________________________
_____________________________________________________
123,0,0.0000,
0,7,1,0,1,0,0,1,1,1,1,0,0,0
1,6,1,0,1,0,0,1,1,1,1,0,0,0
_____________________________________________________
_____________________________________________________
124,7,0.0000,
1,6,1,0,1,0,0,1,1,1,1,0,0,0
1,6,1,0,1,0,0,1,0,1,1,0,0,0
_____________________________________________________
_____________________________________________________
125,6,0.0000,
1,6,1,0,1,0,0,1,0,1,1,0,0,0
0,7,0,1,0,0,0,0,1,0,0,0,0,0
_____________________________________________________
_____________________________________________________
126,0,0.0000,
0,7,0,1,0,0,0,0,1,0,0,0,0,0
1,6,0,1,0,0,0,0,1,0,0,0,0,0
_____________________________________________________
_____________________________________________________
127,7,0.0000,
1,6,0,1,0,0,0,0,1,0,0,0,0,0
1,6,0,0,0,0,0,1,0,0,0,0,0,0
_____________________________________________________
_____________________________________________________
128,6,0.0000,
1,6,0,0,0,0,0,1,0,0,0,0,0,0
1,6,0,0,0,0,0,0,0,0,1,1,1,0
_____________________________________________________
_____________________________________________________
129,11,0.0000,
1,6,0,0,0,0,0,0,0,0,1,1,1,0
0,7,0,0,0,0,0,1,0,0,0,0,1,0
_____________________________________________________
_____________________________________________________
130,0,0.0000,
0,7,0,0,0,0,0,1,0,0,0,0,1,0
1,6,1,0,1,0,0,1,0,0,1,1,1,0
_____________________________________________________
_____________________________________________________
131,11,0.0000,
1,6,1,0,1,0,0,1,0,0,1,1,1,0
0,7,0,0,1,0,0,1,0,0,1,1,1,0
_____________________________________________________
_____________________________________________________
132,0,0.0000,
0,7,0,0,1,0,0,1,0,0,1,1,1,0
1,6,1,0,1,0,0,1,0,0,1,0,0,0
_____________________________________________________
_____________________________________________________
133,9,0.0000,
1,6,1,0,1,0,0,1,0,0,1,0,0,0
0,7,0,0,1,0,0,1,0,0,0,0,0,0
_____________________________________________________
_____________________________________________________
134,0,0.0000,
0,7,0,0,1,0,0,1,0,0,0,0,0,0
1,6,0,0,1,0,0,1,0,0,1,1,1,0
_____________________________________________________
_____________________________________________________
135,11,0.0000,
1,6,0,0,1,0,0,1,0,0,1,1,1,0
1,6,0,0,1,0,0,1,0,0,0,0,0,0
_____________________________________________________
_____________________________________________________
136,6,0.0000,
1,6,0,0,1,0,0,1,0,0,0,0,0,0
1,6,0,0,0,0,0,0,0,0,0,0,0,0
_____________________________________________________
_____________________________________________________
137,0,0.0000,
1,6,0,0,0,0,0,0,0,0,0,0,0,0
2,5,0,0,0,0,0,0,0,0,0,0,1,0
_____________________________________________________
_____________________________________________________
138,11,0.0000,
2,5,0,0,0,0,0,0,0,0,0,0,1,0
2,5,0,0,0,0,0,0,0,0,0,0,0,0
_____________________________________________________
_____________________________________________________
139,9,-1.0000,
2,5,0,0,0,0,0,0,0,0,0,0,0,0
1,5,0,0,0,0,0,0,0,0,0,0,0,0
_____________________________________________________
