_____________________________________________________
0,11,0.0000,
5,2,1,1,1,1,1,1,1,1,1,1,1,1
4,2,0,1,1,1,1,1,1,0,1,1,0,1
_____________________________________________________
_____________________________________________________
1,5,0.0000,
4,2,0,1,1,1,1,1,1,0,1,1,0,1
4,2,1,0,1,0,1,1,1,1,1,1,1,1
_____________________________________________________
_____________________________________________________
2,11,0.0000,
4,2,1,0,1,0,1,1,1,1,1,1,1,1
4,2,0,1,1,1,1,1,1,0,1,1,0,1
_____________________________________________________
_____________________________________________________
3,5,0.0000,
4,2,0,1,1,1,1,1,1,0,1,1,0,1
3,2,0,0,1,0,0,1,1,0,1,1,0,1
_____________________________________________________
_____________________________________________________
4,7,0.0000,
3,2,0,0,1,0,0,1,1,0,1,1,0,1
2,3,0,0,1,0,0,1,0,0,1,0,0,1
_____________________________________________________
_____________________________________________________
5,6,0.0000,
2,3,0,0,1,0,0,1,0,0,1,0,0,1
1,3,0,0,1,1,1,0,0,0,1,0,0,1
_____________________________________________________
_____________________________________________________
6,5,0.0000,
1,3,0,0,1,1,1,0,0,0,1,0,0,1
1,6,0,0,1,0,0,0,0,0,1,0,0,1
_____________________________________________________
_____________________________________________________
7,12,0.0000,
1,6,0,0,1,0,0,0,0,0,1,0,0,1
0,7,0,0,1,0,0,0,0,0,1,0,0,0
_____________________________________________________
_____________________________________________________
8,0,0.0000,
0,7,0,0,1,0,0,0,0,0,1,0,0,0
1,6,0,0,1,0,0,0,0,0,1,0,0,0
_____________________________________________________
_____________________________________________________
9,9,0.0000,
1,6,0,0,1,0,0,0,0,0,1,0,0,0
0,7,0,0,1,1,1,0,0,0,0,0,0,0
_____________________________________________________
_____________________________________________________
10,0,0.0000,
0,7,0,0,1,1,1,0,0,0,0,0,0,0
1,6,0,1,1,1,1,1,0,0,1,0,0,0
_____________________________________________________
_____________________________________________________
11,5,0.0000,
1,6,0,1,1,1,1,1,0,0,1,0,0,0
1,6,0,0,1,0,0,1,0,0,1,0,0,0
_____________________________________________________
_____________________________________________________
12,6,0.0000,
1,6,0,0,1,0,0,1,0,0,1,0,0,0
0,7,1,1,1,1,1,0,0,1,1,0,1,0
_____________________________________________________
_____________________________________________________
13,0,0.0000,
0,7,1,1,1,1,1,0,0,1,1,0,1,0
0,7,0,0,1,1,1,0,1,0,1,0,1,1
_____________________________________________________
_____________________________________________________
14,0,0.0000,
0,7,0,0,1,1,1,0,1,0,1,0,1,1
0,7,0,0,1,1,1,0,1,0,1,0,1,1
_____________________________________________________
_____________________________________________________
15,0,0.0000,
0,7,0,0,1,1,1,0,1,0,1,0,1,1
1,6,0,0,1,1,1,0,1,0,1,0,1,1
_____________________________________________________
_____________________________________________________
16,11,0.0000,
1,6,0,0,1,1,1,0,1,0,1,0,1,1
0,7,0,0,1,1,1,1,1,0,1,0,0,1
_____________________________________________________
_____________________________________________________
17,0,0.0000,
0,7,0,0,1,1,1,1,1,0,1,0,0,1
0,7,0,0,1,1,1,1,1,0,1,0,1,1
_____________________________________________________
_____________________________________________________
18,0,0.0000,
0,7,0,0,1,1,1,1,1,0,1,0,1,1
0,7,0,0,1,1,1,1,1,0,1,0,1,1
_____________________________________________________
_____________________________________________________
19,0,0.0000,
0,7,0,0,1,1,1,1,1,0,1,0,1,1
1,6,0,0,1,1,1,1,1,1,1,1,1,1
_____________________________________________________
_____________________________________________________
20,5,0.0000,
1,6,0,0,1,1,1,1,1,1,1,1,1,1
0,7,0,0,1,1,0,1,1,1,1,1,1,0
_____________________________________________________
_____________________________________________________
21,0,0.0000,
0,7,0,0,1,1,0,1,1,1,1,1,1,0
0,7,1,1,1,1,0,1,1,1,1,1,1,0
_____________________________________________________
_____________________________________________________
22,0,0.0000,
0,7,1,1,1,1,0,1,1,1,1,1,1,0
0,7,1,1,1,1,0,1,1,1,1,1,1,0
_____________________________________________________
_____________________________________________________
23,0,0.0000,
0,7,1,1,1,1,0,1,1,1,1,1,1,0
0,7,1,1,1,1,0,1,1,1,1,1,1,0
_____________________________________________________
_____________________________________________________
24,0,0.0000,
0,7,1,1,1,1,0,1,1,1,1,1,1,0
0,7,1,1,1,1,0,1,1,1,1,1,1,0
_____________________________________________________
_____________________________________________________
25,0,0.0000,
0,7,1,1,1,1,0,1,1,1,1,1,1,0
1,6,1,1,1,1,1,1,1,1,1,1,1,1
_____________________________________________________
_____________________________________________________
26,2,0.0000,
1,6,1,1,1,1,1,1,1,1,1,1,1,1
0,7,0,1,1,1,1,1,1,1,1,1,1,1
_____________________________________________________
_____________________________________________________
27,0,0.0000,
0,7,0,1,1,1,1,1,1,1,1,1,1,1
0,7,1,1,1,1,1,1,1,1,1,1,1,1
_____________________________________________________
_____________________________________________________
28,0,0.0000,
0,7,1,1,1,1,1,1,1,1,1,1,1,1
1,6,1,1,1,1,1,1,1,1,1,1,1,1
_____________________________________________________
_____________________________________________________
29,2,0.0000,
1,6,1,1,1,1,1,1,1,1,1,1,1,1
0,7,1,0,1,1,1,1,1,1,1,1,1,1
_____________________________________________________
_____________________________________________________
30,0,0.0000,
0,7,1,0,1,1,1,1,1,1,1,1,1,1
1,6,1,0,1,1,1,1,1,1,1,1,1,1
_____________________________________________________
_____________________________________________________
31,11,0.0000,
1,6,1,0,1,1,1,1,1,1,1,1,1,1
0,7,1,0,1,1,1,1,1,1,1,1,0,1
_____________________________________________________
_____________________________________________________
32,0,0.0000,
0,7,1,0,1,1,1,1,1,1,1,1,0,1
0,7,1,0,1,1,1,1,1,1,1,1,0,1
_____________________________________________________
_____________________________________________________
33,0,0.0000,
0,7,1,0,1,1,1,1,1,1,1,1,0,1
0,7,1,0,1,1,1,1,1,1,1,1,0,1
_____________________________________________________
_____________________________________________________
34,0,0.0000,
0,7,1,0,1,1,1,1,1,1,1,1,0,1
0,7,1,0,1,1,1,1,1,1,1,1,0,1
_____________________________________________________
_____________________________________________________
35,0,0.0000,
0,7,1,0,1,1,1,1,1,1,1,1,0,1
1,6,1,0,1,1,1,1,1,1,1,1,0,1
_____________________________________________________
_____________________________________________________
36,5,0.0000,
1,6,1,0,1,1,1,1,1,1,1,1,0,1
1,6,1,0,1,1,0,1,1,1,1,1,0,0
_____________________________________________________
_____________________________________________________
37,7,0.0000,
1,6,1,0,1,1,0,1,1,1,1,1,0,0
0,7,1,0,1,1,0,1,0,1,1,1,0,0
_____________________________________________________
_____________________________________________________
38,0,0.0000,
0,7,1,0,1,1,0,1,0,1,1,1,0,0
0,7,1,0,1,1,0,1,0,1,1,1,0,0
_____________________________________________________
_____________________________________________________
39,0,0.0000,
0,7,1,0,1,1,0,1,0,1,1,1,0,0
0,7,1,0,1,1,0,1,0,1,1,1,1,0
_____________________________________________________
_____________________________________________________
40,0,0.0000,
0,7,1,0,1,1,0,1,0,1,1,1,1,0
0,7,1,0,1,1,0,1,0,1,1,1,1,0
_____________________________________________________
_____________________________________________________
41,0,0.0000,
0,7,1,0,1,1,0,1,0,1,1,1,1,0
0,7,1,0,1,1,1,1,0,1,0,1,0,0
_____________________________________________________
_____________________________________________________
42,0,0.0000,
0,7,1,0,1,1,1,1,0,1,0,1,0,0
0,7,1,0,1,1,1,1,0,1,0,1,0,0
_____________________________________________________
_____________________________________________________
43,0,0.0000,
0,7,1,0,1,1,1,1,0,1,0,1,0,0
1,6,1,0,1,1,1,1,0,1,0,1,0,0
_____________________________________________________
_____________________________________________________
44,5,0.0000,
1,6,1,0,1,1,1,1,0,1,0,1,0,0
0,7,1,0,1,1,0,1,0,1,0,1,0,0
_____________________________________________________
_____________________________________________________
45,0,0.0000,
0,7,1,0,1,1,0,1,0,1,0,1,0,0
1,6,1,0,1,1,0,1,0,1,0,1,0,0
_____________________________________________________
_____________________________________________________
46,6,0.0000,
1,6,1,0,1,1,0,1,0,1,0,1,0,0
0,7,1,0,1,1,0,0,0,1,0,1,0,0
_____________________________________________________
_____________________________________________________
47,0,0.0000,
0,7,1,0,1,1,0,0,0,1,0,1,0,0
1,6,1,0,1,1,0,1,0,1,0,1,0,0
_____________________________________________________
_____________________________________________________
48,6,0.0000,
1,6,1,0,1,1,0,1,0,1,0,1,0,0
1,6,1,1,1,1,0,0,0,1,0,0,0,1
_____________________________________________________
_____________________________________________________
49,2,0.0000,
1,6,1,1,1,1,0,0,0,1,0,0,0,1
0,7,1,0,1,1,0,0,0,1,0,0,0,0
_____________________________________________________
_____________________________________________________
50,0,0.0000,
0,7,1,0,1,1,0,0,0,1,0,0,0,0
0,7,1,0,1,1,0,0,0,1,0,0,0,0
_____________________________________________________
_____________________________________________________
51,0,0.0000,
0,7,1,0,1,1,0,0,0,1,0,0,0,0
0,7,1,0,1,1,0,0,0,1,0,0,0,0
_____________________________________________________
_____________________________________________________
52,0,0.0000,
0,7,1,0,1,1,0,0,0,1,0,0,0,0
1,6,1,0,1,1,0,0,0,1,0,0,0,0
_____________________________________________________
_____________________________________________________
53,8,0.0000,
1,6,1,0,1,1,0,0,0,1,0,0,0,0
1,6,1,0,1,1,0,0,0,0,0,0,0,0
_____________________________________________________
_____________________________________________________
54,1,0.0000,
1,6,1,0,1,1,0,0,0,0,0,0,0,0
0,7,1,0,1,1,0,1,0,1,0,1,0,0
_____________________________________________________
_____________________________________________________
55,0,0.0000,
0,7,1,0,1,1,0,1,0,1,0,1,0,0
0,7,1,1,1,1,0,1,1,1,1,1,1,0
_____________________________________________________
_____________________________________________________
56,0,0.0000,
0,7,1,1,1,1,0,1,1,1,1,1,1,0
0,7,1,1,1,1,0,1,1,1,1,1,1,0
_____________________________________________________
_____________________________________________________
57,0,0.0000,
0,7,1,1,1,1,0,1,1,1,1,1,1,0
0,7,1,1,1,1,0,1,1,1,1,1,1,0
_____________________________________________________
_____________________________________________________
58,0,0.0000,
0,7,1,1,1,1,0,1,1,1,1,1,1,0
0,7,1,1,1,1,0,1,1,1,1,1,1,0
_____________________________________________________
_____________________________________________________
59,0,0.0000,
0,7,1,1,1,1,0,1,1,1,1,1,1,0
1,6,1,1,1,1,0,1,1,1,1,1,1,0
_____________________________________________________
_____________________________________________________
60,2,0.0000,
1,6,1,1,1,1,0,1,1,1,1,1,1,0
0,7,1,0,1,1,0,1,0,0,1,1,1,0
_____________________________________________________
_____________________________________________________
61,0,0.0000,
0,7,1,0,1,1,0,1,0,0,1,1,1,0
1,6,1,0,1,1,0,1,0,1,1,1,1,0
_____________________________________________________
_____________________________________________________
62,6,0.0000,
1,6,1,0,1,1,0,1,0,1,1,1,1,0
1,6,1,1,1,1,0,0,1,1,1,1,1,0
_____________________________________________________
_____________________________________________________
63,11,0.0000,
1,6,1,1,1,1,0,0,1,1,1,1,1,0
1,6,1,1,1,1,0,0,1,1,1,1,0,0
_____________________________________________________
_____________________________________________________
64,7,0.0000,
1,6,1,1,1,1,0,0,1,1,1,1,0,0
0,7,1,1,1,1,0,0,1,1,1,1,0,0
_____________________________________________________
_____________________________________________________
65,0,0.0000,
0,7,1,1,1,1,0,0,1,1,1,1,0,0
0,7,1,1,1,1,0,1,1,1,1,1,0,0
_____________________________________________________
_____________________________________________________
66,0,0.0000,
0,7,1,1,1,1,0,1,1,1,1,1,0,0
0,7,1,1,1,1,0,1,1,1,1,1,0,0
_____________________________________________________
_____________________________________________________
67,0,0.0000,
0,7,1,1,1,1,0,1,1,1,1,1,0,0
1,6,1,1,1,1,1,1,1,1,1,1,0,1
_____________________________________________________
_____________________________________________________
68,5,0.0000,
1,6,1,1,1,1,1,1,1,1,1,1,0,1
1,6,1,1,1,1,0,1,1,1,1,1,0,0
_____________________________________________________
_____________________________________________________
69,2,0.0000,
1,6,1,1,1,1,0,1,1,1,1,1,0,0
1,6,0,0,1,0,1,1,1,0,0,0,1,1
_____________________________________________________
_____________________________________________________
70,11,0.0000,
1,6,0,0,1,0,1,1,1,0,0,0,1,1
1,6,0,0,1,0,1,1,1,0,0,0,0,1
_____________________________________________________
_____________________________________________________
71,5,0.0000,
1,6,0,0,1,0,1,1,1,0,0,0,0,1
1,6,0,0,1,0,0,0,1,0,0,1,0,1
_____________________________________________________
_____________________________________________________
72,7,0.0000,
1,6,0,0,1,0,0,0,1,0,0,1,0,1
1,6,0,1,1,0,0,1,1,0,0,1,0,1
_____________________________________________________
_____________________________________________________
73,7,0.0000,
1,6,0,1,1,0,0,1,1,0,0,1,0,1
1,6,0,1,1,0,1,1,0,0,0,1,0,1
_____________________________________________________
_____________________________________________________
74,5,0.0000,
1,6,0,1,1,0,1,1,0,0,0,1,0,1
0,7,0,1,1,0,0,0,0,0,1,1,1,1
_____________________________________________________
_____________________________________________________
75,0,0.0000,
0,7,0,1,1,0,0,0,0,0,1,1,1,1
1,6,0,1,1,0,0,1,0,0,1,1,1,1
_____________________________________________________
_____________________________________________________
76,11,0.0000,
1,6,0,1,1,0,0,1,0,0,1,1,1,1
0,7,0,1,1,0,1,1,0,0,0,1,0,1
_____________________________________________________
_____________________________________________________
77,0,0.0000,
0,7,0,1,1,0,1,1,0,0,0,1,0,1
1,6,0,1,1,0,1,1,0,0,0,1,0,1
_____________________________________________________
_____________________________________________________
78,5,0.0000,
1,6,0,1,1,0,1,1,0,0,0,1,0,1
1,6,0,1,1,0,1,1,0,0,0,1,0,1
_____________________________________________________
_____________________________________________________
79,5,0.0000,
1,6,0,1,1,0,1,1,0,0,0,1,0,1
0,7,0,1,1,0,0,0,1,0,0,1,0,1
_____________________________________________________
_____________________________________________________
80,0,0.0000,
0,7,0,1,1,0,0,0,1,0,0,1,0,1
0,7,0,1,1,0,0,1,1,0,0,1,0,1
_____________________________________________________
_____________________________________________________
81,0,0.0000,
0,7,0,1,1,0,0,1,1,0,0,1,0,1
1,6,0,1,1,0,1,1,1,0,1,1,1,1
_____________________________________________________
_____________________________________________________
82,5,0.0000,
1,6,0,1,1,0,1,1,1,0,1,1,1,1
0,7,0,1,1,0,0,1,1,0,1,1,1,1
_____________________________________________________
_____________________________________________________
83,0,0.0000,
0,7,0,1,1,0,0,1,1,0,1,1,1,1
1,6,0,0,1,1,1,0,1,1,1,1,1,1
_____________________________________________________
_____________________________________________________
84,11,0.0000,
1,6,0,0,1,1,1,0,1,1,1,1,1,1
0,7,1,1,1,0,1,1,1,1,1,1,0,1
_____________________________________________________
_____________________________________________________
85,0,0.0000,
0,7,1,1,1,0,1,1,1,1,1,1,0,1
0,7,1,1,1,0,1,1,1,1,1,1,0,1
_____________________________________________________
_____________________________________________________
86,0,0.0000,
0,7,1,1,1,0,1,1,1,1,1,1,0,1
0,7,1,1,1,0,1,1,1,1,1,1,0,1
_____________________________________________________
_____________________________________________________
87,0,0.0000,
0,7,1,1,1,0,1,1,1,1,1,1,0,1
0,7,1,1,1,0,1,1,1,1,1,1,0,1
_____________________________________________________
_____________________________________________________
88,0,0.0000,
0,7,1,1,1,0,1,1,1,1,1,1,0,1
1,6,1,1,1,0,1,1,1,1,1,1,0,1
_____________________________________________________
_____________________________________________________
89,5,0.0000,
1,6,1,1,1,0,1,1,1,1,1,1,0,1
1,6,1,1,1,0,0,1,0,1,1,1,0,1
_____________________________________________________
_____________________________________________________
90,2,0.0000,
1,6,1,1,1,0,0,1,0,1,1,1,0,1
1,6,0,0,1,0,0,1,0,0,1,1,0,1
_____________________________________________________
_____________________________________________________
91,6,0.0000,
1,6,0,0,1,0,0,1,0,0,1,1,0,1
0,7,0,0,1,0,0,1,0,0,1,1,0,1
_____________________________________________________
_____________________________________________________
92,0,0.0000,
0,7,0,0,1,0,0,1,0,0,1,1,0,1
0,7,0,0,1,0,0,1,0,0,1,1,0,1
_____________________________________________________
_____________________________________________________
93,0,0.0000,
0,7,0,0,1,0,0,1,0,0,1,1,0,1
1,6,0,0,1,0,0,1,0,0,1,1,0,1
_____________________________________________________
_____________________________________________________
94,6,0.0000,
1,6,0,0,1,0,0,1,0,0,1,1,0,1
0,7,0,0,1,0,0,0,0,1,1,1,0,1
_____________________________________________________
_____________________________________________________
95,0,0.0000,
0,7,0,0,1,0,0,0,0,1,1,1,0,1
0,7,1,1,1,0,0,0,0,1,1,1,0,1
_____________________________________________________
_____________________________________________________
96,0,0.0000,
0,7,1,1,1,0,0,0,0,1,1,1,0,1
0,7,1,1,1,0,1,0,1,1,1,1,0,1
_____________________________________________________
_____________________________________________________
97,0,0.0000,
0,7,1,1,1,0,1,0,1,1,1,1,0,1
1,6,1,0,1,0,1,1,0,1,1,1,0,1
_____________________________________________________
_____________________________________________________
98,5,0.0000,
1,6,1,0,1,0,1,1,0,1,1,1,0,1
0,7,1,0,1,0,0,1,0,1,1,1,0,1
_____________________________________________________
_____________________________________________________
99,0,0.0000,
0,7,1,0,1,0,0,1,0,1,1,1,0,1
0,7,1,0,1,0,0,1,0,1,1,1,0,1
_____________________________________________________
_____________________________________________________
100,0,0.0000,
0,7,1,0,1,0,0,1,0,1,1,1,0,1
0,7,1,0,1,0,0,1,0,1,1,1,0,1
_____________________________________________________
_____________________________________________________
101,0,0.0000,
0,7,1,0,1,0,0,1,0,1,1,1,0,1
0,7,1,0,1,0,0,1,0,1,1,1,0,1
_____________________________________________________
_____________________________________________________
102,0,0.0000,
0,7,1,0,1,0,0,1,0,1,1,1,0,1
1,6,1,0,1,0,0,1,1,1,1,1,0,1
_____________________________________________________
_____________________________________________________
103,7,0.0000,
1,6,1,0,1,0,0,1,1,1,1,1,0,1
0,7,1,0,1,0,0,1,0,1,1,1,0,1
_____________________________________________________
_____________________________________________________
104,0,0.0000,
0,7,1,0,1,0,0,1,0,1,1,1,0,1
1,6,1,0,1,1,0,1,0,1,1,1,1,1
_____________________________________________________
_____________________________________________________
105,11,0.0000,
1,6,1,0,1,1,0,1,0,1,1,1,1,1
1,6,1,0,1,0,0,1,0,1,1,1,0,1
_____________________________________________________
_____________________________________________________
106,6,0.0000,
1,6,1,0,1,0,0,1,0,1,1,1,0,1
0,7,0,0,0,0,0,0,0,1,1,1,0,0
_____________________________________________________
_____________________________________________________
107,0,0.0000,
0,7,0,0,0,0,0,0,0,1,1,1,0,0
0,7,0,0,0,0,0,1,1,1,1,1,0,1
_____________________________________________________
_____________________________________________________
108,0,0.0000,
0,7,0,0,0,0,0,1,1,1,1,1,0,1
0,7,1,0,1,0,0,1,1,1,1,1,0,1
_____________________________________________________
_____________________________________________________
109,0,0.0000,
0,7,1,0,1,0,0,1,1,1,1,1,0,1
1,6,1,0,1,0,0,1,1,1,1,1,0,1
_____________________________________________________
_____________________________________________________
110,7,0.0000,
1,6,1,0,1,0,0,1,1,1,1,1,0,1
1,6,1,0,1,0,0,1,0,1,1,1,0,1
_____________________________________________________
_____________________________________________________
111,6,0.0000,
1,6,1,0,1,0,0,1,0,1,1,1,0,1
0,7,0,1,1,1,1,1,1,0,0,1,0,0
_____________________________________________________
_____________________________________________________
112,0,0.0000,
0,7,0,1,1,1,1,1,1,0,0,1,0,0
0,7,0,1,1,1,1,1,1,0,0,1,0,0
_____________________________________________________
_____________________________________________________
113,0,0.0000,
0,7,0,1,1,1,1,1,1,0,0,1,0,0
0,7,0,1,1,1,1,1,1,0,0,1,1,1
_____________________________________________________
_____________________________________________________
114,0,0.0000,
0,7,0,1,1,1,1,1,1,0,0,1,1,1
0,7,0,1,1,1,1,1,1,0,0,1,1,1
_____________________________________________________
_____________________________________________________
115,0,0.0000,
0,7,0,1,1,1,1,1,1,0,0,1,1,1
1,6,0,1,1,1,1,1,1,1,0,1,1,1
_____________________________________________________
_____________________________________________________
116,11,0.0000,
1,6,0,1,1,1,1,1,1,1,0,1,1,1
1,6,0,1,1,1,1,1,1,1,0,1,0,0
_____________________________________________________
_____________________________________________________
117,5,0.0000,
1,6,0,1,1,1,1,1,1,1,0,1,0,0
1,6,0,1,1,1,0,1,1,1,0,1,0,0
_____________________________________________________
_____________________________________________________
118,7,0.0000,
1,6,0,1,1,1,0,1,1,1,0,1,0,0
1,6,0,1,1,1,1,1,0,1,0,0,0,0
_____________________________________________________
_____________________________________________________
119,5,0.0000,
1,6,0,1,1,1,1,1,0,1,0,0,0,0
0,7,0,1,1,1,0,1,0,1,0,0,0,0
_____________________________________________________
_____________________________________________________
120,0,0.0000,
0,7,0,1,1,1,0,1,0,1,0,0,0,0
1,6,0,1,1,1,0,1,0,1,0,0,0,0
_____________________________________________________
_____________________________________________________
121,6,0.0000,
1,6,0,1,1,1,0,1,0,1,0,0,0,0
1,6,0,1,1,1,0,0,0,1,0,0,0,0
_____________________________________________________
_____________________________________________________
122,2,0.0000,
1,6,0,1,1,1,0,0,0,1,0,0,0,0
0,7,0,0,0,1,0,0,0,1,0,0,0,0
_____________________________________________________
_____________________________________________________
123,0,0.0000,
0,7,0,0,0,1,0,0,0,1,0,0,0,0
0,7,0,0,0,1,0,0,0,1,0,0,0,0
_____________________________________________________
_____________________________________________________
124,0,0.0000,
0,7,0,0,0,1,0,0,0,1,0,0,0,0
0,7,0,0,0,1,0,0,0,1,0,0,0,0
_____________________________________________________
_____________________________________________________
125,0,0.0000,
0,7,0,0,0,1,0,0,0,1,0,0,0,0
0,7,0,1,0,0,0,0,0,0,0,1,0,1
_____________________________________________________
_____________________________________________________
126,0,0.0000,
0,7,0,1,0,0,0,0,0,0,0,1,0,1
1,6,0,1,0,0,0,0,0,0,0,1,0,1
_____________________________________________________
_____________________________________________________
127,2,0.0000,
1,6,0,1,0,0,0,0,0,0,0,1,0,1
0,7,0,0,0,0,0,0,0,0,0,1,0,1
_____________________________________________________
_____________________________________________________
128,0,0.0000,
0,7,0,0,0,0,0,0,0,0,0,1,0,1
0,7,0,1,0,0,0,0,0,0,0,1,0,1
_____________________________________________________
_____________________________________________________
129,0,0.0000,
0,7,0,1,0,0,0,0,0,0,0,1,0,1
0,7,0,1,0,0,0,0,0,0,1,1,1,1
_____________________________________________________
_____________________________________________________
130,0,0.0000,
0,7,0,1,0,0,0,0,0,0,1,1,1,1
0,7,0,1,1,0,0,0,1,0,1,1,1,1
_____________________________________________________
_____________________________________________________
131,0,0.0000,
0,7,0,1,1,0,0,0,1,0,1,1,1,1
1,6,0,1,1,0,0,0,1,0,1,1,1,1
_____________________________________________________
_____________________________________________________
132,11,0.0000,
1,6,0,1,1,0,0,0,1,0,1,1,1,1
1,6,0,1,0,0,0,0,0,0,0,1,0,1
_____________________________________________________
_____________________________________________________
133,2,0.0000,
1,6,0,1,0,0,0,0,0,0,0,1,0,1
1,6,0,0,0,0,0,0,0,1,0,1,0,0
_____________________________________________________
_____________________________________________________
134,8,0.0000,
1,6,0,0,0,0,0,0,0,1,0,1,0,0
0,7,0,0,0,0,0,0,0,0,0,1,0,0
_____________________________________________________
_____________________________________________________
135,0,0.0000,
0,7,0,0,0,0,0,0,0,0,0,1,0,0
0,7,0,0,0,0,0,0,0,0,0,1,0,0
_____________________________________________________
_____________________________________________________
136,0,0.0000,
0,7,0,0,0,0,0,0,0,0,0,1,0,0
0,7,0,1,0,0,0,0,0,0,0,1,0,1
_____________________________________________________
_____________________________________________________
137,0,0.0000,
0,7,0,1,0,0,0,0,0,0,0,1,0,1
0,7,0,1,0,0,0,0,0,0,0,1,0,1
_____________________________________________________
_____________________________________________________
138,0,0.0000,
0,7,0,1,0,0,0,0,0,0,0,1,0,1
1,6,0,1,0,0,0,0,0,0,0,1,0,1
_____________________________________________________
_____________________________________________________
139,2,0.0000,
1,6,0,1,0,0,0,0,0,0,0,1,0,1
0,6,0,0,0,0,0,0,0,0,0,0,0,0
_____________________________________________________
