_____________________________________________________
0,5,0.0000,
1,6,1,1,1,1,1,1,1,0,1,1,1,1
0,7,0,1,1,1,0,1,1,0,1,1,1,1
_____________________________________________________
_____________________________________________________
1,0,0.0000,
0,7,0,1,1,1,0,1,1,0,1,1,1,1
0,7,0,1,1,1,0,1,1,0,1,1,1,1
_____________________________________________________
_____________________________________________________
2,0,0.0000,
0,7,0,1,1,1,0,1,1,0,1,1,1,1
0,7,0,1,1,1,0,1,1,0,1,1,1,1
_____________________________________________________
_____________________________________________________
3,0,0.0000,
0,7,0,1,1,1,0,1,1,0,1,1,1,1
1,6,0,1,1,1,0,1,1,0,1,1,1,1
_____________________________________________________
_____________________________________________________
4,11,0.0000,
1,6,0,1,1,1,0,1,1,0,1,1,1,1
1,6,0,1,1,1,0,1,1,1,1,1,0,1
_____________________________________________________
_____________________________________________________
5,7,0.0000,
1,6,0,1,1,1,0,1,1,1,1,1,0,1
1,6,0,1,0,1,0,1,0,1,1,1,0,0
_____________________________________________________
_____________________________________________________
6,6,0.0000,
1,6,0,1,0,1,0,1,0,1,1,1,0,0
0,7,1,0,0,1,1,0,0,1,0,1,0,0
_____________________________________________________
_____________________________________________________
7,0,0.0000,
0,7,1,0,0,1,1,0,0,1,0,1,0,0
1,6,1,0,0,1,1,0,0,1,0,1,0,0
_____________________________________________________
_____________________________________________________
8,5,0.0000,
1,6,1,0,0,1,1,0,0,1,0,1,0,0
1,6,0,0,0,1,0,0,0,1,0,1,0,0
_____________________________________________________
_____________________________________________________
9,8,0.0000,
1,6,0,0,0,1,0,0,0,1,0,1,0,0
0,7,1,0,0,1,1,0,0,0,0,1,0,0
_____________________________________________________
_____________________________________________________
10,0,0.0000,
0,7,1,0,0,1,1,0,0,0,0,1,0,0
0,7,1,0,0,1,1,0,0,0,0,1,0,0
_____________________________________________________
_____________________________________________________
11,0,0.0000,
0,7,1,0,0,1,1,0,0,0,0,1,0,0
0,7,1,0,0,1,1,0,1,0,0,1,0,1
_____________________________________________________
_____________________________________________________
12,0,0.0000,
0,7,1,0,0,1,1,0,1,0,0,1,0,1
1,6,0,0,1,1,0,0,1,1,0,1,0,1
_____________________________________________________
_____________________________________________________
13,7,0.0000,
1,6,0,0,1,1,0,0,1,1,0,1,0,1
1,6,0,1,0,1,1,1,0,0,1,0,1,0
_____________________________________________________
_____________________________________________________
14,11,0.0000,
1,6,0,1,0,1,1,1,0,0,1,0,1,0
1,6,0,1,0,0,1,0,0,0,1,0,0,0
_____________________________________________________
_____________________________________________________
15,5,0.0000,
1,6,0,1,0,0,1,0,0,0,1,0,0,0
1,6,0,1,0,0,0,0,0,0,1,0,0,1
_____________________________________________________
_____________________________________________________
16,2,0.0000,
1,6,0,1,0,0,0,0,0,0,1,0,0,1
0,7,1,0,0,0,0,0,0,0,0,1,0,1
_____________________________________________________
_____________________________________________________
17,0,0.0000,
0,7,1,0,0,0,0,0,0,0,0,1,0,1
0,7,1,0,0,0,0,0,0,0,0,1,0,1
_____________________________________________________
_____________________________________________________
18,0,0.0000,
0,7,1,0,0,0,0,0,0,0,0,1,0,1
1,6,1,0,0,0,0,0,0,0,0,1,0,1
_____________________________________________________
_____________________________________________________
19,12,0.0000,
1,6,1,0,0,0,0,0,0,0,0,1,0,1
0,7,0,1,0,0,0,0,0,0,1,0,0,0
_____________________________________________________
_____________________________________________________
20,0,0.0000,
0,7,0,1,0,0,0,0,0,0,1,0,0,0
0,7,0,1,0,0,0,0,0,1,1,0,0,0
_____________________________________________________
_____________________________________________________
21,0,0.0000,
0,7,0,1,0,0,0,0,0,1,1,0,0,0
1,6,0,1,0,0,0,0,0,1,1,0,0,0
_____________________________________________________
_____________________________________________________
22,2,0.0000,
1,6,0,1,0,0,0,0,0,1,1,0,0,0
0,7,0,0,0,0,0,0,0,1,0,0,0,1
_____________________________________________________
_____________________________________________________
23,0,0.0000,
0,7,0,0,0,0,0,0,0,1,0,0,0,1
0,7,1,0,0,0,0,0,0,1,0,1,0,1
_____________________________________________________
_____________________________________________________
24,0,0.0000,
0,7,1,0,0,0,0,0,0,1,0,1,0,1
1,6,1,0,0,0,0,0,0,1,0,1,0,1
_____________________________________________________
_____________________________________________________
25,12,0.0000,
1,6,1,0,0,0,0,0,0,1,0,1,0,1
0,7,0,0,0,0,1,0,0,1,0,0,0,0
_____________________________________________________
_____________________________________________________
26,0,0.0000,
0,7,0,0,0,0,1,0,0,1,0,0,0,0
0,7,0,0,0,0,1,0,0,1,0,0,0,0
_____________________________________________________
_____________________________________________________
27,0,0.0000,
0,7,0,0,0,0,1,0,0,1,0,0,0,0
0,7,1,1,1,1,1,0,1,0,0,1,1,1
_____________________________________________________
_____________________________________________________
28,0,0.0000,
0,7,1,1,1,1,1,0,1,0,0,1,1,1
1,6,1,1,1,1,1,0,1,0,0,1,1,1
_____________________________________________________
_____________________________________________________
29,11,0.0000,
1,6,1,1,1,1,1,0,1,0,0,1,1,1
1,6,1,1,1,1,1,0,1,0,0,1,0,1
_____________________________________________________
_____________________________________________________
30,5,0.0000,
1,6,1,1,1,1,1,0,1,0,0,1,0,1
0,7,1,1,1,1,1,0,1,0,0,1,0,1
_____________________________________________________
_____________________________________________________
31,0,0.0000,
0,7,1,1,1,1,1,0,1,0,0,1,0,1
1,6,1,1,1,1,1,0,1,0,0,1,0,1
_____________________________________________________
_____________________________________________________
32,5,0.0000,
1,6,1,1,1,1,1,0,1,0,0,1,0,1
1,6,1,1,1,1,0,0,0,0,0,1,1,0
_____________________________________________________
_____________________________________________________
33,11,0.0000,
1,6,1,1,1,1,0,0,0,0,0,1,1,0
0,7,1,1,1,1,0,0,0,0,0,1,0,0
_____________________________________________________
_____________________________________________________
34,0,0.0000,
0,7,1,1,1,1,0,0,0,0,0,1,0,0
0,7,1,1,1,1,0,0,0,0,0,1,0,0
_____________________________________________________
_____________________________________________________
35,0,0.0000,
0,7,1,1,1,1,0,0,0,0,0,1,0,0
1,6,1,1,1,1,0,0,0,0,0,1,0,0
_____________________________________________________
_____________________________________________________
36,2,0.0000,
1,6,1,1,1,1,0,0,0,0,0,1,0,0
0,7,1,1,1,1,0,0,0,0,0,1,0,0
_____________________________________________________
_____________________________________________________
37,0,0.0000,
0,7,1,1,1,1,0,0,0,0,0,1,0,0
1,6,1,1,1,1,0,0,0,0,0,1,0,0
_____________________________________________________
_____________________________________________________
38,2,0.0000,
1,6,1,1,1,1,0,0,0,0,0,1,0,0
1,6,1,1,0,1,0,0,0,0,1,1,0,0
_____________________________________________________
_____________________________________________________
39,2,0.0000,
1,6,1,1,0,1,0,0,0,0,1,1,0,0
1,6,0,0,0,1,0,0,0,0,1,1,0,0
_____________________________________________________
_____________________________________________________
40,9,0.0000,
1,6,0,0,0,1,0,0,0,0,1,1,0,0
1,6,1,1,0,1,0,0,1,0,0,1,0,1
_____________________________________________________
_____________________________________________________
41,12,0.0000,
1,6,1,1,0,1,0,0,1,0,0,1,0,1
0,7,1,0,0,0,0,0,0,0,1,0,0,0
_____________________________________________________
_____________________________________________________
42,0,0.0000,
0,7,1,0,0,0,0,0,0,0,1,0,0,0
1,6,1,0,0,0,0,0,0,0,1,0,0,0
_____________________________________________________
_____________________________________________________
43,9,0.0000,
1,6,1,0,0,0,0,0,0,0,1,0,0,0
0,7,0,0,0,0,0,0,0,0,1,0,0,0
_____________________________________________________
_____________________________________________________
44,0,0.0000,
0,7,0,0,0,0,0,0,0,0,1,0,0,0
0,7,1,0,0,0,0,0,0,0,1,0,0,0
_____________________________________________________
_____________________________________________________
45,0,0.0000,
0,7,1,0,0,0,0,0,0,0,1,0,0,0
1,6,1,0,0,0,0,0,0,0,1,0,0,0
_____________________________________________________
_____________________________________________________
46,9,0.0000,
1,6,1,0,0,0,0,0,0,0,1,0,0,0
1,6,0,0,0,0,0,0,0,0,1,0,1,0
_____________________________________________________
_____________________________________________________
47,11,0.0000,
1,6,0,0,0,0,0,0,0,0,1,0,1,0
1,6,1,0,0,0,0,0,0,0,1,0,0,0
_____________________________________________________
_____________________________________________________
48,9,0.0000,
1,6,1,0,0,0,0,0,0,0,1,0,0,0
1,6,0,0,0,0,0,0,0,0,0,0,0,0
_____________________________________________________
_____________________________________________________
49,0,0.0000,
1,6,0,0,0,0,0,0,0,0,0,0,0,0
2,5,1,0,0,0,0,0,0,0,1,0,0,0
_____________________________________________________
_____________________________________________________
50,9,0.0000,
2,5,1,0,0,0,0,0,0,0,1,0,0,0
2,5,0,0,0,0,1,0,0,0,0,0,1,0
_____________________________________________________
_____________________________________________________
51,11,0.0000,
2,5,0,0,0,0,1,0,0,0,0,0,1,0
2,5,0,0,0,0,1,0,0,0,0,0,0,0
_____________________________________________________
_____________________________________________________
52,5,0.0000,
2,5,0,0,0,0,1,0,0,0,0,0,0,0
2,5,1,0,0,0,0,0,0,0,1,0,0,0
_____________________________________________________
_____________________________________________________
53,9,0.0000,
2,5,1,0,0,0,0,0,0,0,1,0,0,0
2,5,0,0,0,0,0,0,0,0,0,0,0,0
_____________________________________________________
_____________________________________________________
54,9,-1.0000,
2,5,0,0,0,0,0,0,0,0,0,0,0,0
2,5,0,0,0,0,0,0,0,0,0,0,0,0
_____________________________________________________
_____________________________________________________
55,9,-1.0000,
2,5,0,0,0,0,0,0,0,0,0,0,0,0
1,5,-1,0,0,0,0,0,0,0,0,0,1,0
_____________________________________________________
_____________________________________________________
56,1,0.0000,
1,5,-1,0,0,0,0,0,0,0,0,0,1,0
0,7,-1,0,0,0,0,0,0,1,0,0,1,0
_____________________________________________________
_____________________________________________________
57,0,0.0000,
0,7,-1,0,0,0,0,0,0,1,0,0,1,0
1,6,1,0,1,0,1,0,0,1,0,0,1,0
_____________________________________________________
_____________________________________________________
58,11,0.0000,
1,6,1,0,1,0,1,0,0,1,0,0,1,0
1,6,1,0,1,0,1,0,1,1,0,0,0,0
_____________________________________________________
_____________________________________________________
59,5,0.0000,
1,6,1,0,1,0,1,0,1,1,0,0,0,0
0,7,1,1,0,0,0,0,1,1,0,0,0,1
_____________________________________________________
_____________________________________________________
60,0,0.0000,
0,7,1,1,0,0,0,0,1,1,0,0,0,1
1,6,1,1,1,0,1,0,1,1,0,0,0,1
_____________________________________________________
_____________________________________________________
61,5,0.0000,
1,6,1,1,1,0,1,0,1,1,0,0,0,1
1,6,1,1,0,0,0,0,1,0,0,0,0,1
_____________________________________________________
_____________________________________________________
62,7,0.0000,
1,6,1,1,0,0,0,0,1,0,0,0,0,1
0,7,1,0,0,0,0,0,0,1,0,0,0,1
_____________________________________________________
_____________________________________________________
63,0,0.0000,
0,7,1,0,0,0,0,0,0,1,0,0,0,1
1,6,1,1,1,0,1,0,1,1,0,0,0,1
_____________________________________________________
_____________________________________________________
64,5,0.0000,
1,6,1,1,1,0,1,0,1,1,0,0,0,1
0,7,1,1,0,0,0,0,1,0,0,0,0,1
_____________________________________________________
_____________________________________________________
65,0,0.0000,
0,7,1,1,0,0,0,0,1,0,0,0,0,1
1,6,1,1,0,0,0,0,1,0,0,0,0,1
_____________________________________________________
_____________________________________________________
66,7,0.0000,
1,6,1,1,0,0,0,0,1,0,0,0,0,1
1,6,1,0,0,0,1,0,0,1,1,0,0,1
_____________________________________________________
_____________________________________________________
67,5,0.0000,
1,6,1,0,0,0,1,0,0,1,1,0,0,1
1,6,1,0,0,0,0,0,0,0,1,0,0,1
_____________________________________________________
_____________________________________________________
68,12,0.0000,
1,6,1,0,0,0,0,0,0,0,1,0,0,1
0,7,1,0,0,0,0,0,1,0,1,0,0,0
_____________________________________________________
_____________________________________________________
69,0,0.0000,
0,7,1,0,0,0,0,0,1,0,1,0,0,0
0,7,0,0,0,0,0,1,1,0,1,1,0,0
_____________________________________________________
_____________________________________________________
70,0,0.0000,
0,7,0,0,0,0,0,1,1,0,1,1,0,0
0,7,1,0,1,1,0,1,1,1,1,1,0,0
_____________________________________________________
_____________________________________________________
71,0,0.0000,
0,7,1,0,1,1,0,1,1,1,1,1,0,0
1,6,1,0,1,1,0,1,1,1,1,1,0,0
_____________________________________________________
_____________________________________________________
72,7,0.0000,
1,6,1,0,1,1,0,1,1,1,1,1,0,0
1,6,0,0,1,1,0,1,0,1,1,1,0,0
_____________________________________________________
_____________________________________________________
73,6,0.0000,
1,6,0,0,1,1,0,1,0,1,1,1,0,0
1,6,0,0,1,1,0,0,0,1,1,1,0,0
_____________________________________________________
_____________________________________________________
74,9,0.0000,
1,6,0,0,1,1,0,0,0,1,1,1,0,0
0,7,0,0,0,0,0,0,0,0,0,1,0,0
_____________________________________________________
_____________________________________________________
75,0,0.0000,
0,7,0,0,0,0,0,0,0,0,0,1,0,0
0,7,0,0,0,0,0,0,0,0,0,1,0,0
_____________________________________________________
_____________________________________________________
76,0,0.0000,
0,7,0,0,0,0,0,0,0,0,0,1,0,0
0,7,0,0,0,0,0,0,0,0,0,1,0,0
_____________________________________________________
_____________________________________________________
77,0,0.0000,
0,7,0,0,0,0,0,0,0,0,0,1,0,0
0,7,0,0,0,0,0,1,0,0,1,1,0,0
_____________________________________________________
_____________________________________________________
78,0,0.0000,
0,7,0,0,0,0,0,1,0,0,1,1,0,0
0,7,1,0,1,1,0,1,1,1,1,1,0,0
_____________________________________________________
_____________________________________________________
79,0,0.0000,
0,7,1,0,1,1,0,1,1,1,1,1,0,0
1,6,1,0,1,1,0,1,1,1,1,1,0,0
_____________________________________________________
_____________________________________________________
80,7,0.0000,
1,6,1,0,1,1,0,1,1,1,1,1,0,0
0,7,0,0,1,1,0,1,0,1,1,1,0,0
_____________________________________________________
_____________________________________________________
81,0,0.0000,
0,7,0,0,1,1,0,1,0,1,1,1,0,0
0,7,0,0,1,1,0,1,0,1,1,1,0,0
_____________________________________________________
_____________________________________________________
82,0,0.0000,
0,7,0,0,1,1,0,1,0,1,1,1,0,0
1,6,0,0,1,1,0,1,1,1,1,1,0,0
_____________________________________________________
_____________________________________________________
83,7,0.0000,
1,6,0,0,1,1,0,1,1,1,1,1,0,0
0,7,0,1,1,0,0,0,0,0,0,0,0,0
_____________________________________________________
_____________________________________________________
84,0,0.0000,
0,7,0,1,1,0,0,0,0,0,0,0,0,0
0,7,0,1,1,0,0,0,0,0,0,0,0,0
_____________________________________________________
_____________________________________________________
85,0,0.0000,
0,7,0,1,1,0,0,0,0,0,0,0,0,0
1,6,1,1,1,0,0,0,1,0,0,0,1,0
_____________________________________________________
_____________________________________________________
86,11,0.0000,
1,6,1,1,1,0,0,0,1,0,0,0,1,0
1,6,0,1,1,0,0,0,0,0,0,0,0,0
_____________________________________________________
_____________________________________________________
87,2,0.0000,
1,6,0,1,1,0,0,0,0,0,0,0,0,0
0,7,0,0,0,0,0,0,0,0,0,0,0,0
_____________________________________________________
_____________________________________________________
88,0,0.0000,
0,7,0,0,0,0,0,0,0,0,0,0,0,0
0,7,0,0,0,0,0,0,1,0,0,0,1,0
_____________________________________________________
_____________________________________________________
89,0,0.0000,
0,7,0,0,0,0,0,0,1,0,0,0,1,0
0,7,1,0,0,0,0,0,1,0,0,0,1,0
_____________________________________________________
_____________________________________________________
90,0,0.0000,
0,7,1,0,0,0,0,0,1,0,0,0,1,0
1,6,1,0,0,0,0,0,1,0,0,0,1,0
_____________________________________________________
_____________________________________________________
91,11,0.0000,
1,6,1,0,0,0,0,0,1,0,0,0,1,0
0,7,0,0,0,0,0,0,0,0,0,0,0,0
_____________________________________________________
_____________________________________________________
92,0,0.0000,
0,7,0,0,0,0,0,0,0,0,0,0,0,0
0,7,1,0,0,0,0,0,1,0,0,0,1,0
_____________________________________________________
_____________________________________________________
93,0,0.0000,
0,7,1,0,0,0,0,0,1,0,0,0,1,0
0,7,1,0,0,0,0,0,1,0,0,0,1,0
_____________________________________________________
_____________________________________________________
94,0,0.0000,
0,7,1,0,0,0,0,0,1,0,0,0,1,0
0,7,1,1,1,0,0,0,1,0,0,0,1,0
_____________________________________________________
_____________________________________________________
95,0,0.0000,
0,7,1,1,1,0,0,0,1,0,0,0,1,0
1,6,1,1,1,0,0,0,1,0,0,0,1,0
_____________________________________________________
_____________________________________________________
96,11,0.0000,
1,6,1,1,1,0,0,0,1,0,0,0,1,0
1,6,0,1,1,0,0,0,0,0,0,0,1,0
_____________________________________________________
_____________________________________________________
97,11,0.0000,
1,6,0,1,1,0,0,0,0,0,0,0,1,0
1,6,1,0,0,0,0,1,1,0,1,1,1,0
_____________________________________________________
_____________________________________________________
98,11,0.0000,
1,6,1,0,0,0,0,1,1,0,1,1,1,0
0,7,1,0,0,0,0,1,1,0,1,0,0,0
_____________________________________________________
_____________________________________________________
99,0,0.0000,
0,7,1,0,0,0,0,1,1,0,1,0,0,0
1,6,1,0,0,0,0,1,1,0,1,0,0,0
_____________________________________________________
_____________________________________________________
100,7,0.0000,
1,6,1,0,0,0,0,1,1,0,1,0,0,0
1,6,1,0,0,0,0,0,0,0,1,0,0,0
_____________________________________________________
_____________________________________________________
101,9,0.0000,
1,6,1,0,0,0,0,0,0,0,1,0,0,0
0,7,0,0,0,0,0,0,0,0,0,0,0,0
_____________________________________________________
_____________________________________________________
102,0,0.0000,
0,7,0,0,0,0,0,0,0,0,0,0,0,0
0,7,0,0,1,0,0,0,1,1,0,0,0,0
_____________________________________________________
_____________________________________________________
103,0,0.0000,
0,7,0,0,1,0,0,0,1,1,0,0,0,0
1,6,0,0,1,1,0,1,1,1,0,1,1,0
_____________________________________________________
_____________________________________________________
104,11,0.0000,
1,6,0,0,1,1,0,1,1,1,0,1,1,0
1,6,0,0,1,1,0,1,1,1,0,0,0,0
_____________________________________________________
_____________________________________________________
105,7,0.0000,
1,6,0,0,1,1,0,1,1,1,0,0,0,0
0,7,0,0,1,1,0,0,0,1,0,0,0,0
_____________________________________________________
_____________________________________________________
106,0,0.0000,
0,7,0,0,1,1,0,0,0,1,0,0,0,0
0,7,0,0,1,1,0,0,0,1,1,0,1,0
_____________________________________________________
_____________________________________________________
107,0,0.0000,
0,7,0,0,1,1,0,0,0,1,1,0,1,0
0,7,1,0,1,1,0,0,0,1,1,1,1,0
_____________________________________________________
_____________________________________________________
108,0,0.0000,
0,7,1,0,1,1,0,0,0,1,1,1,1,0
0,7,1,0,1,1,0,0,0,1,1,1,1,0
_____________________________________________________
_____________________________________________________
109,0,0.0000,
0,7,1,0,1,1,0,0,0,1,1,1,1,0
0,7,1,0,1,1,0,0,0,1,1,1,1,0
_____________________________________________________
_____________________________________________________
110,0,0.0000,
0,7,1,0,1,1,0,0,0,1,1,1,1,0
0,7,1,0,1,1,0,0,0,1,1,1,1,0
_____________________________________________________
_____________________________________________________
111,0,0.0000,
0,7,1,0,1,1,0,0,0,1,1,1,1,0
1,6,0,1,1,0,0,1,0,0,1,1,1,1
_____________________________________________________
_____________________________________________________
112,11,0.0000,
1,6,0,1,1,0,0,1,0,0,1,1,1,1
1,6,0,1,1,0,0,1,0,0,1,1,1,1
_____________________________________________________
_____________________________________________________
113,11,0.0000,
1,6,0,1,1,0,0,1,0,0,1,1,1,1
1,6,0,1,1,0,0,0,0,1,0,1,1,1
_____________________________________________________
_____________________________________________________
114,11,0.0000,
1,6,0,1,1,0,0,0,0,1,0,1,1,1
1,6,0,1,1,0,0,0,0,1,0,1,0,1
_____________________________________________________
_____________________________________________________
115,2,0.0000,
1,6,0,1,1,0,0,0,0,1,0,1,0,1
1,6,0,1,1,0,0,1,0,1,1,1,1,1
_____________________________________________________
_____________________________________________________
116,11,0.0000,
1,6,0,1,1,0,0,1,0,1,1,1,1,1
0,7,0,1,1,0,0,0,0,1,0,1,0,1
_____________________________________________________
_____________________________________________________
117,0,0.0000,
0,7,0,1,1,0,0,0,0,1,0,1,0,1
0,7,0,1,1,0,0,0,0,1,0,1,0,1
_____________________________________________________
_____________________________________________________
118,0,0.0000,
0,7,0,1,1,0,0,0,0,1,0,1,0,1
0,7,0,1,1,0,0,1,0,1,1,1,1,1
_____________________________________________________
_____________________________________________________
119,0,0.0000,
0,7,0,1,1,0,0,1,0,1,1,1,1,1
1,6,0,1,1,0,0,1,0,1,1,1,1,1
_____________________________________________________
_____________________________________________________
120,11,0.0000,
1,6,0,1,1,0,0,1,0,1,1,1,1,1
0,7,0,1,1,1,0,0,0,1,0,1,0,1
_____________________________________________________
_____________________________________________________
121,0,0.0000,
0,7,0,1,1,1,0,0,0,1,0,1,0,1
0,7,0,1,1,1,0,0,0,1,1,1,1,1
_____________________________________________________
_____________________________________________________
122,0,0.0000,
0,7,0,1,1,1,0,0,0,1,1,1,1,1
0,7,0,1,1,1,0,1,0,1,1,1,1,1
_____________________________________________________
_____________________________________________________
123,0,0.0000,
0,7,0,1,1,1,0,1,0,1,1,1,1,1
0,7,0,1,1,1,0,1,0,1,1,1,1,1
_____________________________________________________
_____________________________________________________
124,0,0.0000,
0,7,0,1,1,1,0,1,0,1,1,1,1,1
1,6,0,1,1,1,0,1,0,1,1,1,1,1
_____________________________________________________
_____________________________________________________
125,11,0.0000,
1,6,0,1,1,1,0,1,0,1,1,1,1,1
1,6,1,0,1,0,1,0,0,0,1,0,1,1
_____________________________________________________
_____________________________________________________
126,11,0.0000,
1,6,1,0,1,0,1,0,0,0,1,0,1,1
1,6,1,0,1,0,1,0,0,0,1,0,0,1
_____________________________________________________
_____________________________________________________
127,5,0.0000,
1,6,1,0,1,0,1,0,0,0,1,0,0,1
0,7,1,0,1,0,0,0,0,0,0,0,0,0
_____________________________________________________
_____________________________________________________
128,0,0.0000,
0,7,1,0,1,0,0,0,0,0,0,0,0,0
0,7,1,0,1,0,1,0,0,0,1,0,0,1
_____________________________________________________
_____________________________________________________
129,0,0.0000,
0,7,1,0,1,0,1,0,0,0,1,0,0,1
0,7,1,0,1,0,1,0,0,0,1,0,0,1
_____________________________________________________
_____________________________________________________
130,0,0.0000,
0,7,1,0,1,0,1,0,0,0,1,0,0,1
1,6,1,0,1,0,1,0,0,0,1,0,0,1
_____________________________________________________
_____________________________________________________
131,5,0.0000,
1,6,1,0,1,0,1,0,0,0,1,0,0,1
0,7,1,0,1,0,0,0,0,0,0,0,0,0
_____________________________________________________
_____________________________________________________
132,0,0.0000,
0,7,1,0,1,0,0,0,0,0,0,0,0,0
1,6,1,0,1,0,0,0,0,0,0,0,0,0
_____________________________________________________
_____________________________________________________
133,1,0.0000,
1,6,1,0,1,0,0,0,0,0,0,0,0,0
1,6,0,0,0,0,0,0,0,0,0,0,0,0
_____________________________________________________
_____________________________________________________
134,0,0.0000,
1,6,0,0,0,0,0,0,0,0,0,0,0,0
2,5,0,0,0,0,0,0,0,0,0,0,0,0
_____________________________________________________
_____________________________________________________
135,9,-1.0000,
2,5,0,0,0,0,0,0,0,0,0,0,0,0
1,5,0,0,0,0,-1,0,0,0,-1,0,0,-1
_____________________________________________________
_____________________________________________________
136,9,0.0000,
1,5,0,0,0,0,-1,0,0,0,-1,0,0,-1
0,7,0,0,0,0,-1,0,0,0,-1,0,0,1
_____________________________________________________
_____________________________________________________
137,0,0.0000,
0,7,0,0,0,0,-1,0,0,0,-1,0,0,1
1,6,0,0,0,0,1,0,0,0,1,0,0,1
_____________________________________________________
_____________________________________________________
138,5,0.0000,
1,6,0,0,0,0,1,0,0,0,1,0,0,1
0,7,0,0,0,0,0,0,0,0,0,0,0,0
_____________________________________________________
_____________________________________________________
139,0,0.0000,
0,7,0,0,0,0,0,0,0,0,0,0,0,0
0,7,0,0,0,0,0,0,0,0,0,0,0,0
_____________________________________________________
