_____________________________________________________
0,11,0.0000,
3,4,1,1,1,1,1,1,1,1,1,1,1,1
3,4,0,1,1,1,1,1,1,1,0,1,0,1
_____________________________________________________
_____________________________________________________
1,5,0.0000,
3,4,0,1,1,1,1,1,1,1,0,1,0,1
2,4,0,0,1,1,0,1,1,1,0,1,0,1
_____________________________________________________
_____________________________________________________
2,7,0.0000,
2,4,0,0,1,1,0,1,1,1,0,1,0,1
2,4,0,0,1,1,0,0,0,1,0,1,0,1
_____________________________________________________
_____________________________________________________
3,12,0.0000,
2,4,0,0,1,1,0,0,0,1,0,1,0,1
2,5,0,0,1,1,0,0,0,1,0,0,0,0
_____________________________________________________
_____________________________________________________
4,8,0.0000,
2,5,0,0,1,1,0,0,0,1,0,0,0,0
2,5,0,0,1,0,1,0,0,0,0,0,0,0
_____________________________________________________
_____________________________________________________
5,5,0.0000,
2,5,0,0,1,0,1,0,0,0,0,0,0,0
1,5,0,0,1,0,0,1,1,0,0,0,0,0
_____________________________________________________
_____________________________________________________
6,7,0.0000,
1,5,0,0,1,0,0,1,1,0,0,0,0,0
0,7,0,0,1,0,0,0,0,0,0,0,0,0
_____________________________________________________
_____________________________________________________
7,0,0.0000,
0,7,0,0,1,0,0,0,0,0,0,0,0,0
0,7,0,0,1,0,0,0,0,0,0,0,0,0
_____________________________________________________
_____________________________________________________
8,0,0.0000,
0,7,0,0,1,0,0,0,0,0,0,0,0,0
0,7,0,0,1,0,0,1,1,0,0,0,0,0
_____________________________________________________
_____________________________________________________
9,0,0.0000,
0,7,0,0,1,0,0,1,1,0,0,0,0,0
1,6,0,0,1,0,0,1,1,0,0,0,0,0
_____________________________________________________
_____________________________________________________
10,7,0.0000,
1,6,0,0,1,0,0,1,1,0,0,0,0,0
0,7,0,0,1,0,0,0,0,0,0,0,0,0
_____________________________________________________
_____________________________________________________
11,0,0.0000,
0,7,0,0,1,0,0,0,0,0,0,0,0,0
0,7,0,0,1,0,0,0,0,0,0,0,0,0
_____________________________________________________
_____________________________________________________
12,0,0.0000,
0,7,0,0,1,0,0,0,0,0,0,0,0,0
1,6,0,0,1,0,0,0,0,0,0,0,0,0
_____________________________________________________
_____________________________________________________
13,3,0.0000,
1,6,0,0,1,0,0,0,0,0,0,0,0,0
0,7,0,1,1,1,0,0,1,0,0,0,1,0
_____________________________________________________
_____________________________________________________
14,0,0.0000,
0,7,0,1,1,1,0,0,1,0,0,0,1,0
1,6,1,1,1,1,0,0,1,1,0,0,1,0
_____________________________________________________
_____________________________________________________
15,11,0.0000,
1,6,1,1,1,1,0,0,1,1,0,0,1,0
0,7,0,1,1,1,0,0,1,0,0,0,0,0
_____________________________________________________
_____________________________________________________
16,0,0.0000,
0,7,0,1,1,1,0,0,1,0,0,0,0,0
1,6,0,1,1,1,0,0,1,0,0,0,0,0
_____________________________________________________
_____________________________________________________
17,7,0.0000,
1,6,0,1,1,1,0,0,1,0,0,0,0,0
0,7,0,0,1,1,0,0,0,1,0,0,1,0
_____________________________________________________
_____________________________________________________
18,0,0.0000,
0,7,0,0,1,1,0,0,0,1,0,0,1,0
1,6,1,0,1,1,0,0,1,1,0,0,1,0
_____________________________________________________
_____________________________________________________
19,11,0.0000,
1,6,1,0,1,1,0,0,1,1,0,0,1,0
0,7,0,1,1,1,0,1,1,0,0,0,0,0
_____________________________________________________
_____________________________________________________
20,0,0.0000,
0,7,0,1,1,1,0,1,1,0,0,0,0,0
0,7,0,1,1,1,1,1,1,0,0,0,0,0
_____________________________________________________
_____________________________________________________
21,0,0.0000,
0,7,0,1,1,1,1,1,1,0,0,0,0,0
0,7,1,1,1,1,1,1,1,1,0,0,1,0
_____________________________________________________
_____________________________________________________
22,0,0.0000,
0,7,1,1,1,1,1,1,1,1,0,0,1,0
1,6,1,1,1,1,1,1,1,1,0,0,1,0
_____________________________________________________
_____________________________________________________
23,5,0.0000,
1,6,1,1,1,1,1,1,1,1,0,0,1,0
1,6,1,1,1,1,0,0,1,1,0,0,1,0
_____________________________________________________
_____________________________________________________
24,11,0.0000,
1,6,1,1,1,1,0,0,1,1,0,0,1,0
0,7,0,1,1,1,0,0,1,0,0,0,0,0
_____________________________________________________
_____________________________________________________
25,0,0.0000,
0,7,0,1,1,1,0,0,1,0,0,0,0,0
1,6,0,1,1,1,0,0,1,0,0,0,0,0
_____________________________________________________
_____________________________________________________
26,7,0.0000,
1,6,0,1,1,1,0,0,1,0,0,0,0,0
0,7,0,0,1,1,0,0,0,0,0,0,1,1
_____________________________________________________
_____________________________________________________
27,0,0.0000,
0,7,0,0,1,1,0,0,0,0,0,0,1,1
0,7,1,0,1,0,0,0,1,0,1,0,0,0
_____________________________________________________
_____________________________________________________
28,0,0.0000,
0,7,1,0,1,0,0,0,1,0,1,0,0,0
0,7,1,0,1,0,0,0,1,0,1,0,0,0
_____________________________________________________
_____________________________________________________
29,0,0.0000,
0,7,1,0,1,0,0,0,1,0,1,0,0,0
1,6,1,0,1,0,0,0,1,0,1,0,1,0
_____________________________________________________
_____________________________________________________
30,11,0.0000,
1,6,1,0,1,0,0,0,1,0,1,0,1,0
0,7,1,0,1,0,0,0,1,0,1,0,0,0
_____________________________________________________
_____________________________________________________
31,0,0.0000,
0,7,1,0,1,0,0,0,1,0,1,0,0,0
1,6,1,0,1,1,0,1,1,0,1,1,0,0
_____________________________________________________
_____________________________________________________
32,7,0.0000,
1,6,1,0,1,1,0,1,1,0,1,1,0,0
1,6,1,0,1,1,0,1,1,0,1,1,0,0
_____________________________________________________
_____________________________________________________
33,7,0.0000,
1,6,1,0,1,1,0,1,1,0,1,1,0,0
1,6,1,0,1,1,1,1,0,1,0,1,0,1
_____________________________________________________
_____________________________________________________
34,5,0.0000,
1,6,1,0,1,1,1,1,0,1,0,1,0,1
0,7,1,0,1,1,0,1,0,0,0,1,0,0
_____________________________________________________
_____________________________________________________
35,0,0.0000,
0,7,1,0,1,1,0,1,0,0,0,1,0,0
0,7,1,0,1,1,0,1,0,0,0,1,0,0
_____________________________________________________
_____________________________________________________
36,0,0.0000,
0,7,1,0,1,1,0,1,0,0,0,1,0,0
1,6,1,0,1,1,0,1,0,0,0,1,0,0
_____________________________________________________
_____________________________________________________
37,6,0.0000,
1,6,1,0,1,1,0,1,0,0,0,1,0,0
0,7,1,0,1,0,0,0,0,0,1,0,1,0
_____________________________________________________
_____________________________________________________
38,0,0.0000,
0,7,1,0,1,0,0,0,0,0,1,0,1,0
1,6,1,0,1,0,0,0,1,0,1,0,1,0
_____________________________________________________
_____________________________________________________
39,11,0.0000,
1,6,1,0,1,0,0,0,1,0,1,0,1,0
0,7,1,0,1,0,0,0,1,0,1,0,0,0
_____________________________________________________
_____________________________________________________
40,0,0.0000,
0,7,1,0,1,0,0,0,1,0,1,0,0,0
1,6,1,0,1,0,0,0,1,0,1,0,0,0
_____________________________________________________
_____________________________________________________
41,7,0.0000,
1,6,1,0,1,0,0,0,1,0,1,0,0,0
1,6,1,1,0,1,0,1,0,1,0,0,0,1
_____________________________________________________
_____________________________________________________
42,6,0.0000,
1,6,1,1,0,1,0,1,0,1,0,0,0,1
0,7,0,0,0,0,0,0,1,1,0,1,0,1
_____________________________________________________
_____________________________________________________
43,0,0.0000,
0,7,0,0,0,0,0,0,1,1,0,1,0,1
1,6,0,0,0,0,0,1,1,1,0,1,0,1
_____________________________________________________
_____________________________________________________
44,7,0.0000,
1,6,0,0,0,0,0,1,1,1,0,1,0,1
0,7,1,1,0,1,0,1,0,1,0,0,0,0
_____________________________________________________
_____________________________________________________
45,0,0.0000,
0,7,1,1,0,1,0,1,0,1,0,0,0,0
1,6,1,1,0,1,0,1,0,1,0,0,0,0
_____________________________________________________
_____________________________________________________
46,6,0.0000,
1,6,1,1,0,1,0,1,0,1,0,0,0,0
0,7,0,0,0,0,0,0,0,1,0,0,0,1
_____________________________________________________
_____________________________________________________
47,0,0.0000,
0,7,0,0,0,0,0,0,0,1,0,0,0,1
1,6,0,0,0,0,0,0,1,1,0,1,0,1
_____________________________________________________
_____________________________________________________
48,7,0.0000,
1,6,0,0,0,0,0,0,1,1,0,1,0,1
1,6,1,1,0,1,0,1,0,1,0,0,0,0
_____________________________________________________
_____________________________________________________
49,6,0.0000,
1,6,1,1,0,1,0,1,0,1,0,0,0,0
1,6,0,0,1,0,0,0,0,1,0,0,1,1
_____________________________________________________
_____________________________________________________
50,11,0.0000,
1,6,0,0,1,0,0,0,0,1,0,0,1,1
1,6,0,0,1,0,0,0,1,1,0,1,0,1
_____________________________________________________
_____________________________________________________
51,7,0.0000,
1,6,0,0,1,0,0,0,1,1,0,1,0,1
1,6,0,0,1,0,0,0,0,1,0,0,0,0
_____________________________________________________
_____________________________________________________
52,8,0.0000,
1,6,0,0,1,0,0,0,0,1,0,0,0,0
0,7,0,0,1,0,0,0,0,0,0,0,0,0
_____________________________________________________
_____________________________________________________
53,0,0.0000,
0,7,0,0,1,0,0,0,0,0,0,0,0,0
0,7,0,0,1,0,0,0,0,0,0,0,0,1
_____________________________________________________
_____________________________________________________
54,0,0.0000,
0,7,0,0,1,0,0,0,0,0,0,0,0,1
1,6,0,0,1,0,0,0,1,0,1,1,0,1
_____________________________________________________
_____________________________________________________
55,7,0.0000,
1,6,0,0,1,0,0,0,1,0,1,1,0,1
1,6,1,1,1,0,1,0,1,1,0,1,0,0
_____________________________________________________
_____________________________________________________
56,5,0.0000,
1,6,1,1,1,0,1,0,1,1,0,1,0,0
1,6,0,1,1,0,0,0,1,1,0,1,0,0
_____________________________________________________
_____________________________________________________
57,7,0.0000,
1,6,0,1,1,0,0,0,1,1,0,1,0,0
1,6,0,1,0,0,0,0,1,1,0,1,0,0
_____________________________________________________
_____________________________________________________
58,7,0.0000,
1,6,0,1,0,0,0,0,1,1,0,1,0,0
1,6,0,1,0,0,0,0,0,1,0,1,0,0
_____________________________________________________
_____________________________________________________
59,2,0.0000,
1,6,0,1,0,0,0,0,0,1,0,1,0,0
1,6,0,0,0,0,0,0,0,0,0,1,0,0
_____________________________________________________
_____________________________________________________
60,10,0.0000,
1,6,0,0,0,0,0,0,0,0,0,1,0,0
0,7,0,0,0,0,0,0,0,0,0,0,0,0
_____________________________________________________
_____________________________________________________
61,0,0.0000,
0,7,0,0,0,0,0,0,0,0,0,0,0,0
1,6,0,1,1,0,0,0,1,1,1,0,1,0
_____________________________________________________
_____________________________________________________
62,11,0.0000,
1,6,0,1,1,0,0,0,1,1,1,0,1,0
0,7,0,1,1,0,0,0,1,1,0,1,0,0
_____________________________________________________
_____________________________________________________
63,0,0.0000,
0,7,0,1,1,0,0,0,1,1,0,1,0,0
1,6,0,1,1,0,0,0,1,1,0,1,0,0
_____________________________________________________
_____________________________________________________
64,7,0.0000,
1,6,0,1,1,0,0,0,1,1,0,1,0,0
1,6,0,1,0,0,0,0,0,1,0,1,0,0
_____________________________________________________
_____________________________________________________
65,2,0.0000,
1,6,0,1,0,0,0,0,0,1,0,1,0,0
0,7,0,0,0,0,0,0,0,0,0,1,0,0
_____________________________________________________
_____________________________________________________
66,0,0.0000,
0,7,0,0,0,0,0,0,0,0,0,1,0,0
1,6,0,0,1,0,0,0,1,0,0,1,1,1
_____________________________________________________
_____________________________________________________
67,11,0.0000,
1,6,0,0,1,0,0,0,1,0,0,1,1,1
1,6,0,0,1,0,0,1,1,1,0,1,0,1
_____________________________________________________
_____________________________________________________
68,7,0.0000,
1,6,0,0,1,0,0,1,1,1,0,1,0,1
0,7,0,1,0,0,0,1,0,1,0,1,0,1
_____________________________________________________
_____________________________________________________
69,0,0.0000,
0,7,0,1,0,0,0,1,0,1,0,1,0,1
1,6,1,1,1,0,0,1,0,0,1,0,0,0
_____________________________________________________
_____________________________________________________
70,9,0.0000,
1,6,1,1,1,0,0,1,0,0,1,0,0,0
1,6,1,1,0,0,0,1,0,0,0,0,0,0
_____________________________________________________
_____________________________________________________
71,6,0.0000,
1,6,1,1,0,0,0,1,0,0,0,0,0,0
1,6,1,1,0,0,0,0,0,0,0,0,1,0
_____________________________________________________
_____________________________________________________
72,11,0.0000,
1,6,1,1,0,0,0,0,0,0,0,0,1,0
0,7,1,1,0,0,0,0,0,0,0,0,0,0
_____________________________________________________
_____________________________________________________
73,0,0.0000,
0,7,1,1,0,0,0,0,0,0,0,0,0,0
1,6,1,1,0,0,0,0,0,0,0,0,0,0
_____________________________________________________
_____________________________________________________
74,2,0.0000,
1,6,1,1,0,0,0,0,0,0,0,0,0,0
1,6,1,0,0,1,1,1,1,0,0,0,0,0
_____________________________________________________
_____________________________________________________
75,5,0.0000,
1,6,1,0,0,1,1,1,1,0,0,0,0,0
1,6,1,0,0,0,0,1,0,0,0,0,0,0
_____________________________________________________
_____________________________________________________
76,6,0.0000,
1,6,1,0,0,0,0,1,0,0,0,0,0,0
0,7,1,0,0,0,0,0,0,0,0,0,0,0
_____________________________________________________
_____________________________________________________
77,0,0.0000,
0,7,1,0,0,0,0,0,0,0,0,0,0,0
1,6,1,0,0,0,0,0,0,0,0,0,0,0
_____________________________________________________
_____________________________________________________
78,1,0.0000,
1,6,1,0,0,0,0,0,0,0,0,0,0,0
1,6,0,1,1,0,0,0,0,0,1,0,0,0
_____________________________________________________
_____________________________________________________
79,9,0.0000,
1,6,0,1,1,0,0,0,0,0,1,0,0,0
0,7,0,1,0,0,0,0,0,0,0,0,0,0
_____________________________________________________
_____________________________________________________
80,0,0.0000,
0,7,0,1,0,0,0,0,0,0,0,0,0,0
0,7,0,1,0,0,0,0,0,0,0,0,0,0
_____________________________________________________
_____________________________________________________
81,0,0.0000,
0,7,0,1,0,0,0,0,0,0,0,0,0,0
0,7,0,1,0,0,0,0,0,0,0,0,0,0
_____________________________________________________
_____________________________________________________
82,0,0.0000,
0,7,0,1,0,0,0,0,0,0,0,0,0,0
0,7,1,1,0,0,0,1,0,0,0,0,0,0
_____________________________________________________
_____________________________________________________
83,0,0.0000,
0,7,1,1,0,0,0,1,0,0,0,0,0,0
0,7,1,0,1,1,0,0,0,1,1,1,1,1
_____________________________________________________
_____________________________________________________
84,0,0.0000,
0,7,1,0,1,1,0,0,0,1,1,1,1,1
0,7,1,0,1,1,0,0,0,1,1,1,1,1
_____________________________________________________
_____________________________________________________
85,0,0.0000,
0,7,1,0,1,1,0,0,0,1,1,1,1,1
0,7,1,0,1,1,0,0,0,1,1,1,1,1
_____________________________________________________
_____________________________________________________
86,0,0.0000,
0,7,1,0,1,1,0,0,0,1,1,1,1,1
0,7,1,0,1,1,0,0,0,1,1,1,1,1
_____________________________________________________
_____________________________________________________
87,0,0.0000,
0,7,1,0,1,1,0,0,0,1,1,1,1,1
1,6,1,0,1,1,0,1,1,1,1,1,1,1
_____________________________________________________
_____________________________________________________
88,11,0.0000,
1,6,1,0,1,1,0,1,1,1,1,1,1,1
1,6,1,1,0,1,0,1,1,1,1,1,0,0
_____________________________________________________
_____________________________________________________
89,7,0.0000,
1,6,1,1,0,1,0,1,1,1,1,1,0,0
1,6,1,0,1,1,0,0,0,1,1,1,1,1
_____________________________________________________
_____________________________________________________
90,11,0.0000,
1,6,1,0,1,1,0,0,0,1,1,1,1,1
1,6,1,0,0,1,0,0,0,1,1,1,0,0
_____________________________________________________
_____________________________________________________
91,9,0.0000,
1,6,1,0,0,1,0,0,0,1,1,1,0,0
0,7,1,0,0,0,0,0,0,1,1,1,0,1
_____________________________________________________
_____________________________________________________
92,0,0.0000,
0,7,1,0,0,0,0,0,0,1,1,1,0,1
1,6,1,0,1,1,0,0,0,1,1,1,1,1
_____________________________________________________
_____________________________________________________
93,11,0.0000,
1,6,1,0,1,1,0,0,0,1,1,1,1,1
1,6,1,1,0,1,0,1,1,1,1,1,1,1
_____________________________________________________
_____________________________________________________
94,11,0.0000,
1,6,1,1,0,1,0,1,1,1,1,1,1,1
0,7,1,1,0,1,0,1,1,1,1,1,0,0
_____________________________________________________
_____________________________________________________
95,0,0.0000,
0,7,1,1,0,1,0,1,1,1,1,1,0,0
0,7,1,1,0,1,0,1,1,1,1,1,1,1
_____________________________________________________
_____________________________________________________
96,0,0.0000,
0,7,1,1,0,1,0,1,1,1,1,1,1,1
0,7,1,1,1,1,0,1,1,1,1,1,1,1
_____________________________________________________
_____________________________________________________
97,0,0.0000,
0,7,1,1,1,1,0,1,1,1,1,1,1,1
0,7,1,0,0,0,0,1,0,1,1,1,1,1
_____________________________________________________
_____________________________________________________
98,0,0.0000,
0,7,1,0,0,0,0,1,0,1,1,1,1,1
0,7,1,0,0,0,0,1,0,1,1,1,1,1
_____________________________________________________
_____________________________________________________
99,0,0.0000,
0,7,1,0,0,0,0,1,0,1,1,1,1,1
1,6,1,0,0,0,0,1,0,1,1,1,1,1
_____________________________________________________
_____________________________________________________
100,11,0.0000,
1,6,1,0,0,0,0,1,0,1,1,1,1,1
0,7,0,0,0,0,0,1,0,0,1,1,0,1
_____________________________________________________
_____________________________________________________
101,0,0.0000,
0,7,0,0,0,0,0,1,0,0,1,1,0,1
1,6,0,0,0,0,0,1,0,0,1,1,0,1
_____________________________________________________
_____________________________________________________
102,6,0.0000,
1,6,0,0,0,0,0,1,0,0,1,1,0,1
1,6,0,0,0,0,0,0,0,0,0,1,0,1
_____________________________________________________
_____________________________________________________
103,12,0.0000,
1,6,0,0,0,0,0,0,0,0,0,1,0,1
1,6,1,0,0,0,0,0,0,1,0,1,1,0
_____________________________________________________
_____________________________________________________
104,11,0.0000,
1,6,1,0,0,0,0,0,0,1,0,1,1,0
1,6,0,0,0,0,0,0,0,0,0,1,0,0
_____________________________________________________
_____________________________________________________
105,10,0.0000,
1,6,0,0,0,0,0,0,0,0,0,1,0,0
1,6,0,0,0,0,0,0,1,1,0,0,1,0
_____________________________________________________
_____________________________________________________
106,11,0.0000,
1,6,0,0,0,0,0,0,1,1,0,0,1,0
0,7,0,0,1,0,0,0,1,0,0,0,0,1
_____________________________________________________
_____________________________________________________
107,0,0.0000,
0,7,0,0,1,0,0,0,1,0,0,0,0,1
0,7,0,0,1,0,0,0,1,0,0,0,0,1
_____________________________________________________
_____________________________________________________
108,0,0.0000,
0,7,0,0,1,0,0,0,1,0,0,0,0,1
0,7,0,0,1,0,0,1,1,0,1,0,1,1
_____________________________________________________
_____________________________________________________
109,0,0.0000,
0,7,0,0,1,0,0,1,1,0,1,0,1,1
0,7,1,0,1,0,0,1,1,1,1,0,1,1
_____________________________________________________
_____________________________________________________
110,0,0.0000,
0,7,1,0,1,0,0,1,1,1,1,0,1,1
0,7,1,0,1,0,0,1,1,1,1,0,1,1
_____________________________________________________
_____________________________________________________
111,0,0.0000,
0,7,1,0,1,0,0,1,1,1,1,0,1,1
1,6,0,1,1,0,1,1,1,1,1,1,1,0
_____________________________________________________
_____________________________________________________
112,5,0.0000,
1,6,0,1,1,0,1,1,1,1,1,1,1,0
1,6,0,1,1,0,0,1,1,0,1,1,1,0
_____________________________________________________
_____________________________________________________
113,2,0.0000,
1,6,0,1,1,0,0,1,1,0,1,1,1,0
1,6,0,0,1,0,0,1,1,0,1,1,1,0
_____________________________________________________
_____________________________________________________
114,11,0.0000,
1,6,0,0,1,0,0,1,1,0,1,1,1,0
1,6,0,0,1,0,0,1,1,0,0,0,0,0
_____________________________________________________
_____________________________________________________
115,7,0.0000,
1,6,0,0,1,0,0,1,1,0,0,0,0,0
0,7,0,0,1,0,0,1,0,0,0,0,0,0
_____________________________________________________
_____________________________________________________
116,0,0.0000,
0,7,0,0,1,0,0,1,0,0,0,0,0,0
1,6,0,0,1,0,0,1,0,0,0,1,1,0
_____________________________________________________
_____________________________________________________
117,11,0.0000,
1,6,0,0,1,0,0,1,0,0,0,1,1,0
1,6,0,0,1,0,0,1,0,0,0,0,0,0
_____________________________________________________
_____________________________________________________
118,6,0.0000,
1,6,0,0,1,0,0,1,0,0,0,0,0,0
1,6,0,1,1,0,0,0,0,0,1,1,1,0
_____________________________________________________
_____________________________________________________
119,11,0.0000,
1,6,0,1,1,0,0,0,0,0,1,1,1,0
1,6,0,1,1,0,0,0,0,0,0,0,0,0
_____________________________________________________
_____________________________________________________
120,2,0.0000,
1,6,0,1,1,0,0,0,0,0,0,0,0,0
0,7,0,0,1,0,0,0,0,0,0,0,0,0
_____________________________________________________
_____________________________________________________
121,0,0.0000,
0,7,0,0,1,0,0,0,0,0,0,0,0,0
0,7,0,0,1,0,0,0,0,0,0,0,0,0
_____________________________________________________
_____________________________________________________
122,0,0.0000,
0,7,0,0,1,0,0,0,0,0,0,0,0,0
0,7,0,0,1,0,0,0,0,0,0,0,1,0
_____________________________________________________
_____________________________________________________
123,0,0.0000,
0,7,0,0,1,0,0,0,0,0,0,0,1,0
1,6,0,1,1,0,0,0,0,0,1,1,1,0
_____________________________________________________
_____________________________________________________
124,11,0.0000,
1,6,0,1,1,0,0,0,0,0,1,1,1,0
0,7,0,1,1,0,0,0,1,0,0,0,0,0
_____________________________________________________
_____________________________________________________
125,0,0.0000,
0,7,0,1,1,0,0,0,1,0,0,0,0,0
0,7,1,1,0,1,1,1,0,1,0,0,0,0
_____________________________________________________
_____________________________________________________
126,0,0.0000,
0,7,1,1,0,1,1,1,0,1,0,0,0,0
1,6,1,1,0,1,1,1,0,1,0,0,0,0
_____________________________________________________
_____________________________________________________
127,5,0.0000,
1,6,1,1,0,1,1,1,0,1,0,0,0,0
0,7,1,0,0,1,0,1,0,1,0,0,0,0
_____________________________________________________
_____________________________________________________
128,0,0.0000,
0,7,1,0,0,1,0,1,0,1,0,0,0,0
1,6,1,0,0,1,0,1,0,1,0,0,0,1
_____________________________________________________
_____________________________________________________
129,6,0.0000,
1,6,1,0,0,1,0,1,0,1,0,0,0,1
0,7,1,0,0,1,0,1,1,1,0,0,0,1
_____________________________________________________
_____________________________________________________
130,0,0.0000,
0,7,1,0,0,1,0,1,1,1,0,0,0,1
0,7,1,0,0,1,0,1,1,1,0,0,0,1
_____________________________________________________
_____________________________________________________
131,0,0.0000,
0,7,1,0,0,1,0,1,1,1,0,0,0,1
1,6,1,1,0,1,1,1,1,1,0,0,0,1
_____________________________________________________
_____________________________________________________
132,5,0.0000,
1,6,1,1,0,1,1,1,1,1,0,0,0,1
1,6,1,0,0,1,0,1,1,1,0,0,0,1
_____________________________________________________
_____________________________________________________
133,7,0.0000,
1,6,1,0,0,1,0,1,1,1,0,0,0,1
1,6,1,0,0,1,0,1,1,1,0,0,0,1
_____________________________________________________
_____________________________________________________
134,7,0.0000,
1,6,1,0,0,1,0,1,1,1,0,0,0,1
1,6,1,0,0,1,0,1,0,1,0,0,0,0
_____________________________________________________
_____________________________________________________
135,6,0.0000,
1,6,1,0,0,1,0,1,0,1,0,0,0,0
1,6,1,0,0,0,0,1,0,1,0,0,0,0
_____________________________________________________
_____________________________________________________
136,6,0.0000,
1,6,1,0,0,0,0,1,0,1,0,0,0,0
1,6,1,0,0,0,0,0,0,1,0,0,0,0
_____________________________________________________
_____________________________________________________
137,8,0.0000,
1,6,1,0,0,0,0,0,0,1,0,0,0,0
0,7,0,0,0,0,0,0,0,0,0,0,0,0
_____________________________________________________
_____________________________________________________
138,0,0.0000,
0,7,0,0,0,0,0,0,0,0,0,0,0,0
0,7,0,0,0,0,0,0,0,0,0,0,0,0
_____________________________________________________
_____________________________________________________
139,0,0.0000,
0,7,0,0,0,0,0,0,0,0,0,0,0,0
0,7,0,0,0,0,0,0,0,0,0,0,0,0
_____________________________________________________
