_____________________________________________________
0,11,0.0000,
4,3,1,1,1,1,1,1,1,1,1,1,1,1
4,3,1,1,1,1,1,1,1,1,1,1,0,1
_____________________________________________________
_____________________________________________________
1,5,0.0000,
4,3,1,1,1,1,1,1,1,1,1,1,0,1
3,3,0,1,1,1,0,1,1,0,1,1,0,1
_____________________________________________________
_____________________________________________________
2,7,0.0000,
3,3,0,1,1,1,0,1,1,0,1,1,0,1
2,3,0,1,1,1,1,1,0,1,1,1,0,1
_____________________________________________________
_____________________________________________________
3,5,0.0000,
2,3,0,1,1,1,1,1,0,1,1,1,0,1
1,3,0,1,1,1,0,1,1,0,1,1,0,1
_____________________________________________________
_____________________________________________________
4,7,0.0000,
1,3,0,1,1,1,0,1,1,0,1,1,0,1
1,6,0,1,1,1,0,1,0,0,1,1,0,1
_____________________________________________________
_____________________________________________________
5,6,0.0000,
1,6,0,1,1,1,0,1,0,0,1,1,0,1
0,7,0,1,1,1,0,0,0,0,1,1,0,1
_____________________________________________________
_____________________________________________________
6,0,0.0000,
0,7,0,1,1,1,0,0,0,0,1,1,0,1
1,6,1,1,1,1,1,0,0,1,1,1,0,1
_____________________________________________________
_____________________________________________________
7,5,0.0000,
1,6,1,1,1,1,1,0,0,1,1,1,0,1
0,7,0,1,1,1,1,0,0,1,1,1,0,1
_____________________________________________________
_____________________________________________________
8,0,0.0000,
0,7,0,1,1,1,1,0,0,1,1,1,0,1
0,7,1,1,1,1,1,0,0,1,1,1,0,1
_____________________________________________________
_____________________________________________________
9,0,0.0000,
0,7,1,1,1,1,1,0,0,1,1,1,0,1
0,7,1,1,1,1,1,1,0,1,1,1,0,1
_____________________________________________________
_____________________________________________________
10,0,0.0000,
0,7,1,1,1,1,1,1,0,1,1,1,0,1
0,7,1,1,1,1,1,1,0,1,1,1,0,1
_____________________________________________________
_____________________________________________________
11,0,0.0000,
0,7,1,1,1,1,1,1,0,1,1,1,0,1
1,6,1,1,1,1,1,1,0,1,1,1,0,1
_____________________________________________________
_____________________________________________________
12,5,0.0000,
1,6,1,1,1,1,1,1,0,1,1,1,0,1
1,6,0,1,1,1,0,1,0,1,1,1,0,1
_____________________________________________________
_____________________________________________________
13,6,0.0000,
1,6,0,1,1,1,0,1,0,1,1,1,0,1
0,7,1,1,1,0,1,1,1,1,1,1,1,1
_____________________________________________________
_____________________________________________________
14,0,0.0000,
0,7,1,1,1,0,1,1,1,1,1,1,1,1
0,7,1,1,1,1,1,1,1,1,1,1,1,1
_____________________________________________________
_____________________________________________________
15,0,0.0000,
0,7,1,1,1,1,1,1,1,1,1,1,1,1
1,6,1,1,1,1,1,1,1,1,1,1,1,1
_____________________________________________________
_____________________________________________________
16,2,0.0000,
1,6,1,1,1,1,1,1,1,1,1,1,1,1
0,7,0,0,1,1,1,1,0,1,1,1,1,1
_____________________________________________________
_____________________________________________________
17,0,0.0000,
0,7,0,0,1,1,1,1,0,1,1,1,1,1
0,7,1,1,1,1,1,1,1,1,1,1,1,1
_____________________________________________________
_____________________________________________________
18,0,0.0000,
0,7,1,1,1,1,1,1,1,1,1,1,1,1
1,6,1,1,1,1,1,1,1,1,1,1,1,1
_____________________________________________________
_____________________________________________________
19,2,0.0000,
1,6,1,1,1,1,1,1,1,1,1,1,1,1
0,7,0,0,1,1,1,1,0,1,1,1,0,1
_____________________________________________________
_____________________________________________________
20,0,0.0000,
0,7,0,0,1,1,1,1,0,1,1,1,0,1
0,7,0,0,1,1,1,1,0,1,1,1,0,1
_____________________________________________________
_____________________________________________________
21,0,0.0000,
0,7,0,0,1,1,1,1,0,1,1,1,0,1
1,6,1,1,1,1,1,1,1,1,1,1,1,1
_____________________________________________________
_____________________________________________________
22,2,0.0000,
1,6,1,1,1,1,1,1,1,1,1,1,1,1
1,6,0,0,1,1,1,1,0,1,1,1,0,1
_____________________________________________________
_____________________________________________________
23,6,0.0000,
1,6,0,0,1,1,1,1,0,1,1,1,0,1
1,6,0,0,1,1,1,0,0,1,1,1,0,1
_____________________________________________________
_____________________________________________________
24,5,0.0000,
1,6,0,0,1,1,1,0,0,1,1,1,0,1
0,7,0,0,1,1,0,0,0,1,1,0,0,1
_____________________________________________________
_____________________________________________________
25,0,0.0000,
0,7,0,0,1,1,0,0,0,1,1,0,0,1
1,6,0,1,1,1,1,0,1,1,1,1,1,1
_____________________________________________________
_____________________________________________________
26,11,0.0000,
1,6,0,1,1,1,1,0,1,1,1,1,1,1
0,7,0,0,1,1,1,0,0,1,1,1,0,1
_____________________________________________________
_____________________________________________________
27,0,0.0000,
0,7,0,0,1,1,1,0,0,1,1,1,0,1
1,6,1,1,0,1,1,1,0,1,1,0,1,0
_____________________________________________________
_____________________________________________________
28,11,0.0000,
1,6,1,1,0,1,1,1,0,1,1,0,1,0
0,7,1,1,0,1,1,1,0,1,1,0,0,0
_____________________________________________________
_____________________________________________________
29,0,0.0000,
0,7,1,1,0,1,1,1,0,1,1,0,0,0
0,7,1,1,0,1,1,1,0,1,1,0,0,0
_____________________________________________________
_____________________________________________________
30,0,0.0000,
0,7,1,1,0,1,1,1,0,1,1,0,0,0
0,7,1,1,0,1,1,1,0,1,1,0,0,0
_____________________________________________________
_____________________________________________________
31,0,0.0000,
0,7,1,1,0,1,1,1,0,1,1,0,0,0
1,6,1,1,0,1,1,1,1,1,1,1,1,1
_____________________________________________________
_____________________________________________________
32,2,0.0000,
1,6,1,1,0,1,1,1,1,1,1,1,1,1
0,7,1,0,1,1,1,1,1,1,1,1,1,1
_____________________________________________________
_____________________________________________________
33,0,0.0000,
0,7,1,0,1,1,1,1,1,1,1,1,1,1
0,7,1,0,1,1,1,1,1,1,1,1,1,1
_____________________________________________________
_____________________________________________________
34,0,0.0000,
0,7,1,0,1,1,1,1,1,1,1,1,1,1
0,7,1,0,1,1,1,1,1,1,1,1,1,1
_____________________________________________________
_____________________________________________________
35,0,0.0000,
0,7,1,0,1,1,1,1,1,1,1,1,1,1
0,7,1,0,1,1,1,1,1,1,1,1,1,1
_____________________________________________________
_____________________________________________________
36,0,0.0000,
0,7,1,0,1,1,1,1,1,1,1,1,1,1
1,6,1,0,1,1,1,1,1,1,1,1,1,1
_____________________________________________________
_____________________________________________________
37,11,0.0000,
1,6,1,0,1,1,1,1,1,1,1,1,1,1
1,6,1,1,1,1,1,1,1,1,1,1,0,1
_____________________________________________________
_____________________________________________________
38,5,0.0000,
1,6,1,1,1,1,1,1,1,1,1,1,0,1
1,6,1,1,1,1,0,0,1,0,1,1,0,1
_____________________________________________________
_____________________________________________________
39,7,0.0000,
1,6,1,1,1,1,0,0,1,0,1,1,0,1
1,6,1,1,0,1,0,0,0,0,1,1,0,1
_____________________________________________________
_____________________________________________________
40,2,0.0000,
1,6,1,1,0,1,0,0,0,0,1,1,0,1
0,7,1,0,1,1,0,0,1,0,1,1,0,1
_____________________________________________________
_____________________________________________________
41,0,0.0000,
0,7,1,0,1,1,0,0,1,0,1,1,0,1
1,6,1,0,0,0,0,1,0,0,1,0,1,1
_____________________________________________________
_____________________________________________________
42,11,0.0000,
1,6,1,0,0,0,0,1,0,0,1,0,1,1
0,7,1,0,0,0,1,0,1,0,1,0,0,1
_____________________________________________________
_____________________________________________________
43,0,0.0000,
0,7,1,0,0,0,1,0,1,0,1,0,0,1
0,7,1,0,0,0,1,1,1,0,1,0,1,1
_____________________________________________________
_____________________________________________________
44,0,0.0000,
0,7,1,0,0,0,1,1,1,0,1,0,1,1
0,7,1,0,1,0,1,1,1,0,1,0,1,1
_____________________________________________________
_____________________________________________________
45,0,0.0000,
0,7,1,0,1,0,1,1,1,0,1,0,1,1
0,7,1,1,1,0,1,1,1,0,1,0,1,1
_____________________________________________________
_____________________________________________________
46,0,0.0000,
0,7,1,1,1,0,1,1,1,0,1,0,1,1
1,6,1,1,1,0,1,1,1,0,1,0,1,1
_____________________________________________________
_____________________________________________________
47,11,0.0000,
1,6,1,1,1,0,1,1,1,0,1,0,1,1
1,6,1,1,1,0,1,0,1,0,1,0,0,1
_____________________________________________________
_____________________________________________________
48,5,0.0000,
1,6,1,1,1,0,1,0,1,0,1,0,0,1
0,7,1,1,1,0,0,0,0,0,1,0,0,1
_____________________________________________________
_____________________________________________________
49,0,0.0000,
0,7,1,1,1,0,0,0,0,0,1,0,0,1
1,6,1,1,1,0,0,0,0,0,1,0,0,1
_____________________________________________________
_____________________________________________________
50,2,0.0000,
1,6,1,1,1,0,0,0,0,0,1,0,0,1
1,6,1,0,0,0,0,0,0,0,1,0,0,1
_____________________________________________________
_____________________________________________________
51,12,0.0000,
1,6,1,0,0,0,0,0,0,0,1,0,0,1
1,6,1,0,1,0,1,0,1,0,1,1,0,0
_____________________________________________________
_____________________________________________________
52,5,0.0000,
1,6,1,0,1,0,1,0,1,0,1,1,0,0
1,6,1,1,1,0,0,0,0,0,1,1,0,0
_____________________________________________________
_____________________________________________________
53,2,0.0000,
1,6,1,1,1,0,0,0,0,0,1,1,0,0
1,6,1,0,0,0,0,0,0,0,1,1,0,0
_____________________________________________________
_____________________________________________________
54,9,0.0000,
1,6,1,0,0,0,0,0,0,0,1,1,0,0
0,7,0,0,0,0,0,0,0,0,0,1,0,0
_____________________________________________________
_____________________________________________________
55,0,0.0000,
0,7,0,0,0,0,0,0,0,0,0,1,0,0
0,7,0,0,0,1,1,1,1,0,0,0,1,0
_____________________________________________________
_____________________________________________________
56,0,0.0000,
0,7,0,0,0,1,1,1,1,0,0,0,1,0
0,7,0,1,0,1,1,1,1,0,1,0,1,0
_____________________________________________________
_____________________________________________________
57,0,0.0000,
0,7,0,1,0,1,1,1,1,0,1,0,1,0
1,6,1,1,0,1,1,1,1,1,1,0,1,1
_____________________________________________________
_____________________________________________________
58,11,0.0000,
1,6,1,1,0,1,1,1,1,1,1,0,1,1
0,7,1,1,0,1,0,1,1,1,1,0,0,1
_____________________________________________________
_____________________________________________________
59,0,0.0000,
0,7,1,1,0,1,0,1,1,1,1,0,0,1
1,6,1,1,0,1,0,1,1,1,1,0,0,1
_____________________________________________________
_____________________________________________________
60,7,0.0000,
1,6,1,1,0,1,0,1,1,1,1,0,0,1
1,6,1,0,0,0,0,1,0,1,1,0,0,1
_____________________________________________________
_____________________________________________________
61,6,0.0000,
1,6,1,0,0,0,0,1,0,1,1,0,0,1
0,7,1,0,0,1,0,0,1,1,1,0,0,1
_____________________________________________________
_____________________________________________________
62,0,0.0000,
0,7,1,0,0,1,0,0,1,1,1,0,0,1
0,7,1,1,0,1,0,0,1,1,1,0,0,1
_____________________________________________________
_____________________________________________________
63,0,0.0000,
0,7,1,1,0,1,0,0,1,1,1,0,0,1
1,6,1,1,0,1,0,1,1,1,1,0,0,1
_____________________________________________________
_____________________________________________________
64,7,0.0000,
1,6,1,1,0,1,0,1,1,1,1,0,0,1
1,6,1,0,0,0,0,1,1,1,1,0,0,1
_____________________________________________________
_____________________________________________________
65,7,0.0000,
1,6,1,0,0,0,0,1,1,1,1,0,0,1
1,6,1,0,0,0,0,1,0,1,1,0,0,1
_____________________________________________________
_____________________________________________________
66,6,0.0000,
1,6,1,0,0,0,0,1,0,1,1,0,0,1
1,6,1,0,0,1,0,0,1,1,1,0,0,1
_____________________________________________________
_____________________________________________________
67,12,0.0000,
1,6,1,0,0,1,0,0,1,1,1,0,0,1
1,6,1,1,0,1,0,0,1,0,1,0,0,0
_____________________________________________________
_____________________________________________________
68,7,0.0000,
1,6,1,1,0,1,0,0,1,0,1,0,0,0
1,6,1,1,0,1,0,0,1,1,1,0,0,1
_____________________________________________________
_____________________________________________________
69,7,0.0000,
1,6,1,1,0,1,0,0,1,1,1,0,0,1
0,7,0,1,0,0,1,1,0,1,1,0,0,0
_____________________________________________________
_____________________________________________________
70,0,0.0000,
0,7,0,1,0,0,1,1,0,1,1,0,0,0
0,7,0,1,0,0,1,1,0,1,1,0,0,0
_____________________________________________________
_____________________________________________________
71,0,0.0000,
0,7,0,1,0,0,1,1,0,1,1,0,0,0
0,7,0,1,0,0,1,1,0,1,1,0,0,0
_____________________________________________________
_____________________________________________________
72,0,0.0000,
0,7,0,1,0,0,1,1,0,1,1,0,0,0
1,6,0,1,0,0,1,1,0,1,1,0,0,0
_____________________________________________________
_____________________________________________________
73,5,0.0000,
1,6,0,1,0,0,1,1,0,1,1,0,0,0
1,6,0,1,0,0,0,1,0,1,1,0,0,0
_____________________________________________________
_____________________________________________________
74,6,0.0000,
1,6,0,1,0,0,0,1,0,1,1,0,0,0
1,6,0,1,0,0,1,0,0,0,0,0,0,0
_____________________________________________________
_____________________________________________________
75,5,0.0000,
1,6,0,1,0,0,1,0,0,0,0,0,0,0
1,6,0,1,0,0,0,0,0,0,0,0,0,0
_____________________________________________________
_____________________________________________________
76,2,0.0000,
1,6,0,1,0,0,0,0,0,0,0,0,0,0
0,7,0,0,0,0,0,0,0,0,0,0,0,0
_____________________________________________________
_____________________________________________________
77,0,0.0000,
0,7,0,0,0,0,0,0,0,0,0,0,0,0
1,6,0,1,0,0,0,0,0,0,0,0,0,0
_____________________________________________________
_____________________________________________________
78,2,0.0000,
1,6,0,1,0,0,0,0,0,0,0,0,0,0
0,7,0,0,0,0,0,0,0,0,0,0,0,0
_____________________________________________________
_____________________________________________________
79,0,0.0000,
0,7,0,0,0,0,0,0,0,0,0,0,0,0
1,6,0,0,0,0,0,0,0,0,0,0,0,0
_____________________________________________________
_____________________________________________________
80,0,0.0000,
1,6,0,0,0,0,0,0,0,0,0,0,0,0
1,5,0,0,0,0,1,0,0,0,0,0,0,0
_____________________________________________________
_____________________________________________________
81,5,0.0000,
1,5,0,0,0,0,1,0,0,0,0,0,0,0
1,6,0,0,0,0,0,0,0,0,0,0,0,0
_____________________________________________________
_____________________________________________________
82,0,0.0000,
1,6,0,0,0,0,0,0,0,0,0,0,0,0
2,5,0,1,0,0,0,0,0,0,0,0,0,0
_____________________________________________________
_____________________________________________________
83,2,0.0000,
2,5,0,1,0,0,0,0,0,0,0,0,0,0
2,5,0,0,0,1,0,0,0,1,0,0,0,0
_____________________________________________________
_____________________________________________________
84,10,-1.0000,
2,5,0,0,0,1,0,0,0,1,0,0,0,0
2,5,0,0,0,1,-1,0,0,1,0,-1,0,0
_____________________________________________________
_____________________________________________________
85,5,0.0000,
2,5,0,0,0,1,-1,0,0,1,0,-1,0,0
1,5,1,0,0,1,-1,0,0,1,0,-1,0,0
_____________________________________________________
_____________________________________________________
86,5,0.0000,
1,5,1,0,0,1,-1,0,0,1,0,-1,0,0
0,7,1,0,0,1,-1,0,0,1,0,-1,0,0
_____________________________________________________
_____________________________________________________
87,0,0.0000,
0,7,1,0,0,1,-1,0,0,1,0,-1,0,0
0,7,1,0,0,1,-1,0,0,1,0,-1,0,0
_____________________________________________________
_____________________________________________________
88,0,0.0000,
0,7,1,0,0,1,-1,0,0,1,0,-1,0,0
0,7,1,0,0,1,-1,0,0,1,0,1,0,0
_____________________________________________________
_____________________________________________________
89,0,0.0000,
0,7,1,0,0,1,-1,0,0,1,0,1,0,0
0,7,1,0,0,1,1,0,0,1,0,1,0,0
_____________________________________________________
_____________________________________________________
90,0,0.0000,
0,7,1,0,0,1,1,0,0,1,0,1,0,0
0,7,1,0,1,1,1,0,0,1,0,1,0,0
_____________________________________________________
_____________________________________________________
91,0,0.0000,
0,7,1,0,1,1,1,0,0,1,0,1,0,0
0,7,1,0,1,1,1,0,0,1,0,1,0,1
_____________________________________________________
_____________________________________________________
92,0,0.0000,
0,7,1,0,1,1,1,0,0,1,0,1,0,1
0,7,1,0,1,1,1,0,1,1,0,1,0,1
_____________________________________________________
_____________________________________________________
93,0,0.0000,
0,7,1,0,1,1,1,0,1,1,0,1,0,1
1,6,1,0,1,1,1,0,1,1,0,1,0,1
_____________________________________________________
_____________________________________________________
94,5,0.0000,
1,6,1,0,1,1,1,0,1,1,0,1,0,1
1,6,1,0,1,1,0,0,1,1,0,0,0,1
_____________________________________________________
_____________________________________________________
95,7,0.0000,
1,6,1,0,1,1,0,0,1,1,0,0,0,1
0,7,1,0,1,1,0,0,0,1,0,0,0,1
_____________________________________________________
_____________________________________________________
96,0,0.0000,
0,7,1,0,1,1,0,0,0,1,0,0,0,1
0,7,1,0,1,1,0,0,0,1,0,0,0,1
_____________________________________________________
_____________________________________________________
97,0,0.0000,
0,7,1,0,1,1,0,0,0,1,0,0,0,1
1,6,0,1,1,1,0,0,0,0,1,0,1,1
_____________________________________________________
_____________________________________________________
98,11,0.0000,
1,6,0,1,1,1,0,0,0,0,1,0,1,1
0,7,1,1,1,1,0,0,1,0,1,0,0,1
_____________________________________________________
_____________________________________________________
99,0,0.0000,
0,7,1,1,1,1,0,0,1,0,1,0,0,1
0,7,1,1,1,1,0,0,1,0,1,0,0,1
_____________________________________________________
_____________________________________________________
100,0,0.0000,
0,7,1,1,1,1,0,0,1,0,1,0,0,1
1,6,1,1,1,1,0,0,1,0,1,0,0,1
_____________________________________________________
_____________________________________________________
101,7,0.0000,
1,6,1,1,1,1,0,0,1,0,1,0,0,1
1,6,1,1,1,1,0,0,1,0,1,0,0,1
_____________________________________________________
_____________________________________________________
102,7,0.0000,
1,6,1,1,1,1,0,0,1,0,1,0,0,1
1,6,0,1,1,1,0,0,0,0,1,0,0,1
_____________________________________________________
_____________________________________________________
103,2,0.0000,
1,6,0,1,1,1,0,0,0,0,1,0,0,1
1,6,1,0,1,1,0,0,1,0,0,0,0,1
_____________________________________________________
_____________________________________________________
104,12,0.0000,
1,6,1,0,1,1,0,0,1,0,0,0,0,1
1,6,1,0,1,1,0,0,1,0,0,0,0,0
_____________________________________________________
_____________________________________________________
105,7,0.0000,
1,6,1,0,1,1,0,0,1,0,0,0,0,0
0,7,0,0,1,1,0,0,0,0,0,0,0,0
_____________________________________________________
_____________________________________________________
106,0,0.0000,
0,7,0,0,1,1,0,0,0,0,0,0,0,0
0,7,1,0,1,1,0,0,1,0,0,0,0,0
_____________________________________________________
_____________________________________________________
107,0,0.0000,
0,7,1,0,1,1,0,0,1,0,0,0,0,0
0,7,1,0,1,1,0,0,1,0,0,0,0,1
_____________________________________________________
_____________________________________________________
108,0,0.0000,
0,7,1,0,1,1,0,0,1,0,0,0,0,1
0,7,1,1,1,1,0,0,1,0,1,0,0,1
_____________________________________________________
_____________________________________________________
109,0,0.0000,
0,7,1,1,1,1,0,0,1,0,1,0,0,1
0,7,1,1,1,1,0,0,1,0,1,0,0,1
_____________________________________________________
_____________________________________________________
110,0,0.0000,
0,7,1,1,1,1,0,0,1,0,1,0,0,1
1,6,1,1,1,1,0,0,1,0,1,0,0,1
_____________________________________________________
_____________________________________________________
111,7,0.0000,
1,6,1,1,1,1,0,0,1,0,1,0,0,1
1,6,1,0,0,0,0,1,0,0,0,1,0,1
_____________________________________________________
_____________________________________________________
112,6,0.0000,
1,6,1,0,0,0,0,1,0,0,0,1,0,1
1,6,1,0,0,0,0,0,0,0,0,1,0,1
_____________________________________________________
_____________________________________________________
113,12,0.0000,
1,6,1,0,0,0,0,0,0,0,0,1,0,1
1,6,1,0,0,0,0,0,0,0,0,1,0,0
_____________________________________________________
_____________________________________________________
114,1,0.0000,
1,6,1,0,0,0,0,0,0,0,0,1,0,0
0,7,0,0,0,0,0,0,0,0,0,0,1,0
_____________________________________________________
_____________________________________________________
115,0,0.0000,
0,7,0,0,0,0,0,0,0,0,0,0,1,0
1,6,1,0,0,0,0,0,0,0,0,1,1,0
_____________________________________________________
_____________________________________________________
116,11,0.0000,
1,6,1,0,0,0,0,0,0,0,0,1,1,0
0,7,1,0,0,0,0,1,0,0,0,1,0,0
_____________________________________________________
_____________________________________________________
117,0,0.0000,
0,7,1,0,0,0,0,1,0,0,0,1,0,0
1,6,1,0,0,0,0,1,0,0,0,1,0,1
_____________________________________________________
_____________________________________________________
118,6,0.0000,
1,6,1,0,0,0,0,1,0,0,0,1,0,1
0,7,1,0,0,0,0,0,0,0,0,1,0,1
_____________________________________________________
_____________________________________________________
119,0,0.0000,
0,7,1,0,0,0,0,0,0,0,0,1,0,1
1,6,1,0,0,0,0,0,0,0,0,1,0,1
_____________________________________________________
_____________________________________________________
120,12,0.0000,
1,6,1,0,0,0,0,0,0,0,0,1,0,1
1,6,1,0,0,0,0,0,0,0,0,1,0,0
_____________________________________________________
_____________________________________________________
121,1,0.0000,
1,6,1,0,0,0,0,0,0,0,0,1,0,0
1,6,1,0,0,0,0,0,0,0,0,1,0,1
_____________________________________________________
_____________________________________________________
122,12,0.0000,
1,6,1,0,0,0,0,0,0,0,0,1,0,1
0,7,1,0,0,0,0,0,0,0,0,1,0,0
_____________________________________________________
_____________________________________________________
123,0,0.0000,
0,7,1,0,0,0,0,0,0,0,0,1,0,0
0,7,1,0,0,0,0,1,0,0,0,1,0,0
_____________________________________________________
_____________________________________________________
124,0,0.0000,
0,7,1,0,0,0,0,1,0,0,0,1,0,0
1,6,1,0,0,0,0,1,0,0,0,1,0,0
_____________________________________________________
_____________________________________________________
125,6,0.0000,
1,6,1,0,0,0,0,1,0,0,0,1,0,0
0,7,0,1,0,0,0,1,0,1,1,1,0,1
_____________________________________________________
_____________________________________________________
126,0,0.0000,
0,7,0,1,0,0,0,1,0,1,1,1,0,1
0,7,0,1,0,1,0,1,1,1,1,1,0,1
_____________________________________________________
_____________________________________________________
127,0,0.0000,
0,7,0,1,0,1,0,1,1,1,1,1,0,1
0,7,0,1,0,1,0,1,1,1,1,1,0,1
_____________________________________________________
_____________________________________________________
128,0,0.0000,
0,7,0,1,0,1,0,1,1,1,1,1,0,1
1,6,0,1,0,1,0,1,1,1,1,1,0,1
_____________________________________________________
_____________________________________________________
129,7,0.0000,
1,6,0,1,0,1,0,1,1,1,1,1,0,1
1,6,0,1,0,0,0,1,0,1,0,1,0,1
_____________________________________________________
_____________________________________________________
130,6,0.0000,
1,6,0,1,0,0,0,1,0,1,0,1,0,1
1,6,0,1,0,0,0,1,1,1,1,1,1,1
_____________________________________________________
_____________________________________________________
131,11,0.0000,
1,6,0,1,0,0,0,1,1,1,1,1,1,1
1,6,0,1,0,1,0,1,1,1,1,1,0,1
_____________________________________________________
_____________________________________________________
132,7,0.0000,
1,6,0,1,0,1,0,1,1,1,1,1,0,1
0,7,0,1,0,0,0,1,0,1,1,1,0,1
_____________________________________________________
_____________________________________________________
133,0,0.0000,
0,7,0,1,0,0,0,1,0,1,1,1,0,1
1,6,0,1,0,1,0,1,1,1,1,1,0,1
_____________________________________________________
_____________________________________________________
134,7,0.0000,
1,6,0,1,0,1,0,1,1,1,1,1,0,1
0,7,0,1,1,0,1,1,0,1,0,1,0,1
_____________________________________________________
_____________________________________________________
135,0,0.0000,
0,7,0,1,1,0,1,1,0,1,0,1,0,1
0,7,0,1,1,1,1,1,1,1,1,1,0,1
_____________________________________________________
_____________________________________________________
136,0,0.0000,
0,7,0,1,1,1,1,1,1,1,1,1,0,1
0,7,0,1,1,1,1,1,1,1,1,1,0,1
_____________________________________________________
_____________________________________________________
137,0,0.0000,
0,7,0,1,1,1,1,1,1,1,1,1,0,1
0,7,0,1,1,1,1,1,1,1,1,1,0,1
_____________________________________________________
_____________________________________________________
138,0,0.0000,
0,7,0,1,1,1,1,1,1,1,1,1,0,1
1,6,0,1,1,1,1,1,1,1,1,1,0,1
_____________________________________________________
_____________________________________________________
139,5,0.0000,
1,6,0,1,1,1,1,1,1,1,1,1,0,1
0,6,0,0,0,0,0,0,0,0,0,0,0,0
_____________________________________________________
