_____________________________________________________
0,11,0.0000,
2,6,1,1,1,1,1,1,1,1,1,1,1,1
1,5,1,0,1,1,0,1,1,1,1,0,0,1
_____________________________________________________
_____________________________________________________
1,7,0.0000,
1,5,1,0,1,1,0,1,1,1,1,0,0,1
1,6,1,0,1,1,0,1,0,0,1,0,0,1
_____________________________________________________
_____________________________________________________
2,6,0.0000,
1,6,1,0,1,1,0,1,0,0,1,0,0,1
0,7,1,0,0,1,0,0,0,0,1,0,0,1
_____________________________________________________
_____________________________________________________
3,0,0.0000,
0,7,1,0,0,1,0,0,0,0,1,0,0,1
0,7,1,0,1,1,0,1,0,0,1,0,0,1
_____________________________________________________
_____________________________________________________
4,0,0.0000,
0,7,1,0,1,1,0,1,0,0,1,0,0,1
1,6,1,0,1,1,0,1,0,0,1,0,0,1
_____________________________________________________
_____________________________________________________
5,6,0.0000,
1,6,1,0,1,1,0,1,0,0,1,0,0,1
1,6,1,1,0,1,1,0,0,0,1,1,1,0
_____________________________________________________
_____________________________________________________
6,11,0.0000,
1,6,1,1,0,1,1,0,0,0,1,1,1,0
0,7,1,0,0,1,0,1,0,0,1,0,0,1
_____________________________________________________
_____________________________________________________
7,0,0.0000,
0,7,1,0,0,1,0,1,0,0,1,0,0,1
1,6,1,0,1,1,0,1,0,0,1,0,0,1
_____________________________________________________
_____________________________________________________
8,6,0.0000,
1,6,1,0,1,1,0,1,0,0,1,0,0,1
0,7,1,0,1,1,0,1,0,0,1,0,0,1
_____________________________________________________
_____________________________________________________
9,0,0.0000,
0,7,1,0,1,1,0,1,0,0,1,0,0,1
0,7,1,0,1,1,0,1,0,0,1,1,1,1
_____________________________________________________
_____________________________________________________
10,0,0.0000,
0,7,1,0,1,1,0,1,0,0,1,1,1,1
0,7,1,1,1,1,1,1,0,0,1,1,1,1
_____________________________________________________
_____________________________________________________
11,0,0.0000,
0,7,1,1,1,1,1,1,0,0,1,1,1,1
0,7,1,1,1,1,1,1,0,0,1,1,1,1
_____________________________________________________
_____________________________________________________
12,0,0.0000,
0,7,1,1,1,1,1,1,0,0,1,1,1,1
0,7,1,1,1,1,1,1,0,0,1,1,1,1
_____________________________________________________
_____________________________________________________
13,0,0.0000,
0,7,1,1,1,1,1,1,0,0,1,1,1,1
0,7,1,1,1,1,1,1,1,1,1,1,1,1
_____________________________________________________
_____________________________________________________
14,0,0.0000,
0,7,1,1,1,1,1,1,1,1,1,1,1,1
0,7,1,1,1,1,1,1,1,1,1,1,1,1
_____________________________________________________
_____________________________________________________
15,0,0.0000,
0,7,1,1,1,1,1,1,1,1,1,1,1,1
0,7,1,1,1,1,1,1,1,1,1,1,1,1
_____________________________________________________
_____________________________________________________
16,0,0.0000,
0,7,1,1,1,1,1,1,1,1,1,1,1,1
1,6,1,1,1,1,1,1,1,1,1,1,1,1
_____________________________________________________
_____________________________________________________
17,2,0.0000,
1,6,1,1,1,1,1,1,1,1,1,1,1,1
1,6,1,0,0,1,1,1,1,1,1,1,1,1
_____________________________________________________
_____________________________________________________
18,5,0.0000,
1,6,1,0,0,1,1,1,1,1,1,1,1,1
1,6,1,0,0,1,1,1,1,1,1,1,1,1
_____________________________________________________
_____________________________________________________
19,11,0.0000,
1,6,1,0,0,1,1,1,1,1,1,1,1,1
1,6,1,0,0,1,1,1,1,1,0,0,0,1
_____________________________________________________
_____________________________________________________
20,5,0.0000,
1,6,1,0,0,1,1,1,1,1,0,0,0,1
0,7,1,0,0,1,0,1,1,1,0,0,0,1
_____________________________________________________
_____________________________________________________
21,0,0.0000,
0,7,1,0,0,1,0,1,1,1,0,0,0,1
0,7,1,0,0,1,1,1,1,1,1,1,1,1
_____________________________________________________
_____________________________________________________
22,0,0.0000,
0,7,1,0,0,1,1,1,1,1,1,1,1,1
1,6,1,0,0,1,1,1,1,1,1,1,1,1
_____________________________________________________
_____________________________________________________
23,11,0.0000,
1,6,1,0,0,1,1,1,1,1,1,1,1,1
0,7,1,0,0,1,1,1,1,1,0,0,0,1
_____________________________________________________
_____________________________________________________
24,0,0.0000,
0,7,1,0,0,1,1,1,1,1,0,0,0,1
0,7,1,1,1,1,1,1,1,1,0,0,0,1
_____________________________________________________
_____________________________________________________
25,0,0.0000,
0,7,1,1,1,1,1,1,1,1,0,0,0,1
0,7,1,1,1,1,1,1,1,1,0,0,0,1
_____________________________________________________
_____________________________________________________
26,0,0.0000,
0,7,1,1,1,1,1,1,1,1,0,0,0,1
1,6,1,1,1,1,1,1,1,1,0,0,0,1
_____________________________________________________
_____________________________________________________
27,5,0.0000,
1,6,1,1,1,1,1,1,1,1,0,0,0,1
0,7,1,1,0,1,1,0,1,1,0,0,1,1
_____________________________________________________
_____________________________________________________
28,0,0.0000,
0,7,1,1,0,1,1,0,1,1,0,0,1,1
1,6,1,1,0,1,1,0,1,1,1,1,1,1
_____________________________________________________
_____________________________________________________
29,11,0.0000,
1,6,1,1,0,1,1,0,1,1,1,1,1,1
0,7,1,1,0,1,1,0,1,1,0,1,1,1
_____________________________________________________
_____________________________________________________
30,0,0.0000,
0,7,1,1,0,1,1,0,1,1,0,1,1,1
1,6,1,1,0,1,1,0,1,1,1,1,1,1
_____________________________________________________
_____________________________________________________
31,11,0.0000,
1,6,1,1,0,1,1,0,1,1,1,1,1,1
0,7,1,1,0,1,1,0,1,1,1,1,1,1
_____________________________________________________
_____________________________________________________
32,0,0.0000,
0,7,1,1,0,1,1,0,1,1,1,1,1,1
0,7,1,1,0,1,1,0,1,1,1,1,1,1
_____________________________________________________
_____________________________________________________
33,0,0.0000,
0,7,1,1,0,1,1,0,1,1,1,1,1,1
1,6,1,1,0,1,1,0,1,1,1,1,1,1
_____________________________________________________
_____________________________________________________
34,11,0.0000,
1,6,1,1,0,1,1,0,1,1,1,1,1,1
0,7,1,1,0,1,1,0,1,1,0,0,1,1
_____________________________________________________
_____________________________________________________
35,0,0.0000,
0,7,1,1,0,1,1,0,1,1,0,0,1,1
0,7,1,1,0,1,1,0,1,1,1,1,1,1
_____________________________________________________
_____________________________________________________
36,0,0.0000,
0,7,1,1,0,1,1,0,1,1,1,1,1,1
0,7,1,1,0,1,1,0,1,1,1,1,1,1
_____________________________________________________
_____________________________________________________
37,0,0.0000,
0,7,1,1,0,1,1,0,1,1,1,1,1,1
0,7,1,1,0,1,1,0,1,1,1,1,1,1
_____________________________________________________
_____________________________________________________
38,0,0.0000,
0,7,1,1,0,1,1,0,1,1,1,1,1,1
0,7,1,1,1,1,1,1,1,1,1,1,1,1
_____________________________________________________
_____________________________________________________
39,0,0.0000,
0,7,1,1,1,1,1,1,1,1,1,1,1,1
0,7,1,1,1,1,1,1,1,1,1,1,1,1
_____________________________________________________
_____________________________________________________
40,0,0.0000,
0,7,1,1,1,1,1,1,1,1,1,1,1,1
1,6,1,1,1,1,1,1,1,1,1,1,1,1
_____________________________________________________
_____________________________________________________
41,2,0.0000,
1,6,1,1,1,1,1,1,1,1,1,1,1,1
0,7,1,1,1,1,1,1,1,1,1,1,1,1
_____________________________________________________
_____________________________________________________
42,0,0.0000,
0,7,1,1,1,1,1,1,1,1,1,1,1,1
0,7,1,1,1,1,1,1,1,1,1,1,1,1
_____________________________________________________
_____________________________________________________
43,0,0.0000,
0,7,1,1,1,1,1,1,1,1,1,1,1,1
0,7,1,1,1,1,1,1,1,1,1,1,1,1
_____________________________________________________
_____________________________________________________
44,0,0.0000,
0,7,1,1,1,1,1,1,1,1,1,1,1,1
0,7,1,1,1,1,1,1,1,1,1,1,1,1
_____________________________________________________
_____________________________________________________
45,0,0.0000,
0,7,1,1,1,1,1,1,1,1,1,1,1,1
1,6,1,1,1,1,1,1,1,1,1,1,1,1
_____________________________________________________
_____________________________________________________
46,2,0.0000,
1,6,1,1,1,1,1,1,1,1,1,1,1,1
0,7,1,0,1,1,1,0,1,1,1,0,1,1
_____________________________________________________
_____________________________________________________
47,0,0.0000,
0,7,1,0,1,1,1,0,1,1,1,0,1,1
0,7,1,0,1,1,1,0,1,1,1,0,1,1
_____________________________________________________
_____________________________________________________
48,0,0.0000,
0,7,1,0,1,1,1,0,1,1,1,0,1,1
1,6,1,0,1,1,1,0,1,1,1,0,1,1
_____________________________________________________
_____________________________________________________
49,11,0.0000,
1,6,1,0,1,1,1,0,1,1,1,0,1,1
0,7,1,0,1,1,1,0,1,1,1,0,0,0
_____________________________________________________
_____________________________________________________
50,0,0.0000,
0,7,1,0,1,1,1,0,1,1,1,0,0,0
1,6,1,0,1,1,1,0,1,1,1,0,0,0
_____________________________________________________
_____________________________________________________
51,5,0.0000,
1,6,1,0,1,1,1,0,1,1,1,0,0,0
0,7,1,0,1,0,0,0,1,1,1,0,0,0
_____________________________________________________
_____________________________________________________
52,0,0.0000,
0,7,1,0,1,0,0,0,1,1,1,0,0,0
0,7,1,0,1,0,0,0,1,1,1,0,0,0
_____________________________________________________
_____________________________________________________
53,0,0.0000,
0,7,1,0,1,0,0,0,1,1,1,0,0,0
0,7,1,0,1,0,0,0,1,1,1,0,0,0
_____________________________________________________
_____________________________________________________
54,0,0.0000,
0,7,1,0,1,0,0,0,1,1,1,0,0,0
1,6,1,1,1,0,0,1,1,1,1,1,0,0
_____________________________________________________
_____________________________________________________
55,2,0.0000,
1,6,1,1,1,0,0,1,1,1,1,1,0,0
0,7,1,0,0,0,0,0,0,1,0,0,1,0
_____________________________________________________
_____________________________________________________
56,0,0.0000,
0,7,1,0,0,0,0,0,0,1,0,0,1,0
1,6,1,0,0,0,0,0,0,1,0,1,1,1
_____________________________________________________
_____________________________________________________
57,11,0.0000,
1,6,1,0,0,0,0,0,0,1,0,1,1,1
1,6,1,0,0,1,1,1,0,1,0,1,0,1
_____________________________________________________
_____________________________________________________
58,5,0.0000,
1,6,1,0,0,1,1,1,0,1,0,1,0,1
1,6,1,0,0,0,0,1,0,1,0,1,0,0
_____________________________________________________
_____________________________________________________
59,6,0.0000,
1,6,1,0,0,0,0,1,0,1,0,1,0,0
1,6,1,0,0,0,0,0,0,1,1,0,0,0
_____________________________________________________
_____________________________________________________
60,9,0.0000,
1,6,1,0,0,0,0,0,0,1,1,0,0,0
1,6,1,0,0,0,0,0,0,1,0,0,0,0
_____________________________________________________
_____________________________________________________
61,8,0.0000,
1,6,1,0,0,0,0,0,0,1,0,0,0,0
0,7,0,0,0,0,0,0,0,0,0,0,0,0
_____________________________________________________
_____________________________________________________
62,0,0.0000,
0,7,0,0,0,0,0,0,0,0,0,0,0,0
1,6,0,0,0,0,1,0,0,0,0,0,0,1
_____________________________________________________
_____________________________________________________
63,5,0.0000,
1,6,0,0,0,0,1,0,0,0,0,0,0,1
0,7,0,0,0,0,0,0,0,0,0,0,0,0
_____________________________________________________
_____________________________________________________
64,0,0.0000,
0,7,0,0,0,0,0,0,0,0,0,0,0,0
0,7,0,0,0,0,0,0,0,0,0,0,0,0
_____________________________________________________
_____________________________________________________
65,0,0.0000,
0,7,0,0,0,0,0,0,0,0,0,0,0,0
0,7,0,0,1,0,0,1,0,0,1,1,0,0
_____________________________________________________
_____________________________________________________
66,0,0.0000,
0,7,0,0,1,0,0,1,0,0,1,1,0,0
0,7,0,0,1,0,0,1,0,0,1,1,0,1
_____________________________________________________
_____________________________________________________
67,0,0.0000,
0,7,0,0,1,0,0,1,0,0,1,1,0,1
1,6,1,0,1,1,1,1,0,1,1,1,0,1
_____________________________________________________
_____________________________________________________
68,5,0.0000,
1,6,1,0,1,1,1,1,0,1,1,1,0,1
1,6,1,0,1,0,0,1,0,1,1,1,0,0
_____________________________________________________
_____________________________________________________
69,6,0.0000,
1,6,1,0,1,0,0,1,0,1,1,1,0,0
0,7,1,0,1,0,0,0,1,0,0,1,1,0
_____________________________________________________
_____________________________________________________
70,0,0.0000,
0,7,1,0,1,0,0,0,1,0,0,1,1,0
0,7,1,0,1,0,0,0,1,0,0,1,1,0
_____________________________________________________
_____________________________________________________
71,0,0.0000,
0,7,1,0,1,0,0,0,1,0,0,1,1,0
0,7,1,0,1,0,0,0,1,0,0,1,1,0
_____________________________________________________
_____________________________________________________
72,0,0.0000,
0,7,1,0,1,0,0,0,1,0,0,1,1,0
0,7,1,0,1,0,0,0,1,0,0,1,1,0
_____________________________________________________
_____________________________________________________
73,0,0.0000,
0,7,1,0,1,0,0,0,1,0,0,1,1,0
0,7,1,0,1,0,0,0,1,0,0,1,1,0
_____________________________________________________
_____________________________________________________
74,0,0.0000,
0,7,1,0,1,0,0,0,1,0,0,1,1,0
1,6,1,0,1,0,0,1,1,1,1,1,1,0
_____________________________________________________
_____________________________________________________
75,11,0.0000,
1,6,1,0,1,0,0,1,1,1,1,1,1,0
0,7,1,0,1,0,1,1,1,1,1,1,0,0
_____________________________________________________
_____________________________________________________
76,0,0.0000,
0,7,1,0,1,0,1,1,1,1,1,1,0,0
0,7,1,0,1,0,1,1,1,1,1,1,1,0
_____________________________________________________
_____________________________________________________
77,0,0.0000,
0,7,1,0,1,0,1,1,1,1,1,1,1,0
0,7,1,0,1,0,1,1,1,1,1,1,1,0
_____________________________________________________
_____________________________________________________
78,0,0.0000,
0,7,1,0,1,0,1,1,1,1,1,1,1,0
1,6,1,0,1,0,1,1,1,1,1,1,1,0
_____________________________________________________
_____________________________________________________
79,5,0.0000,
1,6,1,0,1,0,1,1,1,1,1,1,1,0
0,7,1,0,1,0,0,1,1,1,1,1,1,0
_____________________________________________________
_____________________________________________________
80,0,0.0000,
0,7,1,0,1,0,0,1,1,1,1,1,1,0
0,7,1,0,1,0,0,1,1,1,1,1,1,0
_____________________________________________________
_____________________________________________________
81,0,0.0000,
0,7,1,0,1,0,0,1,1,1,1,1,1,0
0,7,1,0,1,0,0,1,1,1,1,1,1,0
_____________________________________________________
_____________________________________________________
82,0,0.0000,
0,7,1,0,1,0,0,1,1,1,1,1,1,0
0,7,1,0,1,1,0,1,1,1,1,1,1,1
_____________________________________________________
_____________________________________________________
83,0,0.0000,
0,7,1,0,1,1,0,1,1,1,1,1,1,1
0,7,1,1,1,1,1,0,1,0,1,1,1,1
_____________________________________________________
_____________________________________________________
84,0,0.0000,
0,7,1,1,1,1,1,0,1,0,1,1,1,1
1,6,1,1,1,1,1,0,1,0,1,1,1,1
_____________________________________________________
_____________________________________________________
85,11,0.0000,
1,6,1,1,1,1,1,0,1,0,1,1,1,1
0,7,1,1,1,1,1,0,1,0,0,1,0,1
_____________________________________________________
_____________________________________________________
86,0,0.0000,
0,7,1,1,1,1,1,0,1,0,0,1,0,1
0,7,1,1,1,1,1,0,1,0,0,1,0,1
_____________________________________________________
_____________________________________________________
87,0,0.0000,
0,7,1,1,1,1,1,0,1,0,0,1,0,1
0,7,1,1,1,1,1,0,1,0,0,1,0,1
_____________________________________________________
_____________________________________________________
88,0,0.0000,
0,7,1,1,1,1,1,0,1,0,0,1,0,1
0,7,1,1,1,1,1,0,1,0,0,1,0,1
_____________________________________________________
_____________________________________________________
89,0,0.0000,
0,7,1,1,1,1,1,0,1,0,0,1,0,1
1,6,1,1,1,1,1,0,1,0,0,1,0,1
_____________________________________________________
_____________________________________________________
90,5,0.0000,
1,6,1,1,1,1,1,0,1,0,0,1,0,1
1,6,1,1,1,1,1,0,1,1,0,1,0,1
_____________________________________________________
_____________________________________________________
91,5,0.0000,
1,6,1,1,1,1,1,0,1,1,0,1,0,1
1,6,1,1,1,1,0,0,1,1,0,0,0,1
_____________________________________________________
_____________________________________________________
92,7,0.0000,
1,6,1,1,1,1,0,0,1,1,0,0,0,1
0,7,1,1,1,1,0,0,0,1,0,1,0,1
_____________________________________________________
_____________________________________________________
93,0,0.0000,
0,7,1,1,1,1,0,0,0,1,0,1,0,1
1,6,1,1,1,1,1,1,0,1,0,1,0,1
_____________________________________________________
_____________________________________________________
94,5,0.0000,
1,6,1,1,1,1,1,1,0,1,0,1,0,1
0,7,1,1,1,1,0,1,0,1,1,0,1,1
_____________________________________________________
_____________________________________________________
95,0,0.0000,
0,7,1,1,1,1,0,1,0,1,1,0,1,1
1,6,1,1,1,1,0,1,0,1,1,1,1,1
_____________________________________________________
_____________________________________________________
96,11,0.0000,
1,6,1,1,1,1,0,1,0,1,1,1,1,1
0,7,1,1,1,1,1,1,0,1,0,1,0,1
_____________________________________________________
_____________________________________________________
97,0,0.0000,
0,7,1,1,1,1,1,1,0,1,0,1,0,1
0,7,1,1,1,0,0,1,1,1,0,1,1,1
_____________________________________________________
_____________________________________________________
98,0,0.0000,
0,7,1,1,1,0,0,1,1,1,0,1,1,1
0,7,1,1,1,0,0,1,1,1,0,1,1,1
_____________________________________________________
_____________________________________________________
99,0,0.0000,
0,7,1,1,1,0,0,1,1,1,0,1,1,1
0,7,1,1,1,0,0,1,1,1,0,1,1,1
_____________________________________________________
_____________________________________________________
100,0,0.0000,
0,7,1,1,1,0,0,1,1,1,0,1,1,1
0,7,1,1,1,0,0,1,1,1,0,1,1,1
_____________________________________________________
_____________________________________________________
101,0,0.0000,
0,7,1,1,1,0,0,1,1,1,0,1,1,1
0,7,1,1,1,0,0,1,1,1,0,1,1,1
_____________________________________________________
_____________________________________________________
102,0,0.0000,
0,7,1,1,1,0,0,1,1,1,0,1,1,1
1,6,1,1,1,0,0,1,1,1,0,1,1,1
_____________________________________________________
_____________________________________________________
103,11,0.0000,
1,6,1,1,1,0,0,1,1,1,0,1,1,1
1,6,1,1,1,0,0,1,1,1,0,1,0,1
_____________________________________________________
_____________________________________________________
104,7,0.0000,
1,6,1,1,1,0,0,1,1,1,0,1,0,1
0,7,1,1,1,0,1,1,1,1,1,1,0,1
_____________________________________________________
_____________________________________________________
105,0,0.0000,
0,7,1,1,1,0,1,1,1,1,1,1,0,1
0,7,1,1,1,0,1,1,1,1,1,1,0,1
_____________________________________________________
_____________________________________________________
106,0,0.0000,
0,7,1,1,1,0,1,1,1,1,1,1,0,1
0,7,1,1,1,0,1,1,1,1,1,1,0,1
_____________________________________________________
_____________________________________________________
107,0,0.0000,
0,7,1,1,1,0,1,1,1,1,1,1,0,1
0,7,1,1,1,0,1,1,1,1,1,1,0,1
_____________________________________________________
_____________________________________________________
108,0,0.0000,
0,7,1,1,1,0,1,1,1,1,1,1,0,1
0,7,1,1,1,0,1,1,1,1,1,1,0,1
_____________________________________________________
_____________________________________________________
109,0,0.0000,
0,7,1,1,1,0,1,1,1,1,1,1,0,1
1,6,1,1,1,0,1,1,1,1,1,1,0,1
_____________________________________________________
_____________________________________________________
110,5,0.0000,
1,6,1,1,1,0,1,1,1,1,1,1,0,1
1,6,1,1,1,0,0,1,1,1,0,1,0,1
_____________________________________________________
_____________________________________________________
111,7,0.0000,
1,6,1,1,1,0,0,1,1,1,0,1,0,1
1,6,1,0,1,1,0,1,0,1,0,1,0,1
_____________________________________________________
_____________________________________________________
112,6,0.0000,
1,6,1,0,1,1,0,1,0,1,0,1,0,1
0,7,1,0,1,1,0,0,0,1,0,1,0,1
_____________________________________________________
_____________________________________________________
113,0,0.0000,
0,7,1,0,1,1,0,0,0,1,0,1,0,1
0,7,1,0,1,1,0,0,1,1,1,1,0,1
_____________________________________________________
_____________________________________________________
114,0,0.0000,
0,7,1,0,1,1,0,0,1,1,1,1,0,1
0,7,1,0,1,1,0,0,1,1,1,1,0,1
_____________________________________________________
_____________________________________________________
115,0,0.0000,
0,7,1,0,1,1,0,0,1,1,1,1,0,1
0,7,1,0,1,1,0,0,1,1,1,1,0,1
_____________________________________________________
_____________________________________________________
116,0,0.0000,
0,7,1,0,1,1,0,0,1,1,1,1,0,1
0,7,1,0,1,1,0,0,1,1,1,1,0,1
_____________________________________________________
_____________________________________________________
117,0,0.0000,
0,7,1,0,1,1,0,0,1,1,1,1,0,1
0,7,1,0,1,1,0,0,1,1,1,1,0,1
_____________________________________________________
_____________________________________________________
118,0,0.0000,
0,7,1,0,1,1,0,0,1,1,1,1,0,1
0,7,1,0,1,1,0,0,1,1,1,1,0,1
_____________________________________________________
_____________________________________________________
119,0,0.0000,
0,7,1,0,1,1,0,0,1,1,1,1,0,1
0,7,1,1,1,1,0,0,1,1,1,1,0,1
_____________________________________________________
_____________________________________________________
120,0,0.0000,
0,7,1,1,1,1,0,0,1,1,1,1,0,1
0,7,1,1,1,1,0,0,1,1,1,1,0,1
_____________________________________________________
_____________________________________________________
121,0,0.0000,
0,7,1,1,1,1,0,0,1,1,1,1,0,1
1,6,1,1,1,1,0,0,1,1,1,1,0,1
_____________________________________________________
_____________________________________________________
122,7,0.0000,
1,6,1,1,1,1,0,0,1,1,1,1,0,1
1,6,1,1,1,1,0,0,1,1,1,1,0,1
_____________________________________________________
_____________________________________________________
123,7,0.0000,
1,6,1,1,1,1,0,0,1,1,1,1,0,1
1,6,1,1,1,1,0,0,0,1,0,1,0,1
_____________________________________________________
_____________________________________________________
124,2,0.0000,
1,6,1,1,1,1,0,0,0,1,0,1,0,1
0,7,1,0,1,1,0,0,0,1,0,1,0,1
_____________________________________________________
_____________________________________________________
125,0,0.0000,
0,7,1,0,1,1,0,0,0,1,0,1,0,1
0,7,0,1,1,1,0,0,0,1,1,1,1,1
_____________________________________________________
_____________________________________________________
126,0,0.0000,
0,7,0,1,1,1,0,0,0,1,1,1,1,1
0,7,0,1,1,1,0,1,0,1,1,1,1,1
_____________________________________________________
_____________________________________________________
127,0,0.0000,
0,7,0,1,1,1,0,1,0,1,1,1,1,1
0,7,0,1,1,1,1,1,0,1,1,1,1,1
_____________________________________________________
_____________________________________________________
128,0,0.0000,
0,7,0,1,1,1,1,1,0,1,1,1,1,1
0,7,0,1,1,1,1,1,0,1,1,1,1,1
_____________________________________________________
_____________________________________________________
129,0,0.0000,
0,7,0,1,1,1,1,1,0,1,1,1,1,1
1,6,0,1,1,1,1,1,0,1,1,1,1,1
_____________________________________________________
_____________________________________________________
130,11,0.0000,
1,6,0,1,1,1,1,1,0,1,1,1,1,1
1,6,0,1,1,0,1,1,0,1,1,1,0,0
_____________________________________________________
_____________________________________________________
131,5,0.0000,
1,6,0,1,1,0,1,1,0,1,1,1,0,0
1,6,0,1,1,0,0,0,0,1,1,1,0,0
_____________________________________________________
_____________________________________________________
132,9,0.0000,
1,6,0,1,1,0,0,0,0,1,1,1,0,0
1,6,0,1,1,0,0,0,0,1,0,0,0,0
_____________________________________________________
_____________________________________________________
133,2,0.0000,
1,6,0,1,1,0,0,0,0,1,0,0,0,0
0,7,0,0,1,0,0,0,0,1,0,1,0,0
_____________________________________________________
_____________________________________________________
134,0,0.0000,
0,7,0,0,1,0,0,0,0,1,0,1,0,0
1,6,1,0,1,0,0,0,1,1,1,1,0,0
_____________________________________________________
_____________________________________________________
135,7,0.0000,
1,6,1,0,1,0,0,0,1,1,1,1,0,0
1,6,0,1,1,0,0,0,0,1,1,1,0,0
_____________________________________________________
_____________________________________________________
136,2,0.0000,
1,6,0,1,1,0,0,0,0,1,1,1,0,0
0,7,0,0,1,0,0,0,0,1,1,1,0,0
_____________________________________________________
_____________________________________________________
137,0,0.0000,
0,7,0,0,1,0,0,0,0,1,1,1,0,0
0,7,0,0,1,0,0,0,0,1,1,1,0,0
_____________________________________________________
_____________________________________________________
138,0,0.0000,
0,7,0,0,1,0,0,0,0,1,1,1,0,0
1,6,0,0,1,0,0,0,0,1,1,1,0,0
_____________________________________________________
_____________________________________________________
139,9,0.0000,
1,6,0,0,1,0,0,0,0,1,1,1,0,0
0,6,0,0,0,0,0,0,0,0,0,0,0,0
_____________________________________________________
