_____________________________________________________
0,11,0.0000,
4,3,1,1,1,1,1,1,1,1,1,1,1,1
3,3,1,1,1,1,1,1,1,1,1,1,0,1
_____________________________________________________
_____________________________________________________
1,5,0.0000,
3,3,1,1,1,1,1,1,1,1,1,1,0,1
2,3,1,1,1,1,1,1,1,1,1,1,0,1
_____________________________________________________
_____________________________________________________
2,5,0.0000,
2,3,1,1,1,1,1,1,1,1,1,1,0,1
2,3,1,1,1,0,1,1,1,1,1,1,0,1
_____________________________________________________
_____________________________________________________
3,5,0.0000,
2,3,1,1,1,0,1,1,1,1,1,1,0,1
1,5,1,1,1,0,0,1,0,1,1,1,0,1
_____________________________________________________
_____________________________________________________
4,2,0.0000,
1,5,1,1,1,0,0,1,0,1,1,1,0,1
1,6,1,0,1,1,1,1,1,1,0,1,0,1
_____________________________________________________
_____________________________________________________
5,5,0.0000,
1,6,1,0,1,1,1,1,1,1,0,1,0,1
1,6,1,1,1,0,0,1,0,1,1,1,0,1
_____________________________________________________
_____________________________________________________
6,2,0.0000,
1,6,1,1,1,0,0,1,0,1,1,1,0,1
1,6,1,0,1,1,1,1,1,1,0,1,0,1
_____________________________________________________
_____________________________________________________
7,5,0.0000,
1,6,1,0,1,1,1,1,1,1,0,1,0,1
1,6,1,0,1,0,0,1,0,1,0,1,0,1
_____________________________________________________
_____________________________________________________
8,6,0.0000,
1,6,1,0,1,0,0,1,0,1,0,1,0,1
1,6,1,0,0,0,0,0,0,0,0,1,0,1
_____________________________________________________
_____________________________________________________
9,12,0.0000,
1,6,1,0,0,0,0,0,0,0,0,1,0,1
0,7,0,0,0,1,1,0,1,0,0,1,0,0
_____________________________________________________
_____________________________________________________
10,0,0.0000,
0,7,0,0,0,1,1,0,1,0,0,1,0,0
1,6,0,0,0,1,1,0,1,0,0,1,0,0
_____________________________________________________
_____________________________________________________
11,5,0.0000,
1,6,0,0,0,1,1,0,1,0,0,1,0,0
1,6,0,0,0,0,0,0,0,0,0,1,0,0
_____________________________________________________
_____________________________________________________
12,10,0.0000,
1,6,0,0,0,0,0,0,0,0,0,1,0,0
0,7,0,0,0,0,0,0,0,0,0,0,0,0
_____________________________________________________
_____________________________________________________
13,0,0.0000,
0,7,0,0,0,0,0,0,0,0,0,0,0,0
1,6,0,1,0,0,1,0,1,1,0,0,0,0
_____________________________________________________
_____________________________________________________
14,7,0.0000,
1,6,0,1,0,0,1,0,1,1,0,0,0,0
0,7,0,1,0,1,1,1,0,0,0,0,0,1
_____________________________________________________
_____________________________________________________
15,0,0.0000,
0,7,0,1,0,1,1,1,0,0,0,0,0,1
0,7,0,1,1,1,1,1,0,0,0,0,0,1
_____________________________________________________
_____________________________________________________
16,0,0.0000,
0,7,0,1,1,1,1,1,0,0,0,0,0,1
1,6,0,1,1,1,1,1,0,0,0,0,0,1
_____________________________________________________
_____________________________________________________
17,5,0.0000,
1,6,0,1,1,1,1,1,0,0,0,0,0,1
0,7,0,1,1,0,1,1,0,0,0,0,0,1
_____________________________________________________
_____________________________________________________
18,0,0.0000,
0,7,0,1,1,0,1,1,0,0,0,0,0,1
0,7,0,1,1,1,1,1,0,0,0,0,0,1
_____________________________________________________
_____________________________________________________
19,0,0.0000,
0,7,0,1,1,1,1,1,0,0,0,0,0,1
1,6,0,1,1,1,1,1,0,0,0,0,0,1
_____________________________________________________
_____________________________________________________
20,5,0.0000,
1,6,0,1,1,1,1,1,0,0,0,0,0,1
0,7,0,1,1,0,1,1,0,0,0,0,0,1
_____________________________________________________
_____________________________________________________
21,0,0.0000,
0,7,0,1,1,0,1,1,0,0,0,0,0,1
0,7,1,1,1,1,1,1,0,0,0,1,1,1
_____________________________________________________
_____________________________________________________
22,0,0.0000,
0,7,1,1,1,1,1,1,0,0,0,1,1,1
1,6,1,1,1,1,1,1,0,0,0,1,1,1
_____________________________________________________
_____________________________________________________
23,11,0.0000,
1,6,1,1,1,1,1,1,0,0,0,1,1,1
1,6,0,1,1,1,1,1,0,0,0,0,0,1
_____________________________________________________
_____________________________________________________
24,5,0.0000,
1,6,0,1,1,1,1,1,0,0,0,0,0,1
1,6,0,1,1,0,0,1,0,0,0,0,0,1
_____________________________________________________
_____________________________________________________
25,6,0.0000,
1,6,0,1,1,0,0,1,0,0,0,0,0,1
1,6,1,1,1,1,1,1,1,1,0,1,1,1
_____________________________________________________
_____________________________________________________
26,5,0.0000,
1,6,1,1,1,1,1,1,1,1,0,1,1,1
0,7,1,1,1,0,0,1,1,1,0,1,1,1
_____________________________________________________
_____________________________________________________
27,0,0.0000,
0,7,1,1,1,0,0,1,1,1,0,1,1,1
1,6,1,1,0,1,0,0,1,1,0,1,1,0
_____________________________________________________
_____________________________________________________
28,11,0.0000,
1,6,1,1,0,1,0,0,1,1,0,1,1,0
1,6,1,1,0,1,0,1,1,1,1,1,0,0
_____________________________________________________
_____________________________________________________
29,2,0.0000,
1,6,1,1,0,1,0,1,1,1,1,1,0,0
0,7,1,0,0,1,0,1,1,1,1,1,0,0
_____________________________________________________
_____________________________________________________
30,0,0.0000,
0,7,1,0,0,1,0,1,1,1,1,1,0,0
0,7,1,1,0,1,0,1,1,1,1,1,0,1
_____________________________________________________
_____________________________________________________
31,0,0.0000,
0,7,1,1,0,1,0,1,1,1,1,1,0,1
0,7,1,1,1,1,1,1,1,1,1,1,0,1
_____________________________________________________
_____________________________________________________
32,0,0.0000,
0,7,1,1,1,1,1,1,1,1,1,1,0,1
0,7,1,1,1,1,1,1,1,1,1,1,0,1
_____________________________________________________
_____________________________________________________
33,0,0.0000,
0,7,1,1,1,1,1,1,1,1,1,1,0,1
0,7,1,1,1,1,1,1,1,1,1,1,0,1
_____________________________________________________
_____________________________________________________
34,0,0.0000,
0,7,1,1,1,1,1,1,1,1,1,1,0,1
0,7,1,1,1,1,1,1,1,1,1,1,0,1
_____________________________________________________
_____________________________________________________
35,0,0.0000,
0,7,1,1,1,1,1,1,1,1,1,1,0,1
0,7,1,1,1,1,1,1,1,1,1,1,0,1
_____________________________________________________
_____________________________________________________
36,0,0.0000,
0,7,1,1,1,1,1,1,1,1,1,1,0,1
1,6,1,1,1,1,1,1,1,1,1,1,0,1
_____________________________________________________
_____________________________________________________
37,5,0.0000,
1,6,1,1,1,1,1,1,1,1,1,1,0,1
1,6,1,1,0,1,0,1,1,1,1,1,0,0
_____________________________________________________
_____________________________________________________
38,2,0.0000,
1,6,1,1,0,1,0,1,1,1,1,1,0,0
1,6,1,1,0,1,0,1,1,1,1,1,0,0
_____________________________________________________
_____________________________________________________
39,7,0.0000,
1,6,1,1,0,1,0,1,1,1,1,1,0,0
1,6,0,1,0,1,0,1,0,1,1,1,0,0
_____________________________________________________
_____________________________________________________
40,6,0.0000,
1,6,0,1,0,1,0,1,0,1,1,1,0,0
0,7,0,1,0,1,0,0,0,1,0,1,0,0
_____________________________________________________
_____________________________________________________
41,0,0.0000,
0,7,0,1,0,1,0,0,0,1,0,1,0,0
1,6,1,0,0,0,1,1,0,1,1,0,1,0
_____________________________________________________
_____________________________________________________
42,11,0.0000,
1,6,1,0,0,0,1,1,0,1,1,0,1,0
0,7,1,0,0,0,1,1,0,1,1,0,0,0
_____________________________________________________
_____________________________________________________
43,0,0.0000,
0,7,1,0,0,0,1,1,0,1,1,0,0,0
0,7,1,0,0,0,1,1,1,1,1,0,0,0
_____________________________________________________
_____________________________________________________
44,0,0.0000,
0,7,1,0,0,0,1,1,1,1,1,0,0,0
1,6,1,1,1,0,1,1,1,1,1,0,0,0
_____________________________________________________
_____________________________________________________
45,5,0.0000,
1,6,1,1,1,0,1,1,1,1,1,0,0,0
0,7,1,1,1,0,0,1,1,1,1,0,0,0
_____________________________________________________
_____________________________________________________
46,0,0.0000,
0,7,1,1,1,0,0,1,1,1,1,0,0,0
1,6,1,1,1,1,0,1,1,1,1,0,0,0
_____________________________________________________
_____________________________________________________
47,7,0.0000,
1,6,1,1,1,1,0,1,1,1,1,0,0,0
0,7,1,1,0,1,0,1,0,1,1,0,0,0
_____________________________________________________
_____________________________________________________
48,0,0.0000,
0,7,1,1,0,1,0,1,0,1,1,0,0,0
1,6,1,1,0,1,0,1,0,1,1,0,0,1
_____________________________________________________
_____________________________________________________
49,6,0.0000,
1,6,1,1,0,1,0,1,0,1,1,0,0,1
0,7,0,1,0,1,0,0,0,1,1,0,0,1
_____________________________________________________
_____________________________________________________
50,0,0.0000,
0,7,0,1,0,1,0,0,0,1,1,0,0,1
0,7,0,1,1,1,1,0,1,1,1,0,0,1
_____________________________________________________
_____________________________________________________
51,0,0.0000,
0,7,0,1,1,1,1,0,1,1,1,0,0,1
0,7,0,1,1,1,1,1,1,1,1,1,0,1
_____________________________________________________
_____________________________________________________
52,0,0.0000,
0,7,0,1,1,1,1,1,1,1,1,1,0,1
1,6,1,1,1,1,1,1,1,1,1,1,0,1
_____________________________________________________
_____________________________________________________
53,5,0.0000,
1,6,1,1,1,1,1,1,1,1,1,1,0,1
0,7,1,1,1,1,0,1,1,1,1,1,0,1
_____________________________________________________
_____________________________________________________
54,0,0.0000,
0,7,1,1,1,1,0,1,1,1,1,1,0,1
0,7,1,1,1,1,0,1,1,1,1,1,0,1
_____________________________________________________
_____________________________________________________
55,0,0.0000,
0,7,1,1,1,1,0,1,1,1,1,1,0,1
1,6,0,1,1,0,1,1,1,1,1,1,1,1
_____________________________________________________
_____________________________________________________
56,5,0.0000,
1,6,0,1,1,0,1,1,1,1,1,1,1,1
0,7,0,1,1,0,0,1,1,1,1,1,1,1
_____________________________________________________
_____________________________________________________
57,0,0.0000,
0,7,0,1,1,0,0,1,1,1,1,1,1,1
0,7,0,1,1,0,0,1,1,1,1,1,1,1
_____________________________________________________
_____________________________________________________
58,0,0.0000,
0,7,0,1,1,0,0,1,1,1,1,1,1,1
1,6,0,1,1,0,0,1,1,1,1,1,1,1
_____________________________________________________
_____________________________________________________
59,11,0.0000,
1,6,0,1,1,0,0,1,1,1,1,1,1,1
0,7,0,1,1,0,1,1,1,1,1,1,0,1
_____________________________________________________
_____________________________________________________
60,0,0.0000,
0,7,0,1,1,0,1,1,1,1,1,1,0,1
1,6,0,1,1,0,1,1,1,1,1,1,0,1
_____________________________________________________
_____________________________________________________
61,5,0.0000,
1,6,0,1,1,0,1,1,1,1,1,1,0,1
0,7,0,1,1,0,0,1,1,1,1,1,0,1
_____________________________________________________
_____________________________________________________
62,0,0.0000,
0,7,0,1,1,0,0,1,1,1,1,1,0,1
0,7,0,1,1,0,0,1,1,1,1,1,0,1
_____________________________________________________
_____________________________________________________
63,0,0.0000,
0,7,0,1,1,0,0,1,1,1,1,1,0,1
1,6,0,1,1,0,0,1,1,1,1,1,0,1
_____________________________________________________
_____________________________________________________
64,7,0.0000,
1,6,0,1,1,0,0,1,1,1,1,1,0,1
1,6,0,1,1,0,0,1,0,1,1,1,0,1
_____________________________________________________
_____________________________________________________
65,6,0.0000,
1,6,0,1,1,0,0,1,0,1,1,1,0,1
1,6,0,1,1,0,1,0,1,1,1,1,0,0
_____________________________________________________
_____________________________________________________
66,5,0.0000,
1,6,0,1,1,0,1,0,1,1,1,1,0,0
1,6,0,1,1,0,0,0,1,1,1,1,0,0
_____________________________________________________
_____________________________________________________
67,7,0.0000,
1,6,0,1,1,0,0,0,1,1,1,1,0,0
0,7,1,1,1,0,0,0,0,1,1,1,0,0
_____________________________________________________
_____________________________________________________
68,0,0.0000,
0,7,1,1,1,0,0,0,0,1,1,1,0,0
1,6,1,1,1,0,0,0,0,1,1,1,0,0
_____________________________________________________
_____________________________________________________
69,2,0.0000,
1,6,1,1,1,0,0,0,0,1,1,1,0,0
1,6,0,1,0,1,0,0,1,1,1,1,0,1
_____________________________________________________
_____________________________________________________
70,7,0.0000,
1,6,0,1,0,1,0,0,1,1,1,1,0,1
0,7,1,0,1,0,0,1,0,1,1,1,0,1
_____________________________________________________
_____________________________________________________
71,0,0.0000,
0,7,1,0,1,0,0,1,0,1,1,1,0,1
1,6,1,0,1,0,1,1,0,1,1,1,0,1
_____________________________________________________
_____________________________________________________
72,6,0.0000,
1,6,1,0,1,0,1,1,0,1,1,1,0,1
0,7,1,0,1,0,1,1,0,1,1,1,0,1
_____________________________________________________
_____________________________________________________
73,0,0.0000,
0,7,1,0,1,0,1,1,0,1,1,1,0,1
1,6,1,0,1,0,1,1,0,1,1,1,0,1
_____________________________________________________
_____________________________________________________
74,5,0.0000,
1,6,1,0,1,0,1,1,0,1,1,1,0,1
0,7,1,0,1,0,0,1,0,1,1,1,0,1
_____________________________________________________
_____________________________________________________
75,0,0.0000,
0,7,1,0,1,0,0,1,0,1,1,1,0,1
1,6,1,0,1,0,0,1,0,1,1,1,0,1
_____________________________________________________
_____________________________________________________
76,6,0.0000,
1,6,1,0,1,0,0,1,0,1,1,1,0,1
1,6,0,0,0,0,0,0,0,1,1,1,0,1
_____________________________________________________
_____________________________________________________
77,12,0.0000,
1,6,0,0,0,0,0,0,0,1,1,1,0,1
0,7,0,0,0,0,0,0,0,0,0,0,0,0
_____________________________________________________
_____________________________________________________
78,0,0.0000,
0,7,0,0,0,0,0,0,0,0,0,0,0,0
0,7,0,0,0,0,0,0,0,0,0,0,0,1
_____________________________________________________
_____________________________________________________
79,0,0.0000,
0,7,0,0,0,0,0,0,0,0,0,0,0,1
0,7,1,0,1,0,0,1,0,1,1,1,0,1
_____________________________________________________
_____________________________________________________
80,0,0.0000,
0,7,1,0,1,0,0,1,0,1,1,1,0,1
0,7,1,0,1,0,0,1,0,1,1,1,0,1
_____________________________________________________
_____________________________________________________
81,0,0.0000,
0,7,1,0,1,0,0,1,0,1,1,1,0,1
1,6,1,0,1,0,0,1,0,1,1,1,0,1
_____________________________________________________
_____________________________________________________
82,9,0.0000,
1,6,1,0,1,0,0,1,0,1,1,1,0,1
1,6,1,0,1,0,0,1,0,1,1,1,0,1
_____________________________________________________
_____________________________________________________
83,6,0.0000,
1,6,1,0,1,0,0,1,0,1,1,1,0,1
0,7,1,1,1,1,1,1,1,1,1,1,1,1
_____________________________________________________
_____________________________________________________
84,0,0.0000,
0,7,1,1,1,1,1,1,1,1,1,1,1,1
1,6,1,1,1,1,1,1,1,1,1,1,1,1
_____________________________________________________
_____________________________________________________
85,2,0.0000,
1,6,1,1,1,1,1,1,1,1,1,1,1,1
1,6,1,0,1,1,1,0,1,1,1,1,1,1
_____________________________________________________
_____________________________________________________
86,11,0.0000,
1,6,1,0,1,1,1,0,1,1,1,1,1,1
0,7,1,0,1,1,1,1,1,1,1,1,1,1
_____________________________________________________
_____________________________________________________
87,0,0.0000,
0,7,1,0,1,1,1,1,1,1,1,1,1,1
1,6,1,1,1,1,1,1,1,1,1,1,1,1
_____________________________________________________
_____________________________________________________
88,2,0.0000,
1,6,1,1,1,1,1,1,1,1,1,1,1,1
1,6,1,0,1,1,1,0,1,1,1,1,1,1
_____________________________________________________
_____________________________________________________
89,11,0.0000,
1,6,1,0,1,1,1,0,1,1,1,1,1,1
1,6,1,0,0,0,0,0,1,1,1,1,0,1
_____________________________________________________
_____________________________________________________
90,7,0.0000,
1,6,1,0,0,0,0,0,1,1,1,1,0,1
1,6,1,1,0,0,0,1,0,0,1,1,0,1
_____________________________________________________
_____________________________________________________
91,2,0.0000,
1,6,1,1,0,0,0,1,0,0,1,1,0,1
1,6,1,0,0,0,0,0,0,0,1,1,0,1
_____________________________________________________
_____________________________________________________
92,12,0.0000,
1,6,1,0,0,0,0,0,0,0,1,1,0,1
0,7,1,0,0,0,0,0,0,0,0,1,0,0
_____________________________________________________
_____________________________________________________
93,0,0.0000,
0,7,1,0,0,0,0,0,0,0,0,1,0,0
0,7,1,0,0,0,0,1,0,0,1,1,0,1
_____________________________________________________
_____________________________________________________
94,0,0.0000,
0,7,1,0,0,0,0,1,0,0,1,1,0,1
1,6,1,1,0,0,0,1,0,0,1,1,1,1
_____________________________________________________
_____________________________________________________
95,11,0.0000,
1,6,1,1,0,0,0,1,0,0,1,1,1,1
1,6,1,1,0,0,0,1,0,0,1,1,0,1
_____________________________________________________
_____________________________________________________
96,2,0.0000,
1,6,1,1,0,0,0,1,0,0,1,1,0,1
0,7,1,0,0,0,0,0,0,0,1,1,0,1
_____________________________________________________
_____________________________________________________
97,0,0.0000,
0,7,1,0,0,0,0,0,0,0,1,1,0,1
0,7,0,0,0,0,0,0,0,0,1,1,0,0
_____________________________________________________
_____________________________________________________
98,0,0.0000,
0,7,0,0,0,0,0,0,0,0,1,1,0,0
0,7,0,0,0,0,0,1,0,1,1,1,0,0
_____________________________________________________
_____________________________________________________
99,0,0.0000,
0,7,0,0,0,0,0,1,0,1,1,1,0,0
1,6,0,0,1,1,0,1,0,1,1,1,0,0
_____________________________________________________
_____________________________________________________
100,6,0.0000,
1,6,0,0,1,1,0,1,0,1,1,1,0,0
0,7,0,0,0,1,0,0,0,0,1,1,0,0
_____________________________________________________
_____________________________________________________
101,0,0.0000,
0,7,0,0,0,1,0,0,0,0,1,1,0,0
0,7,0,0,0,1,0,0,0,0,1,1,0,0
_____________________________________________________
_____________________________________________________
102,0,0.0000,
0,7,0,0,0,1,0,0,0,0,1,1,0,0
1,6,0,0,0,1,0,0,0,0,1,1,1,1
_____________________________________________________
_____________________________________________________
103,11,0.0000,
1,6,0,0,0,1,0,0,0,0,1,1,1,1
0,7,0,0,0,1,0,0,0,0,1,1,0,1
_____________________________________________________
_____________________________________________________
104,0,0.0000,
0,7,0,0,0,1,0,0,0,0,1,1,0,1
0,7,0,0,0,1,0,0,0,1,1,1,0,1
_____________________________________________________
_____________________________________________________
105,0,0.0000,
0,7,0,0,0,1,0,0,0,1,1,1,0,1
1,6,0,0,1,1,0,1,0,1,1,1,0,1
_____________________________________________________
_____________________________________________________
106,6,0.0000,
1,6,0,0,1,1,0,1,0,1,1,1,0,1
0,7,0,0,0,1,0,0,0,0,1,1,1,1
_____________________________________________________
_____________________________________________________
107,0,0.0000,
0,7,0,0,0,1,0,0,0,0,1,1,1,1
0,7,0,0,0,1,1,0,0,0,1,1,1,1
_____________________________________________________
_____________________________________________________
108,0,0.0000,
0,7,0,0,0,1,1,0,0,0,1,1,1,1
0,7,0,0,0,1,1,0,0,0,1,1,1,1
_____________________________________________________
_____________________________________________________
109,0,0.0000,
0,7,0,0,0,1,1,0,0,0,1,1,1,1
1,6,0,0,0,1,1,0,0,0,1,1,1,1
_____________________________________________________
_____________________________________________________
110,11,0.0000,
1,6,0,0,0,1,1,0,0,0,1,1,1,1
1,6,0,0,0,1,0,0,0,0,1,1,1,1
_____________________________________________________
_____________________________________________________
111,11,0.0000,
1,6,0,0,0,1,0,0,0,0,1,1,1,1
0,7,0,0,0,0,1,0,0,1,1,1,1,1
_____________________________________________________
_____________________________________________________
112,0,0.0000,
0,7,0,0,0,0,1,0,0,1,1,1,1,1
1,6,0,0,0,0,1,1,1,1,1,1,1,1
_____________________________________________________
_____________________________________________________
113,5,0.0000,
1,6,0,0,0,0,1,1,1,1,1,1,1,1
1,6,0,0,0,1,0,1,1,1,1,1,1,1
_____________________________________________________
_____________________________________________________
114,11,0.0000,
1,6,0,0,0,1,0,1,1,1,1,1,1,1
1,6,0,0,0,1,0,1,1,1,1,0,0,1
_____________________________________________________
_____________________________________________________
115,7,0.0000,
1,6,0,0,0,1,0,1,1,1,1,0,0,1
1,6,0,0,0,1,0,1,0,1,1,0,0,1
_____________________________________________________
_____________________________________________________
116,6,0.0000,
1,6,0,0,0,1,0,1,0,1,1,0,0,1
1,6,0,0,0,0,0,0,0,1,1,0,1,1
_____________________________________________________
_____________________________________________________
117,11,0.0000,
1,6,0,0,0,0,0,0,0,1,1,0,1,1
1,6,0,0,0,0,0,1,0,1,1,0,0,1
_____________________________________________________
_____________________________________________________
118,6,0.0000,
1,6,0,0,0,0,0,1,0,1,1,0,0,1
1,6,0,0,0,0,1,0,0,1,1,0,0,1
_____________________________________________________
_____________________________________________________
119,5,0.0000,
1,6,0,0,0,0,1,0,0,1,1,0,0,1
1,6,0,0,0,0,0,0,0,1,1,0,0,1
_____________________________________________________
_____________________________________________________
120,12,0.0000,
1,6,0,0,0,0,0,0,0,1,1,0,0,1
1,6,0,0,0,0,0,1,0,0,0,0,1,0
_____________________________________________________
_____________________________________________________
121,11,0.0000,
1,6,0,0,0,0,0,1,0,0,0,0,1,0
1,6,0,0,0,1,0,1,0,0,0,0,0,0
_____________________________________________________
_____________________________________________________
122,6,0.0000,
1,6,0,0,0,1,0,1,0,0,0,0,0,0
0,7,0,0,0,0,0,0,0,0,0,0,0,0
_____________________________________________________
_____________________________________________________
123,0,0.0000,
0,7,0,0,0,0,0,0,0,0,0,0,0,0
1,6,0,0,0,0,0,0,0,0,1,0,0,1
_____________________________________________________
_____________________________________________________
124,12,0.0000,
1,6,0,0,0,0,0,0,0,0,1,0,0,1
1,6,0,0,0,0,0,0,0,0,0,0,0,0
_____________________________________________________
_____________________________________________________
125,0,0.0000,
1,6,0,0,0,0,0,0,0,0,0,0,0,0
1,5,0,0,1,0,0,0,0,0,0,1,0,0
_____________________________________________________
_____________________________________________________
126,10,0.0000,
1,5,0,0,1,0,0,0,0,0,0,1,0,0
1,6,0,0,1,0,0,0,0,0,0,0,0,0
_____________________________________________________
_____________________________________________________
127,3,0.0000,
1,6,0,0,1,0,0,0,0,0,0,0,0,0
1,6,0,0,0,0,0,0,0,0,0,0,0,0
_____________________________________________________
_____________________________________________________
128,0,0.0000,
1,6,0,0,0,0,0,0,0,0,0,0,0,0
1,5,0,1,0,1,1,0,0,0,0,0,0,0
_____________________________________________________
_____________________________________________________
129,5,0.0000,
1,5,0,1,0,1,1,0,0,0,0,0,0,0
0,7,0,0,1,0,1,0,0,0,0,0,0,1
_____________________________________________________
_____________________________________________________
130,0,0.0000,
0,7,0,0,1,0,1,0,0,0,0,0,0,1
1,6,0,1,1,1,1,0,0,0,1,0,0,1
_____________________________________________________
_____________________________________________________
131,5,0.0000,
1,6,0,1,1,1,1,0,0,0,1,0,0,1
1,6,1,0,1,0,0,0,0,1,1,1,0,1
_____________________________________________________
_____________________________________________________
132,12,0.0000,
1,6,1,0,1,0,0,0,0,1,1,1,0,1
0,7,1,0,1,1,1,0,0,1,0,1,0,0
_____________________________________________________
_____________________________________________________
133,0,0.0000,
0,7,1,0,1,1,1,0,0,1,0,1,0,0
1,6,1,1,1,1,1,0,0,1,0,1,0,0
_____________________________________________________
_____________________________________________________
134,5,0.0000,
1,6,1,1,1,1,1,0,0,1,0,1,0,0
0,7,1,0,1,0,0,0,0,1,1,1,0,1
_____________________________________________________
_____________________________________________________
135,0,0.0000,
0,7,1,0,1,0,0,0,0,1,1,1,0,1
1,6,1,1,1,1,1,0,0,1,1,1,0,1
_____________________________________________________
_____________________________________________________
136,5,0.0000,
1,6,1,1,1,1,1,0,0,1,1,1,0,1
0,7,1,0,1,0,0,0,0,1,1,1,0,1
_____________________________________________________
_____________________________________________________
137,0,0.0000,
0,7,1,0,1,0,0,0,0,1,1,1,0,1
0,7,1,0,1,0,0,0,0,1,1,1,0,1
_____________________________________________________
_____________________________________________________
138,0,0.0000,
0,7,1,0,1,0,0,0,0,1,1,1,0,1
1,6,1,0,1,0,0,0,0,1,1,1,0,1
_____________________________________________________
_____________________________________________________
139,12,0.0000,
1,6,1,0,1,0,0,0,0,1,1,1,0,1
0,6,0,0,0,0,0,0,0,0,0,0,0,0
_____________________________________________________
