_____________________________________________________
0,11,0.0000,
2,5,1,1,1,1,1,1,1,1,1,1,1,1
1,5,0,1,1,1,1,0,1,1,1,1,0,1
_____________________________________________________
_____________________________________________________
1,5,0.0000,
1,5,0,1,1,1,1,0,1,1,1,1,0,1
1,6,0,1,1,1,0,0,1,1,1,1,0,1
_____________________________________________________
_____________________________________________________
2,7,0.0000,
1,6,0,1,1,1,0,0,1,1,1,1,0,1
0,7,0,1,0,0,0,0,0,1,1,1,0,1
_____________________________________________________
_____________________________________________________
3,0,0.0000,
0,7,0,1,0,0,0,0,0,1,1,1,0,1
1,6,0,1,0,0,0,0,0,1,1,1,0,1
_____________________________________________________
_____________________________________________________
4,2,0.0000,
1,6,0,1,0,0,0,0,0,1,1,1,0,1
1,6,0,0,0,0,0,0,0,1,1,1,0,1
_____________________________________________________
_____________________________________________________
5,12,0.0000,
1,6,0,0,0,0,0,0,0,1,1,1,0,1
1,6,1,1,0,0,0,1,0,0,0,1,1,0
_____________________________________________________
_____________________________________________________
6,11,0.0000,
1,6,1,1,0,0,0,1,0,0,0,1,1,0
1,6,0,1,0,0,0,0,0,0,0,1,0,0
_____________________________________________________
_____________________________________________________
7,2,0.0000,
1,6,0,1,0,0,0,0,0,0,0,1,0,0
1,6,0,0,0,0,0,0,0,0,0,1,0,0
_____________________________________________________
_____________________________________________________
8,10,0.0000,
1,6,0,0,0,0,0,0,0,0,0,1,0,0
0,7,0,0,0,0,0,0,0,0,0,0,0,0
_____________________________________________________
_____________________________________________________
9,0,0.0000,
0,7,0,0,0,0,0,0,0,0,0,0,0,0
1,6,0,0,0,0,0,0,0,0,1,0,1,1
_____________________________________________________
_____________________________________________________
10,11,0.0000,
1,6,0,0,0,0,0,0,0,0,1,0,1,1
1,6,0,1,0,0,0,0,0,1,1,0,0,1
_____________________________________________________
_____________________________________________________
11,2,0.0000,
1,6,0,1,0,0,0,0,0,1,1,0,0,1
1,6,0,0,0,0,0,1,0,1,1,0,1,1
_____________________________________________________
_____________________________________________________
12,11,0.0000,
1,6,0,0,0,0,0,1,0,1,1,0,1,1
1,6,0,0,0,0,0,0,0,1,1,0,0,1
_____________________________________________________
_____________________________________________________
13,12,0.0000,
1,6,0,0,0,0,0,0,0,1,1,0,0,1
0,7,0,0,0,0,1,0,0,0,0,1,1,0
_____________________________________________________
_____________________________________________________
14,0,0.0000,
0,7,0,0,0,0,1,0,0,0,0,1,1,0
1,6,0,0,0,0,1,0,0,0,0,1,1,0
_____________________________________________________
_____________________________________________________
15,11,0.0000,
1,6,0,0,0,0,1,0,0,0,0,1,1,0
1,6,0,0,0,0,0,0,0,0,0,1,0,0
_____________________________________________________
_____________________________________________________
16,0,0.0000,
1,6,0,0,0,0,0,0,0,0,0,1,0,0
2,5,0,0,0,0,0,0,0,0,0,1,0,0
_____________________________________________________
_____________________________________________________
17,10,0.0000,
2,5,0,0,0,0,0,0,0,0,0,1,0,0
1,5,0,1,0,0,0,0,0,0,0,0,0,0
_____________________________________________________
_____________________________________________________
18,2,0.0000,
1,5,0,1,0,0,0,0,0,0,0,0,0,0
0,7,0,0,0,0,0,0,0,0,0,0,0,0
_____________________________________________________
_____________________________________________________
19,0,0.0000,
0,7,0,0,0,0,0,0,0,0,0,0,0,0
1,6,0,0,0,0,0,0,0,0,0,0,0,1
_____________________________________________________
_____________________________________________________
20,12,0.0000,
1,6,0,0,0,0,0,0,0,0,0,0,0,1
1,6,0,0,0,1,0,0,0,0,0,0,0,0
_____________________________________________________
_____________________________________________________
21,0,0.0000,
1,6,0,0,0,1,0,0,0,0,0,0,0,0
1,5,0,0,0,1,0,1,0,0,1,0,0,0
_____________________________________________________
_____________________________________________________
22,6,0.0000,
1,5,0,0,0,1,0,1,0,0,1,0,0,0
0,7,0,1,0,1,1,0,0,0,0,1,1,0
_____________________________________________________
_____________________________________________________
23,0,0.0000,
0,7,0,1,0,1,1,0,0,0,0,1,1,0
1,6,0,1,0,1,1,0,0,0,0,1,1,0
_____________________________________________________
_____________________________________________________
24,11,0.0000,
1,6,0,1,0,1,1,0,0,0,0,1,1,0
1,6,0,1,0,1,0,0,0,0,0,1,0,0
_____________________________________________________
_____________________________________________________
25,2,0.0000,
1,6,0,1,0,1,0,0,0,0,0,1,0,0
1,6,0,0,0,1,0,0,0,0,0,1,0,0
_____________________________________________________
_____________________________________________________
26,10,0.0000,
1,6,0,0,0,1,0,0,0,0,0,1,0,0
1,6,0,0,0,1,0,0,1,0,0,0,0,0
_____________________________________________________
_____________________________________________________
27,7,0.0000,
1,6,0,0,0,1,0,0,1,0,0,0,0,0
0,7,0,1,0,0,1,0,1,1,0,1,0,1
_____________________________________________________
_____________________________________________________
28,0,0.0000,
0,7,0,1,0,0,1,0,1,1,0,1,0,1
0,7,0,1,1,0,1,0,1,1,0,1,1,1
_____________________________________________________
_____________________________________________________
29,0,0.0000,
0,7,0,1,1,0,1,0,1,1,0,1,1,1
1,6,1,1,1,0,1,0,1,1,0,1,1,1
_____________________________________________________
_____________________________________________________
30,11,0.0000,
1,6,1,1,1,0,1,0,1,1,0,1,1,1
1,6,0,1,0,0,1,1,1,1,0,1,0,1
_____________________________________________________
_____________________________________________________
31,5,0.0000,
1,6,0,1,0,0,1,1,1,1,0,1,0,1
0,7,0,1,0,0,0,1,1,1,0,1,0,1
_____________________________________________________
_____________________________________________________
32,0,0.0000,
0,7,0,1,0,0,0,1,1,1,0,1,0,1
1,6,0,1,0,0,0,1,1,1,0,1,0,1
_____________________________________________________
_____________________________________________________
33,7,0.0000,
1,6,0,1,0,0,0,1,1,1,0,1,0,1
0,7,0,1,0,0,0,1,0,1,0,0,0,1
_____________________________________________________
_____________________________________________________
34,0,0.0000,
0,7,0,1,0,0,0,1,0,1,0,0,0,1
0,7,0,1,0,0,0,1,0,1,0,0,0,1
_____________________________________________________
_____________________________________________________
35,0,0.0000,
0,7,0,1,0,0,0,1,0,1,0,0,0,1
1,6,0,1,0,0,0,1,0,1,0,0,0,1
_____________________________________________________
_____________________________________________________
36,6,0.0000,
1,6,0,1,0,0,0,1,0,1,0,0,0,1
0,7,0,1,0,0,0,0,0,1,0,0,0,1
_____________________________________________________
_____________________________________________________
37,0,0.0000,
0,7,0,1,0,0,0,0,0,1,0,0,0,1
0,7,0,1,0,0,0,0,0,1,0,0,0,1
_____________________________________________________
_____________________________________________________
38,0,0.0000,
0,7,0,1,0,0,0,0,0,1,0,0,0,1
0,7,0,1,0,0,0,0,0,1,0,0,0,1
_____________________________________________________
_____________________________________________________
39,0,0.0000,
0,7,0,1,0,0,0,0,0,1,0,0,0,1
1,6,0,1,0,0,0,0,0,1,0,0,0,1
_____________________________________________________
_____________________________________________________
40,12,0.0000,
1,6,0,1,0,0,0,0,0,1,0,0,0,1
0,7,0,1,0,1,0,0,0,1,0,0,0,0
_____________________________________________________
_____________________________________________________
41,0,0.0000,
0,7,0,1,0,1,0,0,0,1,0,0,0,0
0,7,1,0,0,0,0,0,1,0,1,1,1,0
_____________________________________________________
_____________________________________________________
42,0,0.0000,
0,7,1,0,0,0,0,0,1,0,1,1,1,0
0,7,1,1,0,1,0,1,1,0,1,1,1,1
_____________________________________________________
_____________________________________________________
43,0,0.0000,
0,7,1,1,0,1,0,1,1,0,1,1,1,1
0,7,1,1,0,1,0,1,1,0,1,1,1,1
_____________________________________________________
_____________________________________________________
44,0,0.0000,
0,7,1,1,0,1,0,1,1,0,1,1,1,1
1,6,1,1,0,1,0,1,1,1,1,1,1,1
_____________________________________________________
_____________________________________________________
45,2,0.0000,
1,6,1,1,0,1,0,1,1,1,1,1,1,1
1,6,1,0,0,0,1,1,1,1,1,1,1,1
_____________________________________________________
_____________________________________________________
46,5,0.0000,
1,6,1,0,0,0,1,1,1,1,1,1,1,1
1,6,1,0,0,0,0,1,1,1,1,1,1,1
_____________________________________________________
_____________________________________________________
47,11,0.0000,
1,6,1,0,0,0,0,1,1,1,1,1,1,1
0,7,1,1,1,1,0,1,1,1,1,1,0,1
_____________________________________________________
_____________________________________________________
48,0,0.0000,
0,7,1,1,1,1,0,1,1,1,1,1,0,1
1,6,1,1,1,1,0,1,1,1,1,1,0,1
_____________________________________________________
_____________________________________________________
49,2,0.0000,
1,6,1,1,1,1,0,1,1,1,1,1,0,1
1,6,1,0,1,0,0,1,1,1,1,1,0,1
_____________________________________________________
_____________________________________________________
50,7,0.0000,
1,6,1,0,1,0,0,1,1,1,1,1,0,1
0,7,1,0,1,0,0,0,0,1,0,0,0,1
_____________________________________________________
_____________________________________________________
51,0,0.0000,
0,7,1,0,1,0,0,0,0,1,0,0,0,1
1,6,1,1,1,1,0,0,0,1,0,0,0,1
_____________________________________________________
_____________________________________________________
52,12,0.0000,
1,6,1,1,1,1,0,0,0,1,0,0,0,1
1,6,1,1,1,1,0,0,0,1,0,0,0,0
_____________________________________________________
_____________________________________________________
53,2,0.0000,
1,6,1,1,1,1,0,0,0,1,0,0,0,0
1,6,1,0,1,0,0,0,0,1,0,0,0,0
_____________________________________________________
_____________________________________________________
54,8,0.0000,
1,6,1,0,1,0,0,0,0,1,0,0,0,0
0,7,1,0,1,0,1,0,0,0,0,0,0,0
_____________________________________________________
_____________________________________________________
55,0,0.0000,
0,7,1,0,1,0,1,0,0,0,0,0,0,0
0,7,1,1,0,0,0,1,1,1,0,0,1,1
_____________________________________________________
_____________________________________________________
56,0,0.0000,
0,7,1,1,0,0,0,1,1,1,0,0,1,1
1,6,1,1,0,1,1,1,1,1,1,1,1,1
_____________________________________________________
_____________________________________________________
57,2,0.0000,
1,6,1,1,0,1,1,1,1,1,1,1,1,1
1,6,1,1,0,1,1,1,1,1,1,1,1,1
_____________________________________________________
_____________________________________________________
58,5,0.0000,
1,6,1,1,0,1,1,1,1,1,1,1,1,1
1,6,1,1,0,1,1,1,1,1,1,1,1,1
_____________________________________________________
_____________________________________________________
59,11,0.0000,
1,6,1,1,0,1,1,1,1,1,1,1,1,1
1,6,1,1,0,0,0,1,1,1,1,1,1,1
_____________________________________________________
_____________________________________________________
60,11,0.0000,
1,6,1,1,0,0,0,1,1,1,1,1,1,1
1,6,1,1,0,0,0,1,1,1,1,0,0,1
_____________________________________________________
_____________________________________________________
61,7,0.0000,
1,6,1,1,0,0,0,1,1,1,1,0,0,1
1,6,1,0,0,0,0,1,1,1,1,0,0,1
_____________________________________________________
_____________________________________________________
62,7,0.0000,
1,6,1,0,0,0,0,1,1,1,1,0,0,1
0,7,1,0,1,0,0,0,0,0,1,0,0,1
_____________________________________________________
_____________________________________________________
63,0,0.0000,
0,7,1,0,1,0,0,0,0,0,1,0,0,1
1,6,1,0,1,0,0,0,0,0,1,0,0,1
_____________________________________________________
_____________________________________________________
64,12,0.0000,
1,6,1,0,1,0,0,0,0,0,1,0,0,1
0,7,1,0,1,0,1,0,0,0,1,1,1,0
_____________________________________________________
_____________________________________________________
65,0,0.0000,
0,7,1,0,1,0,1,0,0,0,1,1,1,0
1,6,1,1,1,1,1,1,1,1,1,1,1,0
_____________________________________________________
_____________________________________________________
66,5,0.0000,
1,6,1,1,1,1,1,1,1,1,1,1,1,0
1,6,1,1,1,0,0,1,1,1,1,0,0,0
_____________________________________________________
_____________________________________________________
67,7,0.0000,
1,6,1,1,1,0,0,1,1,1,1,0,0,0
0,7,1,0,1,0,0,0,0,0,1,0,0,1
_____________________________________________________
_____________________________________________________
68,0,0.0000,
0,7,1,0,1,0,0,0,0,0,1,0,0,1
1,6,1,0,1,0,0,0,0,0,1,0,1,1
_____________________________________________________
_____________________________________________________
69,11,0.0000,
1,6,1,0,1,0,0,0,0,0,1,0,1,1
0,7,1,0,1,1,0,0,0,0,1,1,0,0
_____________________________________________________
_____________________________________________________
70,0,0.0000,
0,7,1,0,1,1,0,0,0,0,1,1,0,0
0,7,1,1,1,1,0,1,0,1,1,1,1,0
_____________________________________________________
_____________________________________________________
71,0,0.0000,
0,7,1,1,1,1,0,1,0,1,1,1,1,0
0,7,1,1,1,1,0,1,0,1,1,1,1,0
_____________________________________________________
_____________________________________________________
72,0,0.0000,
0,7,1,1,1,1,0,1,0,1,1,1,1,0
0,7,1,1,1,1,0,1,0,1,1,1,1,0
_____________________________________________________
_____________________________________________________
73,0,0.0000,
0,7,1,1,1,1,0,1,0,1,1,1,1,0
1,6,1,1,1,1,0,1,0,1,1,1,1,1
_____________________________________________________
_____________________________________________________
74,11,0.0000,
1,6,1,1,1,1,0,1,0,1,1,1,1,1
1,6,1,0,1,1,1,0,0,0,1,1,0,1
_____________________________________________________
_____________________________________________________
75,5,0.0000,
1,6,1,0,1,1,1,0,0,0,1,1,0,1
1,6,1,0,1,1,0,0,0,0,1,1,0,0
_____________________________________________________
_____________________________________________________
76,9,0.0000,
1,6,1,0,1,1,0,0,0,0,1,1,0,0
0,7,1,0,1,1,0,0,0,0,0,1,0,1
_____________________________________________________
_____________________________________________________
77,0,0.0000,
0,7,1,0,1,1,0,0,0,0,0,1,0,1
0,7,1,1,1,1,1,1,0,1,1,1,1,1
_____________________________________________________
_____________________________________________________
78,0,0.0000,
0,7,1,1,1,1,1,1,0,1,1,1,1,1
0,7,1,1,1,1,1,1,0,1,1,1,1,1
_____________________________________________________
_____________________________________________________
79,0,0.0000,
0,7,1,1,1,1,1,1,0,1,1,1,1,1
1,6,1,1,1,1,1,1,0,1,1,1,1,1
_____________________________________________________
_____________________________________________________
80,11,0.0000,
1,6,1,1,1,1,1,1,0,1,1,1,1,1
0,7,1,0,1,1,1,0,1,0,1,1,0,1
_____________________________________________________
_____________________________________________________
81,0,0.0000,
0,7,1,0,1,1,1,0,1,0,1,1,0,1
1,6,1,0,1,1,1,0,1,1,1,1,1,1
_____________________________________________________
_____________________________________________________
82,11,0.0000,
1,6,1,0,1,1,1,0,1,1,1,1,1,1
0,7,1,0,1,1,1,0,1,0,1,1,0,1
_____________________________________________________
_____________________________________________________
83,0,0.0000,
0,7,1,0,1,1,1,0,1,0,1,1,0,1
1,6,1,1,1,1,1,1,1,1,1,1,1,1
_____________________________________________________
_____________________________________________________
84,2,0.0000,
1,6,1,1,1,1,1,1,1,1,1,1,1,1
0,7,1,0,1,1,1,1,1,1,1,1,1,1
_____________________________________________________
_____________________________________________________
85,0,0.0000,
0,7,1,0,1,1,1,1,1,1,1,1,1,1
0,7,1,0,1,1,1,1,1,1,1,1,1,1
_____________________________________________________
_____________________________________________________
86,0,0.0000,
0,7,1,0,1,1,1,1,1,1,1,1,1,1
1,6,1,0,1,1,1,1,1,1,1,1,1,1
_____________________________________________________
_____________________________________________________
87,11,0.0000,
1,6,1,0,1,1,1,1,1,1,1,1,1,1
1,6,1,0,1,0,1,1,0,0,1,1,0,1
_____________________________________________________
_____________________________________________________
88,5,0.0000,
1,6,1,0,1,0,1,1,0,0,1,1,0,1
1,6,1,0,1,0,0,1,0,0,0,1,0,1
_____________________________________________________
_____________________________________________________
89,6,0.0000,
1,6,1,0,1,0,0,1,0,0,0,1,0,1
0,7,1,0,1,0,1,1,0,0,1,1,0,1
_____________________________________________________
_____________________________________________________
90,0,0.0000,
0,7,1,0,1,0,1,1,0,0,1,1,0,1
1,6,1,0,1,0,1,1,0,0,1,1,0,1
_____________________________________________________
_____________________________________________________
91,5,0.0000,
1,6,1,0,1,0,1,1,0,0,1,1,0,1
1,6,1,0,1,0,0,1,0,0,0,1,0,0
_____________________________________________________
_____________________________________________________
92,6,0.0000,
1,6,1,0,1,0,0,1,0,0,0,1,0,0
1,6,1,0,0,0,0,0,0,0,0,1,0,0
_____________________________________________________
_____________________________________________________
93,1,0.0000,
1,6,1,0,0,0,0,0,0,0,0,1,0,0
1,6,0,0,1,0,0,1,0,0,0,1,0,0
_____________________________________________________
_____________________________________________________
94,6,0.0000,
1,6,0,0,1,0,0,1,0,0,0,1,0,0
1,6,0,0,0,0,0,0,0,0,0,0,0,1
_____________________________________________________
_____________________________________________________
95,12,0.0000,
1,6,0,0,0,0,0,0,0,0,0,0,0,1
0,7,0,0,1,0,0,1,0,0,0,1,0,0
_____________________________________________________
_____________________________________________________
96,0,0.0000,
0,7,0,0,1,0,0,1,0,0,0,1,0,0
1,6,0,0,1,0,0,1,0,0,0,1,0,0
_____________________________________________________
_____________________________________________________
97,6,0.0000,
1,6,0,0,1,0,0,1,0,0,0,1,0,0
0,7,0,1,1,0,1,1,0,0,1,0,0,0
_____________________________________________________
_____________________________________________________
98,0,0.0000,
0,7,0,1,1,0,1,1,0,0,1,0,0,0
0,7,0,1,1,0,1,1,0,0,1,0,0,0
_____________________________________________________
_____________________________________________________
99,0,0.0000,
0,7,0,1,1,0,1,1,0,0,1,0,0,0
1,6,0,1,1,0,1,1,1,0,1,1,0,0
_____________________________________________________
_____________________________________________________
100,5,0.0000,
1,6,0,1,1,0,1,1,1,0,1,1,0,0
0,7,1,0,1,0,1,1,1,0,1,1,1,0
_____________________________________________________
_____________________________________________________
101,0,0.0000,
0,7,1,0,1,0,1,1,1,0,1,1,1,0
1,6,1,1,1,0,1,1,1,0,1,1,1,0
_____________________________________________________
_____________________________________________________
102,5,0.0000,
1,6,1,1,1,0,1,1,1,0,1,1,1,0
0,7,1,0,1,0,1,1,1,0,1,1,1,0
_____________________________________________________
_____________________________________________________
103,0,0.0000,
0,7,1,0,1,0,1,1,1,0,1,1,1,0
0,7,1,1,1,0,1,1,1,0,1,1,1,0
_____________________________________________________
_____________________________________________________
104,0,0.0000,
0,7,1,1,1,0,1,1,1,0,1,1,1,0
1,6,1,1,1,0,1,1,1,1,1,1,1,0
_____________________________________________________
_____________________________________________________
105,2,0.0000,
1,6,1,1,1,0,1,1,1,1,1,1,1,0
1,6,1,1,1,1,1,1,1,1,1,1,1,0
_____________________________________________________
_____________________________________________________
106,5,0.0000,
1,6,1,1,1,1,1,1,1,1,1,1,1,0
1,6,1,0,0,1,1,1,1,1,1,1,1,0
_____________________________________________________
_____________________________________________________
107,11,0.0000,
1,6,1,0,0,1,1,1,1,1,1,1,1,0
1,6,0,1,1,1,1,1,1,1,1,1,0,0
_____________________________________________________
_____________________________________________________
108,5,0.0000,
1,6,0,1,1,1,1,1,1,1,1,1,0,0
1,6,0,0,0,1,1,1,1,1,1,1,0,0
_____________________________________________________
_____________________________________________________
109,5,0.0000,
1,6,0,0,0,1,1,1,1,1,1,1,0,0
0,7,1,0,0,1,0,1,1,1,0,1,1,1
_____________________________________________________
_____________________________________________________
110,0,0.0000,
0,7,1,0,0,1,0,1,1,1,0,1,1,1
0,7,1,1,1,1,1,1,1,1,1,1,1,1
_____________________________________________________
_____________________________________________________
111,0,0.0000,
0,7,1,1,1,1,1,1,1,1,1,1,1,1
1,6,0,1,1,1,1,1,1,1,0,0,1,1
_____________________________________________________
_____________________________________________________
112,11,0.0000,
1,6,0,1,1,1,1,1,1,1,0,0,1,1
1,6,0,1,0,1,1,1,1,1,0,0,0,1
_____________________________________________________
_____________________________________________________
113,5,0.0000,
1,6,0,1,0,1,1,1,1,1,0,0,0,1
0,7,0,1,0,1,0,0,1,1,1,1,0,1
_____________________________________________________
_____________________________________________________
114,0,0.0000,
0,7,0,1,0,1,0,0,1,1,1,1,0,1
1,6,1,1,0,1,0,0,1,1,1,1,0,1
_____________________________________________________
_____________________________________________________
115,7,0.0000,
1,6,1,1,0,1,0,0,1,1,1,1,0,1
1,6,1,0,0,0,0,0,0,1,1,1,0,1
_____________________________________________________
_____________________________________________________
116,12,0.0000,
1,6,1,0,0,0,0,0,0,1,1,1,0,1
1,6,1,0,0,0,0,1,0,1,1,1,0,0
_____________________________________________________
_____________________________________________________
117,6,0.0000,
1,6,1,0,0,0,0,1,0,1,1,1,0,0
1,6,1,0,0,0,0,0,0,1,1,1,0,0
_____________________________________________________
_____________________________________________________
118,9,0.0000,
1,6,1,0,0,0,0,0,0,1,1,1,0,0
0,7,0,0,0,0,0,0,0,1,0,1,0,0
_____________________________________________________
_____________________________________________________
119,0,0.0000,
0,7,0,0,0,0,0,0,0,1,0,1,0,0
0,7,1,0,0,0,0,0,0,1,1,1,0,0
_____________________________________________________
_____________________________________________________
120,0,0.0000,
0,7,1,0,0,0,0,0,0,1,1,1,0,0
0,7,1,0,0,0,0,0,0,1,1,1,0,0
_____________________________________________________
_____________________________________________________
121,0,0.0000,
0,7,1,0,0,0,0,0,0,1,1,1,0,0
1,6,1,1,0,1,0,0,1,1,1,1,0,0
_____________________________________________________
_____________________________________________________
122,7,0.0000,
1,6,1,1,0,1,0,0,1,1,1,1,0,0
1,6,1,0,0,0,0,0,0,1,1,1,0,0
_____________________________________________________
_____________________________________________________
123,9,0.0000,
1,6,1,0,0,0,0,0,0,1,1,1,0,0
1,6,0,0,0,0,0,0,0,1,0,0,0,0
_____________________________________________________
_____________________________________________________
124,8,0.0000,
1,6,0,0,0,0,0,0,0,1,0,0,0,0
1,6,0,0,0,1,1,1,1,0,0,0,0,0
_____________________________________________________
_____________________________________________________
125,5,0.0000,
1,6,0,0,0,1,1,1,1,0,0,0,0,0
0,7,1,0,1,1,0,0,1,1,0,1,0,0
_____________________________________________________
_____________________________________________________
126,0,0.0000,
0,7,1,0,1,1,0,0,1,1,0,1,0,0
0,7,1,0,1,1,0,0,1,1,0,1,0,0
_____________________________________________________
_____________________________________________________
127,0,0.0000,
0,7,1,0,1,1,0,0,1,1,0,1,0,0
0,7,1,0,1,1,0,0,1,1,0,1,0,0
_____________________________________________________
_____________________________________________________
128,0,0.0000,
0,7,1,0,1,1,0,0,1,1,0,1,0,0
1,6,1,0,1,1,0,0,1,1,0,1,0,0
_____________________________________________________
_____________________________________________________
129,7,0.0000,
1,6,1,0,1,1,0,0,1,1,0,1,0,0
0,7,1,0,1,1,0,1,0,1,1,1,0,0
_____________________________________________________
_____________________________________________________
130,0,0.0000,
0,7,1,0,1,1,0,1,0,1,1,1,0,0
1,6,1,0,1,1,0,1,1,1,1,1,0,0
_____________________________________________________
_____________________________________________________
131,7,0.0000,
1,6,1,0,1,1,0,1,1,1,1,1,0,0
1,6,1,0,1,1,0,1,0,1,1,1,0,0
_____________________________________________________
_____________________________________________________
132,6,0.0000,
1,6,1,0,1,1,0,1,0,1,1,1,0,0
0,7,1,1,1,1,1,0,0,1,0,1,1,0
_____________________________________________________
_____________________________________________________
133,0,0.0000,
0,7,1,1,1,1,1,0,0,1,0,1,1,0
0,7,1,1,1,1,1,0,0,1,0,1,1,0
_____________________________________________________
_____________________________________________________
134,0,0.0000,
0,7,1,1,1,1,1,0,0,1,0,1,1,0
1,6,1,1,1,1,1,0,0,1,0,1,1,0
_____________________________________________________
_____________________________________________________
135,11,0.0000,
1,6,1,1,1,1,1,0,0,1,0,1,1,0
1,6,1,0,1,1,0,1,0,1,1,1,0,0
_____________________________________________________
_____________________________________________________
136,9,0.0000,
1,6,1,0,1,1,0,1,0,1,1,1,0,0
1,6,1,0,1,1,0,0,0,1,0,1,0,0
_____________________________________________________
_____________________________________________________
137,10,0.0000,
1,6,1,0,1,1,0,0,0,1,0,1,0,0
1,6,1,0,1,1,0,0,0,1,0,0,0,0
_____________________________________________________
_____________________________________________________
138,8,0.0000,
1,6,1,0,1,1,0,0,0,1,0,0,0,0
0,7,1,0,1,0,0,0,0,0,0,0,0,0
_____________________________________________________
_____________________________________________________
139,0,0.0000,
0,7,1,0,1,0,0,0,0,0,0,0,0,0
0,7,0,0,0,0,0,0,0,0,0,0,0,0
_____________________________________________________
