_____________________________________________________
0,11,0.0000,
3,4,1,1,1,1,1,1,1,1,1,1,1,1
2,4,1,1,1,1,1,1,1,1,0,1,0,1
_____________________________________________________
_____________________________________________________
1,5,0.0000,
2,4,1,1,1,1,1,1,1,1,0,1,0,1
2,4,1,1,1,1,0,1,1,1,0,1,0,1
_____________________________________________________
_____________________________________________________
2,7,0.0000,
2,4,1,1,1,1,0,1,1,1,0,1,0,1
1,5,1,0,1,1,0,1,0,1,0,1,0,1
_____________________________________________________
_____________________________________________________
3,6,0.0000,
1,5,1,0,1,1,0,1,0,1,0,1,0,1
1,6,1,0,1,1,0,0,0,1,0,1,0,0
_____________________________________________________
_____________________________________________________
4,10,0.0000,
1,6,1,0,1,1,0,0,0,1,0,1,0,0
1,6,1,0,1,1,1,0,0,1,0,0,0,1
_____________________________________________________
_____________________________________________________
5,5,0.0000,
1,6,1,0,1,1,1,0,0,1,0,0,0,1
1,6,1,0,1,1,0,1,0,1,0,0,0,1
_____________________________________________________
_____________________________________________________
6,6,0.0000,
1,6,1,0,1,1,0,1,0,1,0,0,0,1
1,6,1,0,1,1,0,0,0,1,0,0,0,0
_____________________________________________________
_____________________________________________________
7,8,0.0000,
1,6,1,0,1,1,0,0,0,1,0,0,0,0
1,6,1,1,1,1,0,1,1,0,0,0,0,1
_____________________________________________________
_____________________________________________________
8,7,0.0000,
1,6,1,1,1,1,0,1,1,0,0,0,0,1
1,6,1,0,1,1,0,1,0,0,0,0,0,1
_____________________________________________________
_____________________________________________________
9,6,0.0000,
1,6,1,0,1,1,0,1,0,0,0,0,0,1
0,7,1,0,1,1,0,0,0,0,0,0,0,0
_____________________________________________________
_____________________________________________________
10,0,0.0000,
0,7,1,0,1,1,0,0,0,0,0,0,0,0
0,7,1,0,1,1,0,1,0,0,0,0,0,1
_____________________________________________________
_____________________________________________________
11,0,0.0000,
0,7,1,0,1,1,0,1,0,0,0,0,0,1
0,7,1,0,1,1,0,1,0,0,0,0,0,1
_____________________________________________________
_____________________________________________________
12,0,0.0000,
0,7,1,0,1,1,0,1,0,0,0,0,0,1
0,7,1,0,1,1,0,1,0,0,0,0,0,1
_____________________________________________________
_____________________________________________________
13,0,0.0000,
0,7,1,0,1,1,0,1,0,0,0,0,0,1
0,7,0,0,1,1,1,1,1,0,1,1,1,1
_____________________________________________________
_____________________________________________________
14,0,0.0000,
0,7,0,0,1,1,1,1,1,0,1,1,1,1
1,6,1,0,1,1,1,1,1,0,1,1,1,1
_____________________________________________________
_____________________________________________________
15,11,0.0000,
1,6,1,0,1,1,1,1,1,0,1,1,1,1
0,7,1,0,1,0,1,1,1,0,1,1,1,1
_____________________________________________________
_____________________________________________________
16,0,0.0000,
0,7,1,0,1,0,1,1,1,0,1,1,1,1
0,7,1,0,1,1,1,1,1,0,1,1,1,1
_____________________________________________________
_____________________________________________________
17,0,0.0000,
0,7,1,0,1,1,1,1,1,0,1,1,1,1
0,7,1,1,1,1,1,1,1,0,1,1,1,1
_____________________________________________________
_____________________________________________________
18,0,0.0000,
0,7,1,1,1,1,1,1,1,0,1,1,1,1
0,7,1,1,1,1,1,1,1,0,1,1,1,1
_____________________________________________________
_____________________________________________________
19,0,0.0000,
0,7,1,1,1,1,1,1,1,0,1,1,1,1
0,7,1,1,1,1,1,1,1,0,1,1,1,1
_____________________________________________________
_____________________________________________________
20,0,0.0000,
0,7,1,1,1,1,1,1,1,0,1,1,1,1
1,6,1,1,1,1,1,1,1,0,1,1,1,1
_____________________________________________________
_____________________________________________________
21,11,0.0000,
1,6,1,1,1,1,1,1,1,0,1,1,1,1
0,7,1,1,1,1,1,1,1,0,1,1,1,1
_____________________________________________________
_____________________________________________________
22,0,0.0000,
0,7,1,1,1,1,1,1,1,0,1,1,1,1
0,7,1,1,1,1,1,1,1,0,1,1,1,1
_____________________________________________________
_____________________________________________________
23,0,0.0000,
0,7,1,1,1,1,1,1,1,0,1,1,1,1
0,7,1,1,1,1,1,1,1,0,1,1,1,1
_____________________________________________________
_____________________________________________________
24,0,0.0000,
0,7,1,1,1,1,1,1,1,0,1,1,1,1
1,6,1,1,1,1,1,1,1,0,1,1,1,1
_____________________________________________________
_____________________________________________________
25,5,0.0000,
1,6,1,1,1,1,1,1,1,0,1,1,1,1
0,7,1,1,1,1,0,0,1,0,1,1,1,0
_____________________________________________________
_____________________________________________________
26,0,0.0000,
0,7,1,1,1,1,0,0,1,0,1,1,1,0
1,6,1,1,1,1,0,0,1,0,1,1,1,0
_____________________________________________________
_____________________________________________________
27,11,0.0000,
1,6,1,1,1,1,0,0,1,0,1,1,1,0
1,6,1,1,0,1,0,0,0,1,1,0,1,1
_____________________________________________________
_____________________________________________________
28,11,0.0000,
1,6,1,1,0,1,0,0,0,1,1,0,1,1
1,6,1,1,0,1,0,1,1,0,1,0,0,1
_____________________________________________________
_____________________________________________________
29,7,0.0000,
1,6,1,1,0,1,0,1,1,0,1,0,0,1
0,7,1,1,0,1,0,1,1,0,1,0,0,1
_____________________________________________________
_____________________________________________________
30,0,0.0000,
0,7,1,1,0,1,0,1,1,0,1,0,0,1
1,6,1,1,0,1,0,1,1,0,1,0,0,1
_____________________________________________________
_____________________________________________________
31,7,0.0000,
1,6,1,1,0,1,0,1,1,0,1,0,0,1
1,6,1,1,0,1,0,1,1,0,1,0,0,1
_____________________________________________________
_____________________________________________________
32,7,0.0000,
1,6,1,1,0,1,0,1,1,0,1,0,0,1
1,6,1,1,0,1,0,0,1,0,1,0,0,1
_____________________________________________________
_____________________________________________________
33,7,0.0000,
1,6,1,1,0,1,0,0,1,0,1,0,0,1
1,6,1,1,0,1,0,0,0,0,1,0,0,0
_____________________________________________________
_____________________________________________________
34,9,0.0000,
1,6,1,1,0,1,0,0,0,0,1,0,0,0
0,7,1,1,0,0,0,0,1,0,0,0,0,1
_____________________________________________________
_____________________________________________________
35,0,0.0000,
0,7,1,1,0,0,0,0,1,0,0,0,0,1
1,6,1,1,0,0,0,1,1,0,0,0,0,1
_____________________________________________________
_____________________________________________________
36,7,0.0000,
1,6,1,1,0,0,0,1,1,0,0,0,0,1
1,6,1,1,0,0,0,0,1,0,0,0,0,1
_____________________________________________________
_____________________________________________________
37,7,0.0000,
1,6,1,1,0,0,0,0,1,0,0,0,0,1
1,6,1,1,0,0,0,0,0,0,0,0,0,0
_____________________________________________________
_____________________________________________________
38,2,0.0000,
1,6,1,1,0,0,0,0,0,0,0,0,0,0
0,7,1,0,0,0,0,0,0,0,0,0,0,1
_____________________________________________________
_____________________________________________________
39,0,0.0000,
0,7,1,0,0,0,0,0,0,0,0,0,0,1
1,6,1,0,0,0,0,1,1,0,0,0,0,1
_____________________________________________________
_____________________________________________________
40,7,0.0000,
1,6,1,0,0,0,0,1,1,0,0,0,0,1
0,7,1,0,0,0,0,0,0,0,0,0,0,1
_____________________________________________________
_____________________________________________________
41,0,0.0000,
0,7,1,0,0,0,0,0,0,0,0,0,0,1
0,7,0,0,1,0,0,1,0,0,0,0,0,0
_____________________________________________________
_____________________________________________________
42,0,0.0000,
0,7,0,0,1,0,0,1,0,0,0,0,0,0
0,7,0,0,1,1,0,1,0,1,0,1,0,0
_____________________________________________________
_____________________________________________________
43,0,0.0000,
0,7,0,0,1,1,0,1,0,1,0,1,0,0
0,7,0,1,1,1,0,1,0,1,0,1,1,0
_____________________________________________________
_____________________________________________________
44,0,0.0000,
0,7,0,1,1,1,0,1,0,1,0,1,1,0
0,7,0,1,1,1,1,1,0,1,0,1,1,0
_____________________________________________________
_____________________________________________________
45,0,0.0000,
0,7,0,1,1,1,1,1,0,1,0,1,1,0
1,6,0,1,1,1,1,1,0,1,0,1,1,0
_____________________________________________________
_____________________________________________________
46,11,0.0000,
1,6,0,1,1,1,1,1,0,1,0,1,1,0
1,6,0,1,1,1,0,1,0,1,0,1,0,1
_____________________________________________________
_____________________________________________________
47,6,0.0000,
1,6,0,1,1,1,0,1,0,1,0,1,0,1
1,6,0,1,1,1,0,0,0,1,0,1,0,1
_____________________________________________________
_____________________________________________________
48,2,0.0000,
1,6,0,1,1,1,0,0,0,1,0,1,0,1
1,6,0,0,1,0,0,1,0,0,0,0,0,1
_____________________________________________________
_____________________________________________________
49,6,0.0000,
1,6,0,0,1,0,0,1,0,0,0,0,0,1
1,6,0,0,1,0,0,0,0,0,0,0,0,1
_____________________________________________________
_____________________________________________________
50,12,0.0000,
1,6,0,0,1,0,0,0,0,0,0,0,0,1
0,7,0,0,1,0,0,0,0,0,0,0,0,0
_____________________________________________________
_____________________________________________________
51,0,0.0000,
0,7,0,0,1,0,0,0,0,0,0,0,0,0
0,7,0,0,1,0,0,0,0,0,0,0,0,0
_____________________________________________________
_____________________________________________________
52,0,0.0000,
0,7,0,0,1,0,0,0,0,0,0,0,0,0
0,7,0,0,1,0,0,1,0,0,0,0,0,0
_____________________________________________________
_____________________________________________________
53,0,0.0000,
0,7,0,0,1,0,0,1,0,0,0,0,0,0
1,6,0,0,1,0,0,1,0,0,0,0,0,0
_____________________________________________________
_____________________________________________________
54,6,0.0000,
1,6,0,0,1,0,0,1,0,0,0,0,0,0
1,6,0,0,1,0,0,0,0,0,0,0,0,0
_____________________________________________________
_____________________________________________________
55,3,0.0000,
1,6,0,0,1,0,0,0,0,0,0,0,0,0
1,6,0,0,0,0,0,1,0,0,0,0,0,0
_____________________________________________________
_____________________________________________________
56,6,0.0000,
1,6,0,0,0,0,0,1,0,0,0,0,0,0
1,6,1,1,1,0,0,1,0,0,0,0,0,0
_____________________________________________________
_____________________________________________________
57,2,0.0000,
1,6,1,1,1,0,0,1,0,0,0,0,0,0
0,7,0,0,0,0,0,1,0,0,0,0,0,0
_____________________________________________________
_____________________________________________________
58,0,0.0000,
0,7,0,0,0,0,0,1,0,0,0,0,0,0
1,6,0,0,0,0,0,1,0,0,0,0,0,0
_____________________________________________________
_____________________________________________________
59,6,0.0000,
1,6,0,0,0,0,0,1,0,0,0,0,0,0
0,7,0,0,1,0,0,0,0,0,0,0,0,0
_____________________________________________________
_____________________________________________________
60,0,0.0000,
0,7,0,0,1,0,0,0,0,0,0,0,0,0
0,7,1,1,1,0,0,0,0,0,0,0,0,0
_____________________________________________________
_____________________________________________________
61,0,0.0000,
0,7,1,1,1,0,0,0,0,0,0,0,0,0
0,7,1,1,1,0,0,0,0,0,0,0,0,0
_____________________________________________________
_____________________________________________________
62,0,0.0000,
0,7,1,1,1,0,0,0,0,0,0,0,0,0
1,6,1,1,1,0,0,0,0,0,1,0,0,0
_____________________________________________________
_____________________________________________________
63,9,0.0000,
1,6,1,1,1,0,0,0,0,0,1,0,0,0
1,6,1,1,1,0,0,0,0,0,0,0,0,0
_____________________________________________________
_____________________________________________________
64,2,0.0000,
1,6,1,1,1,0,0,0,0,0,0,0,0,0
1,6,0,0,0,0,0,0,0,0,0,0,0,0
_____________________________________________________
_____________________________________________________
65,0,0.0000,
1,6,0,0,0,0,0,0,0,0,0,0,0,0
1,5,0,0,0,0,0,1,0,0,0,0,0,0
_____________________________________________________
_____________________________________________________
66,6,0.0000,
1,5,0,0,0,0,0,1,0,0,0,0,0,0
0,7,0,0,0,0,0,0,0,0,0,0,0,0
_____________________________________________________
_____________________________________________________
67,0,0.0000,
0,7,0,0,0,0,0,0,0,0,0,0,0,0
1,6,0,0,0,0,1,0,0,0,0,0,0,0
_____________________________________________________
_____________________________________________________
68,5,0.0000,
1,6,0,0,0,0,1,0,0,0,0,0,0,0
0,7,0,0,0,0,0,0,0,0,0,0,0,0
_____________________________________________________
_____________________________________________________
69,0,0.0000,
0,7,0,0,0,0,0,0,0,0,0,0,0,0
0,7,0,0,0,0,0,0,0,0,0,0,0,0
_____________________________________________________
_____________________________________________________
70,0,0.0000,
0,7,0,0,0,0,0,0,0,0,0,0,0,0
1,6,0,0,0,0,0,0,0,0,0,0,1,0
_____________________________________________________
_____________________________________________________
71,11,0.0000,
1,6,0,0,0,0,0,0,0,0,0,0,1,0
1,6,0,0,0,1,0,1,0,0,0,0,0,0
_____________________________________________________
_____________________________________________________
72,6,0.0000,
1,6,0,0,0,1,0,1,0,0,0,0,0,0
1,6,0,0,0,0,1,1,0,0,0,0,0,1
_____________________________________________________
_____________________________________________________
73,5,0.0000,
1,6,0,0,0,0,1,1,0,0,0,0,0,1
1,6,0,1,0,1,0,1,0,0,0,0,0,1
_____________________________________________________
_____________________________________________________
74,6,0.0000,
1,6,0,1,0,1,0,1,0,0,0,0,0,1
1,6,0,0,0,0,0,1,1,0,0,0,1,1
_____________________________________________________
_____________________________________________________
75,11,0.0000,
1,6,0,0,0,0,0,1,1,0,0,0,1,1
1,6,0,1,0,1,0,1,0,0,0,0,0,1
_____________________________________________________
_____________________________________________________
76,6,0.0000,
1,6,0,1,0,1,0,1,0,0,0,0,0,1
0,7,0,0,0,0,0,0,1,0,0,0,1,1
_____________________________________________________
_____________________________________________________
77,0,0.0000,
0,7,0,0,0,0,0,0,1,0,0,0,1,1
1,6,0,0,0,1,0,1,1,0,0,0,1,1
_____________________________________________________
_____________________________________________________
78,11,0.0000,
1,6,0,0,0,1,0,1,1,0,0,0,1,1
0,7,0,1,0,1,0,1,0,0,0,0,1,1
_____________________________________________________
_____________________________________________________
79,0,0.0000,
0,7,0,1,0,1,0,1,0,0,0,0,1,1
1,6,0,1,0,1,0,1,1,0,0,0,1,1
_____________________________________________________
_____________________________________________________
80,11,0.0000,
1,6,0,1,0,1,0,1,1,0,0,0,1,1
0,7,0,1,0,1,0,1,0,0,0,0,0,1
_____________________________________________________
_____________________________________________________
81,0,0.0000,
0,7,0,1,0,1,0,1,0,0,0,0,0,1
0,7,0,1,0,1,0,1,1,0,0,0,1,1
_____________________________________________________
_____________________________________________________
82,0,0.0000,
0,7,0,1,0,1,0,1,1,0,0,0,1,1
0,7,0,1,0,1,1,1,1,0,0,0,1,1
_____________________________________________________
_____________________________________________________
83,0,0.0000,
0,7,0,1,0,1,1,1,1,0,0,0,1,1
0,7,0,0,0,0,1,1,0,0,0,0,0,1
_____________________________________________________
_____________________________________________________
84,0,0.0000,
0,7,0,0,0,0,1,1,0,0,0,0,0,1
0,7,0,0,0,0,1,1,1,0,1,0,1,1
_____________________________________________________
_____________________________________________________
85,0,0.0000,
0,7,0,0,0,0,1,1,1,0,1,0,1,1
0,7,0,1,0,0,1,1,1,1,1,0,1,1
_____________________________________________________
_____________________________________________________
86,0,0.0000,
0,7,0,1,0,0,1,1,1,1,1,0,1,1
1,6,1,1,0,1,1,1,1,1,1,0,1,1
_____________________________________________________
_____________________________________________________
87,2,0.0000,
1,6,1,1,0,1,1,1,1,1,1,0,1,1
1,6,1,1,0,1,1,1,1,1,1,0,1,1
_____________________________________________________
_____________________________________________________
88,5,0.0000,
1,6,1,1,0,1,1,1,1,1,1,0,1,1
1,6,1,1,0,1,0,0,1,1,1,0,1,1
_____________________________________________________
_____________________________________________________
89,11,0.0000,
1,6,1,1,0,1,0,0,1,1,1,0,1,1
1,6,1,0,0,1,0,0,1,0,1,0,0,1
_____________________________________________________
_____________________________________________________
90,12,0.0000,
1,6,1,0,0,1,0,0,1,0,1,0,0,1
1,6,1,0,0,1,1,1,1,0,1,0,0,0
_____________________________________________________
_____________________________________________________
91,5,0.0000,
1,6,1,0,0,1,1,1,1,0,1,0,0,0
1,6,1,0,0,1,0,0,1,0,1,0,0,0
_____________________________________________________
_____________________________________________________
92,7,0.0000,
1,6,1,0,0,1,0,0,1,0,1,0,0,0
1,6,1,0,0,1,0,0,1,0,1,0,0,1
_____________________________________________________
_____________________________________________________
93,7,0.0000,
1,6,1,0,0,1,0,0,1,0,1,0,0,1
1,6,1,0,0,1,0,0,0,0,0,0,0,1
_____________________________________________________
_____________________________________________________
94,12,0.0000,
1,6,1,0,0,1,0,0,0,0,0,0,0,1
1,6,1,0,0,1,0,0,0,0,0,0,0,0
_____________________________________________________
_____________________________________________________
95,1,0.0000,
1,6,1,0,0,1,0,0,0,0,0,0,0,0
1,6,0,0,0,0,0,0,0,0,0,0,0,0
_____________________________________________________
_____________________________________________________
96,0,0.0000,
1,6,0,0,0,0,0,0,0,0,0,0,0,0
1,5,0,0,0,0,0,1,0,0,0,0,0,0
_____________________________________________________
_____________________________________________________
97,6,0.0000,
1,5,0,0,0,0,0,1,0,0,0,0,0,0
0,7,1,1,1,0,0,0,1,0,0,1,0,0
_____________________________________________________
_____________________________________________________
98,0,0.0000,
0,7,1,1,1,0,0,0,1,0,0,1,0,0
1,6,1,1,1,0,0,1,1,1,0,1,0,0
_____________________________________________________
_____________________________________________________
99,7,0.0000,
1,6,1,1,1,0,0,1,1,1,0,1,0,0
1,6,1,1,1,0,0,1,1,1,1,1,0,1
_____________________________________________________
_____________________________________________________
100,7,0.0000,
1,6,1,1,1,0,0,1,1,1,1,1,0,1
0,7,1,1,0,0,0,1,0,1,1,1,0,1
_____________________________________________________
_____________________________________________________
101,0,0.0000,
0,7,1,1,0,0,0,1,0,1,1,1,0,1
0,7,1,1,0,0,0,1,0,1,1,1,0,1
_____________________________________________________
_____________________________________________________
102,0,0.0000,
0,7,1,1,0,0,0,1,0,1,1,1,0,1
1,6,1,1,1,0,0,1,1,1,1,1,0,1
_____________________________________________________
_____________________________________________________
103,2,0.0000,
1,6,1,1,1,0,0,1,1,1,1,1,0,1
1,6,0,0,1,0,0,1,1,1,1,1,0,1
_____________________________________________________
_____________________________________________________
104,7,0.0000,
1,6,0,0,1,0,0,1,1,1,1,1,0,1
1,6,0,0,0,0,0,1,1,1,1,1,0,1
_____________________________________________________
_____________________________________________________
105,7,0.0000,
1,6,0,0,0,0,0,1,1,1,1,1,0,1
0,7,0,0,0,0,0,1,0,1,1,1,0,1
_____________________________________________________
_____________________________________________________
106,0,0.0000,
0,7,0,0,0,0,0,1,0,1,1,1,0,1
1,6,0,0,0,0,0,1,0,1,1,1,0,1
_____________________________________________________
_____________________________________________________
107,6,0.0000,
1,6,0,0,0,0,0,1,0,1,1,1,0,1
0,7,0,0,0,0,0,0,0,0,1,0,0,1
_____________________________________________________
_____________________________________________________
108,0,0.0000,
0,7,0,0,0,0,0,0,0,0,1,0,0,1
1,6,1,1,1,0,0,0,1,0,1,0,0,1
_____________________________________________________
_____________________________________________________
109,7,0.0000,
1,6,1,1,1,0,0,0,1,0,1,0,0,1
0,7,1,1,0,0,0,0,0,0,1,0,1,1
_____________________________________________________
_____________________________________________________
110,0,0.0000,
0,7,1,1,0,0,0,0,0,0,1,0,1,1
1,6,1,1,0,0,1,0,0,0,1,0,1,1
_____________________________________________________
_____________________________________________________
111,11,0.0000,
1,6,1,1,0,0,1,0,0,0,1,0,1,1
0,7,0,0,1,1,0,1,0,0,0,1,0,1
_____________________________________________________
_____________________________________________________
112,0,0.0000,
0,7,0,0,1,1,0,1,0,0,0,1,0,1
1,6,0,0,1,1,0,1,0,0,1,1,0,1
_____________________________________________________
_____________________________________________________
113,6,0.0000,
1,6,0,0,1,1,0,1,0,0,1,1,0,1
1,6,1,0,1,0,0,0,0,1,1,1,0,1
_____________________________________________________
_____________________________________________________
114,12,0.0000,
1,6,1,0,1,0,0,0,0,1,1,1,0,1
0,7,1,0,1,0,0,0,0,1,1,1,0,0
_____________________________________________________
_____________________________________________________
115,0,0.0000,
0,7,1,0,1,0,0,0,0,1,1,1,0,0
1,6,1,0,1,0,0,0,0,1,1,1,0,0
_____________________________________________________
_____________________________________________________
116,9,0.0000,
1,6,1,0,1,0,0,0,0,1,1,1,0,0
0,7,1,0,1,1,0,1,0,1,0,1,0,1
_____________________________________________________
_____________________________________________________
117,0,0.0000,
0,7,1,0,1,1,0,1,0,1,0,1,0,1
0,7,1,0,1,1,0,1,0,1,0,1,0,1
_____________________________________________________
_____________________________________________________
118,0,0.0000,
0,7,1,0,1,1,0,1,0,1,0,1,0,1
0,7,1,0,1,1,0,1,0,1,1,1,0,1
_____________________________________________________
_____________________________________________________
119,0,0.0000,
0,7,1,0,1,1,0,1,0,1,1,1,0,1
0,7,1,0,1,1,0,1,0,1,1,1,0,1
_____________________________________________________
_____________________________________________________
120,0,0.0000,
0,7,1,0,1,1,0,1,0,1,1,1,0,1
1,6,1,0,1,1,0,1,0,1,1,1,0,1
_____________________________________________________
_____________________________________________________
121,6,0.0000,
1,6,1,0,1,1,0,1,0,1,1,1,0,1
0,7,1,0,1,0,0,1,0,1,1,1,0,1
_____________________________________________________
_____________________________________________________
122,0,0.0000,
0,7,1,0,1,0,0,1,0,1,1,1,0,1
0,7,1,0,1,1,0,1,0,1,1,1,0,1
_____________________________________________________
_____________________________________________________
123,0,0.0000,
0,7,1,0,1,1,0,1,0,1,1,1,0,1
0,7,1,0,1,1,0,1,0,1,1,1,0,1
_____________________________________________________
_____________________________________________________
124,0,0.0000,
0,7,1,0,1,1,0,1,0,1,1,1,0,1
1,6,1,0,1,1,0,1,0,1,1,1,0,1
_____________________________________________________
_____________________________________________________
125,6,0.0000,
1,6,1,0,1,1,0,1,0,1,1,1,0,1
0,7,1,0,1,1,0,0,0,1,1,0,1,0
_____________________________________________________
_____________________________________________________
126,0,0.0000,
0,7,1,0,1,1,0,0,0,1,1,0,1,0
0,7,1,0,1,1,0,0,0,1,1,0,1,0
_____________________________________________________
_____________________________________________________
127,0,0.0000,
0,7,1,0,1,1,0,0,0,1,1,0,1,0
0,7,1,0,1,1,0,0,0,1,1,0,1,0
_____________________________________________________
_____________________________________________________
128,0,0.0000,
0,7,1,0,1,1,0,0,0,1,1,0,1,0
0,7,1,0,1,1,0,0,0,1,1,0,1,0
_____________________________________________________
_____________________________________________________
129,0,0.0000,
0,7,1,0,1,1,0,0,0,1,1,0,1,0
0,7,1,0,1,1,0,0,0,1,1,0,1,0
_____________________________________________________
_____________________________________________________
130,0,0.0000,
0,7,1,0,1,1,0,0,0,1,1,0,1,0
1,6,1,0,1,1,0,0,0,1,1,0,1,0
_____________________________________________________
_____________________________________________________
131,11,0.0000,
1,6,1,0,1,1,0,0,0,1,1,0,1,0
0,7,0,0,1,1,0,0,0,1,1,0,0,0
_____________________________________________________
_____________________________________________________
132,0,0.0000,
0,7,0,0,1,1,0,0,0,1,1,0,0,0
1,6,0,0,1,1,0,0,0,1,1,0,0,0
_____________________________________________________
_____________________________________________________
133,9,0.0000,
1,6,0,0,1,1,0,0,0,1,1,0,0,0
1,6,0,0,1,1,0,0,0,1,0,0,1,0
_____________________________________________________
_____________________________________________________
134,11,0.0000,
1,6,0,0,1,1,0,0,0,1,0,0,1,0
0,7,0,0,1,1,0,0,0,1,0,0,0,0
_____________________________________________________
_____________________________________________________
135,0,0.0000,
0,7,0,0,1,1,0,0,0,1,0,0,0,0
1,6,0,0,1,1,0,0,0,1,0,0,0,0
_____________________________________________________
_____________________________________________________
136,8,0.0000,
1,6,0,0,1,1,0,0,0,1,0,0,0,0
0,7,0,0,1,1,0,0,0,0,0,0,1,0
_____________________________________________________
_____________________________________________________
137,0,0.0000,
0,7,0,0,1,1,0,0,0,0,0,0,1,0
1,6,1,0,1,1,0,0,0,0,0,0,1,0
_____________________________________________________
_____________________________________________________
138,11,0.0000,
1,6,1,0,1,1,0,0,0,0,0,0,1,0
1,6,0,0,1,1,0,0,0,0,0,0,0,0
_____________________________________________________
_____________________________________________________
139,3,0.0000,
1,6,0,0,1,1,0,0,0,0,0,0,0,0
0,6,0,0,0,0,0,0,0,0,0,0,0,0
_____________________________________________________
