_____________________________________________________
0,10,0.0000,
1,6,0,0,0,0,0,0,0,0,0,1,0,0
0,7,0,0,0,0,0,0,0,0,0,0,0,0
_____________________________________________________
_____________________________________________________
1,0,0.0000,
0,7,0,0,0,0,0,0,0,0,0,0,0,0
0,7,0,0,0,0,0,0,0,0,0,0,0,0
_____________________________________________________
_____________________________________________________
2,0,0.0000,
0,7,0,0,0,0,0,0,0,0,0,0,0,0
1,6,0,0,0,0,0,0,0,0,0,0,0,0
_____________________________________________________
_____________________________________________________
3,0,0.0000,
1,6,0,0,0,0,0,0,0,0,0,0,0,0
2,5,0,0,0,0,0,0,0,0,0,0,0,0
_____________________________________________________
_____________________________________________________
4,9,-1.0000,
2,5,0,0,0,0,0,0,0,0,0,0,0,0
1,5,0,0,0,1,-1,0,1,0,-1,0,0,0
_____________________________________________________
_____________________________________________________
5,5,0.0000,
1,5,0,0,0,1,-1,0,1,0,-1,0,0,0
1,6,0,1,0,1,-1,0,1,0,-1,0,0,0
_____________________________________________________
_____________________________________________________
6,9,0.0000,
1,6,0,1,0,1,-1,0,1,0,-1,0,0,0
0,7,0,1,0,1,-1,0,1,0,-1,0,0,0
_____________________________________________________
_____________________________________________________
7,0,0.0000,
0,7,0,1,0,1,-1,0,1,0,-1,0,0,0
1,6,0,1,0,1,-1,0,1,0,-1,0,0,0
_____________________________________________________
_____________________________________________________
8,9,0.0000,
1,6,0,1,0,1,-1,0,1,0,-1,0,0,0
0,7,0,1,0,1,-1,0,1,0,-1,0,0,0
_____________________________________________________
_____________________________________________________
9,0,0.0000,
0,7,0,1,0,1,-1,0,1,0,-1,0,0,0
1,6,0,1,0,1,-1,0,1,0,-1,0,0,0
_____________________________________________________
_____________________________________________________
10,9,0.0000,
1,6,0,1,0,1,-1,0,1,0,-1,0,0,0
1,6,0,1,0,1,-1,0,1,0,-1,0,0,0
_____________________________________________________
_____________________________________________________
11,5,0.0000,
1,6,0,1,0,1,-1,0,1,0,-1,0,0,0
1,6,0,1,0,1,-1,0,1,0,-1,0,0,0
_____________________________________________________
_____________________________________________________
12,9,0.0000,
1,6,0,1,0,1,-1,0,1,0,-1,0,0,0
1,6,0,1,0,1,0,0,1,0,0,0,0,0
_____________________________________________________
_____________________________________________________
13,7,0.0000,
1,6,0,1,0,1,0,0,1,0,0,0,0,0
1,6,0,0,0,0,1,0,0,1,1,0,0,1
_____________________________________________________
_____________________________________________________
14,5,0.0000,
1,6,0,0,0,0,1,0,0,1,1,0,0,1
1,6,0,0,0,1,0,0,0,1,1,0,0,1
_____________________________________________________
_____________________________________________________
15,12,0.0000,
1,6,0,0,0,1,0,0,0,1,1,0,0,1
0,7,0,0,1,0,1,0,0,1,0,0,0,0
_____________________________________________________
_____________________________________________________
16,0,0.0000,
0,7,0,0,1,0,1,0,0,1,0,0,0,0
1,6,0,1,1,0,0,0,0,1,0,0,0,0
_____________________________________________________
_____________________________________________________
17,2,0.0000,
1,6,0,1,1,0,0,0,0,1,0,0,0,0
1,6,0,0,0,1,0,0,0,1,1,0,0,1
_____________________________________________________
_____________________________________________________
18,12,0.0000,
1,6,0,0,0,1,0,0,0,1,1,0,0,1
0,7,0,0,0,0,0,0,0,1,0,0,0,0
_____________________________________________________
_____________________________________________________
19,0,0.0000,
0,7,0,0,0,0,0,0,0,1,0,0,0,0
1,6,0,0,0,0,0,0,0,1,0,0,0,0
_____________________________________________________
_____________________________________________________
20,8,0.0000,
1,6,0,0,0,0,0,0,0,1,0,0,0,0
1,6,0,0,0,1,0,0,0,0,1,0,0,1
_____________________________________________________
_____________________________________________________
21,12,0.0000,
1,6,0,0,0,1,0,0,0,0,1,0,0,1
0,7,0,0,0,0,0,0,0,0,0,0,0,0
_____________________________________________________
_____________________________________________________
22,0,0.0000,
0,7,0,0,0,0,0,0,0,0,0,0,0,0
1,6,0,0,0,0,0,0,0,0,0,0,0,0
_____________________________________________________
_____________________________________________________
23,0,0.0000,
1,6,0,0,0,0,0,0,0,0,0,0,0,0
1,5,0,0,0,0,0,0,0,0,0,0,0,0
_____________________________________________________
_____________________________________________________
24,0,0.0000,
1,5,0,0,0,0,0,0,0,0,0,0,0,0
1,4,0,0,0,0,0,0,0,0,0,0,0,0
_____________________________________________________
_____________________________________________________
25,0,0.0000,
1,4,0,0,0,0,0,0,0,0,0,0,0,0
2,3,0,0,0,0,0,0,0,0,0,0,0,0
_____________________________________________________
_____________________________________________________
26,9,-1.0000,
2,3,0,0,0,0,0,0,0,0,0,0,0,0
1,5,0,0,1,-1,1,0,0,0,-1,0,0,-1
_____________________________________________________
_____________________________________________________
27,9,0.0000,
1,5,0,0,1,-1,1,0,0,0,-1,0,0,-1
1,6,0,0,0,0,1,1,0,0,0,0,0,0
_____________________________________________________
_____________________________________________________
28,5,0.0000,
1,6,0,0,0,0,1,1,0,0,0,0,0,0
0,7,0,0,0,0,0,0,0,0,0,0,0,0
_____________________________________________________
_____________________________________________________
29,0,0.0000,
0,7,0,0,0,0,0,0,0,0,0,0,0,0
0,7,0,0,0,0,0,0,0,0,0,0,0,0
_____________________________________________________
_____________________________________________________
30,0,0.0000,
0,7,0,0,0,0,0,0,0,0,0,0,0,0
1,6,0,0,0,0,0,0,0,0,0,0,0,0
_____________________________________________________
_____________________________________________________
31,0,0.0000,
1,6,0,0,0,0,0,0,0,0,0,0,0,0
1,5,0,0,0,0,0,0,0,0,0,0,0,0
_____________________________________________________
_____________________________________________________
32,0,0.0000,
1,5,0,0,0,0,0,0,0,0,0,0,0,0
2,4,0,0,0,0,0,0,0,0,0,0,0,0
_____________________________________________________
_____________________________________________________
33,9,-1.0000,
2,4,0,0,0,0,0,0,0,0,0,0,0,0
2,5,-1,0,-1,0,0,0,0,0,0,0,0,0
_____________________________________________________
_____________________________________________________
34,1,0.0000,
2,5,-1,0,-1,0,0,0,0,0,0,0,0,0
2,5,0,0,0,0,0,0,0,0,0,0,0,0
_____________________________________________________
_____________________________________________________
35,9,-1.0000,
2,5,0,0,0,0,0,0,0,0,0,0,0,0
1,5,-1,0,-1,0,0,0,0,0,-1,0,0,0
_____________________________________________________
_____________________________________________________
36,9,0.0000,
1,5,-1,0,-1,0,0,0,0,0,-1,0,0,0
0,7,-1,0,-1,0,0,0,0,0,-1,0,0,0
_____________________________________________________
_____________________________________________________
37,0,0.0000,
0,7,-1,0,-1,0,0,0,0,0,-1,0,0,0
1,6,-1,0,-1,0,0,0,0,0,-1,0,0,0
_____________________________________________________
_____________________________________________________
38,9,0.0000,
1,6,-1,0,-1,0,0,0,0,0,-1,0,0,0
0,7,-1,0,-1,0,0,0,0,0,-1,0,0,0
_____________________________________________________
_____________________________________________________
39,0,0.0000,
0,7,-1,0,-1,0,0,0,0,0,-1,0,0,0
0,7,-1,0,-1,0,0,0,0,0,-1,0,0,0
_____________________________________________________
_____________________________________________________
40,0,0.0000,
0,7,-1,0,-1,0,0,0,0,0,-1,0,0,0
0,7,-1,0,-1,0,0,0,0,0,-1,0,0,0
_____________________________________________________
_____________________________________________________
41,0,0.0000,
0,7,-1,0,-1,0,0,0,0,0,-1,0,0,0
0,7,0,0,0,0,0,0,0,0,0,0,0,0
_____________________________________________________
_____________________________________________________
42,0,0.0000,
0,7,0,0,0,0,0,0,0,0,0,0,0,0
1,6,0,0,0,0,0,0,0,0,0,0,0,0
_____________________________________________________
_____________________________________________________
43,0,0.0000,
1,6,0,0,0,0,0,0,0,0,0,0,0,0
1,5,0,0,0,0,0,0,1,0,0,0,0,0
_____________________________________________________
_____________________________________________________
44,7,0.0000,
1,5,0,0,0,0,0,0,1,0,0,0,0,0
0,7,0,0,0,0,0,0,0,0,0,0,0,0
_____________________________________________________
_____________________________________________________
45,0,0.0000,
0,7,0,0,0,0,0,0,0,0,0,0,0,0
0,7,0,0,0,0,0,0,0,0,0,0,0,0
_____________________________________________________
_____________________________________________________
46,0,0.0000,
0,7,0,0,0,0,0,0,0,0,0,0,0,0
0,7,0,0,0,0,0,0,0,0,0,1,0,0
_____________________________________________________
_____________________________________________________
47,0,0.0000,
0,7,0,0,0,0,0,0,0,0,0,1,0,0
1,6,0,0,1,0,0,0,0,0,0,1,0,0
_____________________________________________________
_____________________________________________________
48,10,0.0000,
1,6,0,0,1,0,0,0,0,0,0,1,0,0
0,7,0,0,0,0,0,0,0,0,0,0,0,0
_____________________________________________________
_____________________________________________________
49,0,0.0000,
0,7,0,0,0,0,0,0,0,0,0,0,0,0
1,6,0,0,0,0,0,1,0,0,0,0,0,0
_____________________________________________________
_____________________________________________________
50,6,0.0000,
1,6,0,0,0,0,0,1,0,0,0,0,0,0
0,7,0,0,0,0,0,0,0,0,0,0,0,0
_____________________________________________________
_____________________________________________________
51,0,0.0000,
0,7,0,0,0,0,0,0,0,0,0,0,0,0
0,7,0,0,0,0,0,0,0,0,0,0,0,0
_____________________________________________________
_____________________________________________________
52,0,0.0000,
0,7,0,0,0,0,0,0,0,0,0,0,0,0
0,7,0,0,0,0,0,0,0,0,0,0,0,0
_____________________________________________________
_____________________________________________________
53,0,0.0000,
0,7,0,0,0,0,0,0,0,0,0,0,0,0
0,7,0,0,0,0,0,0,0,0,0,0,0,0
_____________________________________________________
_____________________________________________________
54,0,0.0000,
0,7,0,0,0,0,0,0,0,0,0,0,0,0
1,6,0,0,0,0,0,0,0,0,0,0,0,0
_____________________________________________________
_____________________________________________________
55,0,0.0000,
1,6,0,0,0,0,0,0,0,0,0,0,0,0
1,5,0,0,0,0,0,0,0,0,0,0,-1,0
_____________________________________________________
_____________________________________________________
56,11,0.0000,
1,5,0,0,0,0,0,0,0,0,0,0,-1,0
1,6,0,0,0,0,0,0,0,0,0,0,-1,0
_____________________________________________________
_____________________________________________________
57,11,0.0000,
1,6,0,0,0,0,0,0,0,0,0,0,-1,0
1,6,0,0,0,0,0,0,0,0,0,0,-1,0
_____________________________________________________
_____________________________________________________
58,11,0.0000,
1,6,0,0,0,0,0,0,0,0,0,0,-1,0
0,7,0,0,0,0,0,0,0,0,0,0,-1,0
_____________________________________________________
_____________________________________________________
59,0,0.0000,
0,7,0,0,0,0,0,0,0,0,0,0,-1,0
1,6,0,0,0,0,0,0,0,0,0,0,-1,0
_____________________________________________________
_____________________________________________________
60,11,0.0000,
1,6,0,0,0,0,0,0,0,0,0,0,-1,0
1,6,0,0,0,0,0,0,0,0,0,0,-1,0
_____________________________________________________
_____________________________________________________
61,11,0.0000,
1,6,0,0,0,0,0,0,0,0,0,0,-1,0
0,7,0,0,0,0,0,0,0,0,0,0,-1,0
_____________________________________________________
_____________________________________________________
62,0,0.0000,
0,7,0,0,0,0,0,0,0,0,0,0,-1,0
1,6,0,0,0,0,0,0,0,0,0,0,-1,0
_____________________________________________________
_____________________________________________________
63,11,0.0000,
1,6,0,0,0,0,0,0,0,0,0,0,-1,0
1,6,0,0,0,0,0,0,0,0,0,0,-1,0
_____________________________________________________
_____________________________________________________
64,11,0.0000,
1,6,0,0,0,0,0,0,0,0,0,0,-1,0
0,7,0,0,0,0,0,0,0,0,0,0,-1,0
_____________________________________________________
_____________________________________________________
65,0,0.0000,
0,7,0,0,0,0,0,0,0,0,0,0,-1,0
1,6,0,0,0,0,0,0,0,0,0,0,-1,0
_____________________________________________________
_____________________________________________________
66,11,0.0000,
1,6,0,0,0,0,0,0,0,0,0,0,-1,0
0,7,0,0,0,0,0,0,0,0,0,0,-1,0
_____________________________________________________
_____________________________________________________
67,0,0.0000,
0,7,0,0,0,0,0,0,0,0,0,0,-1,0
1,6,0,0,0,0,0,0,0,0,0,0,-1,0
_____________________________________________________
_____________________________________________________
68,11,0.0000,
1,6,0,0,0,0,0,0,0,0,0,0,-1,0
0,7,0,0,0,0,0,0,1,0,0,0,-1,0
_____________________________________________________
_____________________________________________________
69,0,0.0000,
0,7,0,0,0,0,0,0,1,0,0,0,-1,0
0,7,0,0,0,0,0,1,0,-1,0,0,0,0
_____________________________________________________
_____________________________________________________
70,0,0.0000,
0,7,0,0,0,0,0,1,0,-1,0,0,0,0
0,7,0,0,0,0,0,1,0,-1,0,0,0,0
_____________________________________________________
_____________________________________________________
71,0,0.0000,
0,7,0,0,0,0,0,1,0,-1,0,0,0,0
0,7,0,0,0,0,0,1,0,-1,0,0,0,0
_____________________________________________________
_____________________________________________________
72,0,0.0000,
0,7,0,0,0,0,0,1,0,-1,0,0,0,0
0,7,0,0,0,0,0,1,0,-1,0,0,0,0
_____________________________________________________
_____________________________________________________
73,0,0.0000,
0,7,0,0,0,0,0,1,0,-1,0,0,0,0
0,7,0,0,0,0,0,1,0,-1,0,0,0,0
_____________________________________________________
_____________________________________________________
74,0,0.0000,
0,7,0,0,0,0,0,1,0,-1,0,0,0,0
0,7,0,0,0,0,0,1,0,-1,0,0,0,0
_____________________________________________________
_____________________________________________________
75,0,0.0000,
0,7,0,0,0,0,0,1,0,-1,0,0,0,0
1,6,0,0,0,0,0,1,0,-1,0,0,0,0
_____________________________________________________
_____________________________________________________
76,6,0.0000,
1,6,0,0,0,0,0,1,0,-1,0,0,0,0
1,6,0,0,0,0,0,0,0,-1,0,0,0,0
_____________________________________________________
_____________________________________________________
77,0,0.0000,
1,6,0,0,0,0,0,0,0,-1,0,0,0,0
1,5,0,0,0,0,0,0,0,-1,0,0,0,0
_____________________________________________________
_____________________________________________________
78,0,0.0000,
1,5,0,0,0,0,0,0,0,-1,0,0,0,0
2,4,0,0,0,0,0,0,0,-1,0,0,0,0
_____________________________________________________
_____________________________________________________
79,9,-1.0000,
2,4,0,0,0,0,0,0,0,-1,0,0,0,0
2,5,0,0,0,0,0,0,0,-1,-1,0,-1,1
_____________________________________________________
_____________________________________________________
80,9,0.0000,
2,5,0,0,0,0,0,0,0,-1,-1,0,-1,1
2,5,0,0,0,0,1,0,0,-1,-1,0,-1,1
_____________________________________________________
_____________________________________________________
81,9,0.0000,
2,5,0,0,0,0,1,0,0,-1,-1,0,-1,1
1,5,0,0,0,0,1,0,0,-1,-1,0,-1,1
_____________________________________________________
_____________________________________________________
82,9,0.0000,
1,5,0,0,0,0,1,0,0,-1,-1,0,-1,1
1,6,0,0,0,0,1,0,0,-1,-1,0,-1,1
_____________________________________________________
_____________________________________________________
83,9,0.0000,
1,6,0,0,0,0,1,0,0,-1,-1,0,-1,1
1,6,-1,0,0,-1,0,0,0,0,0,0,0,-1
_____________________________________________________
_____________________________________________________
84,1,0.0000,
1,6,-1,0,0,-1,0,0,0,0,0,0,0,-1
1,6,0,0,0,0,0,0,0,0,1,0,1,0
_____________________________________________________
_____________________________________________________
85,11,0.0000,
1,6,0,0,0,0,0,0,0,0,1,0,1,0
0,7,0,0,0,0,0,0,1,0,1,0,1,0
_____________________________________________________
_____________________________________________________
86,0,0.0000,
0,7,0,0,0,0,0,0,1,0,1,0,1,0
1,6,0,1,1,0,0,1,1,0,1,0,1,0
_____________________________________________________
_____________________________________________________
87,11,0.0000,
1,6,0,1,1,0,0,1,1,0,1,0,1,0
1,6,0,0,0,0,0,0,0,0,0,0,0,0
_____________________________________________________
_____________________________________________________
88,0,0.0000,
1,6,0,0,0,0,0,0,0,0,0,0,0,0
1,5,0,0,0,0,0,0,0,0,0,0,0,0
_____________________________________________________
_____________________________________________________
89,0,0.0000,
1,5,0,0,0,0,0,0,0,0,0,0,0,0
2,4,0,0,0,0,0,0,0,0,0,0,0,0
_____________________________________________________
_____________________________________________________
90,9,-1.0000,
2,4,0,0,0,0,0,0,0,0,0,0,0,0
1,5,0,-1,-1,0,0,0,0,0,0,0,0,0
_____________________________________________________
_____________________________________________________
91,2,0.0000,
1,5,0,-1,-1,0,0,0,0,0,0,0,0,0
1,6,0,0,0,0,0,0,0,0,0,0,0,0
_____________________________________________________
_____________________________________________________
92,0,0.0000,
1,6,0,0,0,0,0,0,0,0,0,0,0,0
2,5,0,0,0,0,0,0,0,0,0,0,0,0
_____________________________________________________
_____________________________________________________
93,9,-1.0000,
2,5,0,0,0,0,0,0,0,0,0,0,0,0
1,5,0,-1,-1,0,0,0,0,0,0,0,0,0
_____________________________________________________
_____________________________________________________
94,2,0.0000,
1,5,0,-1,-1,0,0,0,0,0,0,0,0,0
1,6,0,0,0,0,0,0,0,0,0,0,0,0
_____________________________________________________
_____________________________________________________
95,0,0.0000,
1,6,0,0,0,0,0,0,0,0,0,0,0,0
2,5,0,0,0,0,0,0,0,0,0,0,0,0
_____________________________________________________
_____________________________________________________
96,9,-1.0000,
2,5,0,0,0,0,0,0,0,0,0,0,0,0
1,5,0,-1,0,0,0,0,0,0,0,0,0,0
_____________________________________________________
_____________________________________________________
97,2,0.0000,
1,5,0,-1,0,0,0,0,0,0,0,0,0,0
0,7,0,0,0,0,1,0,1,1,0,0,0,0
_____________________________________________________
_____________________________________________________
98,0,0.0000,
0,7,0,0,0,0,1,0,1,1,0,0,0,0
1,6,0,0,0,0,1,0,1,1,0,0,0,0
_____________________________________________________
_____________________________________________________
99,7,0.0000,
1,6,0,0,0,0,1,0,1,1,0,0,0,0
1,6,0,0,0,0,0,0,0,0,0,0,0,0
_____________________________________________________
_____________________________________________________
100,0,0.0000,
1,6,0,0,0,0,0,0,0,0,0,0,0,0
2,5,0,0,0,0,0,0,0,0,0,0,0,0
_____________________________________________________
_____________________________________________________
101,9,-1.0000,
2,5,0,0,0,0,0,0,0,0,0,0,0,0
1,5,-1,0,0,0,0,0,0,0,-1,0,0,0
_____________________________________________________
_____________________________________________________
102,9,0.0000,
1,5,-1,0,0,0,0,0,0,0,-1,0,0,0
0,7,-1,0,0,0,0,0,0,0,-1,0,0,0
_____________________________________________________
_____________________________________________________
103,0,0.0000,
0,7,-1,0,0,0,0,0,0,0,-1,0,0,0
0,7,-1,0,0,0,0,0,0,0,-1,0,0,0
_____________________________________________________
_____________________________________________________
104,0,0.0000,
0,7,-1,0,0,0,0,0,0,0,-1,0,0,0
1,6,-1,0,0,0,0,0,0,0,-1,0,0,0
_____________________________________________________
_____________________________________________________
105,9,0.0000,
1,6,-1,0,0,0,0,0,0,0,-1,0,0,0
0,7,0,0,0,0,0,0,0,0,0,0,0,0
_____________________________________________________
_____________________________________________________
106,0,0.0000,
0,7,0,0,0,0,0,0,0,0,0,0,0,0
1,6,0,0,0,0,0,0,0,0,0,0,0,0
_____________________________________________________
_____________________________________________________
107,0,0.0000,
1,6,0,0,0,0,0,0,0,0,0,0,0,0
2,5,0,0,0,0,0,0,0,0,0,0,0,0
_____________________________________________________
_____________________________________________________
108,9,-1.0000,
2,5,0,0,0,0,0,0,0,0,0,0,0,0
2,5,-1,0,0,0,0,0,0,0,-1,0,0,0
_____________________________________________________
_____________________________________________________
109,9,0.0000,
2,5,-1,0,0,0,0,0,0,0,-1,0,0,0
2,5,-1,0,0,0,0,0,0,0,-1,0,0,0
_____________________________________________________
_____________________________________________________
110,9,0.0000,
2,5,-1,0,0,0,0,0,0,0,-1,0,0,0
1,5,0,0,0,0,0,0,0,0,0,0,0,0
_____________________________________________________
_____________________________________________________
111,0,0.0000,
1,5,0,0,0,0,0,0,0,0,0,0,0,0
2,4,0,0,0,0,0,0,0,0,0,0,0,0
_____________________________________________________
_____________________________________________________
112,9,-1.0000,
2,4,0,0,0,0,0,0,0,0,0,0,0,0
2,5,0,0,0,0,0,0,0,0,0,0,0,0
_____________________________________________________
_____________________________________________________
113,9,-1.0000,
2,5,0,0,0,0,0,0,0,0,0,0,0,0
2,5,0,-1,0,0,0,0,0,0,-1,0,0,0
_____________________________________________________
_____________________________________________________
114,9,0.0000,
2,5,0,-1,0,0,0,0,0,0,-1,0,0,0
2,5,0,-1,0,0,0,0,0,0,-1,0,0,0
_____________________________________________________
_____________________________________________________
115,9,0.0000,
2,5,0,-1,0,0,0,0,0,0,-1,0,0,0
2,5,0,-1,0,0,0,0,0,0,-1,0,1,0
_____________________________________________________
_____________________________________________________
116,9,0.0000,
2,5,0,-1,0,0,0,0,0,0,-1,0,1,0
2,5,0,-1,0,0,0,0,0,0,-1,0,1,0
_____________________________________________________
_____________________________________________________
117,9,0.0000,
2,5,0,-1,0,0,0,0,0,0,-1,0,1,0
2,5,0,-1,0,0,0,0,0,0,-1,0,1,0
_____________________________________________________
_____________________________________________________
118,9,0.0000,
2,5,0,-1,0,0,0,0,0,0,-1,0,1,0
2,5,0,-1,0,0,0,0,0,0,-1,0,1,0
_____________________________________________________
_____________________________________________________
119,9,0.0000,
2,5,0,-1,0,0,0,0,0,0,-1,0,1,0
2,5,0,-1,0,0,0,0,0,0,0,0,1,0
_____________________________________________________
_____________________________________________________
120,2,0.0000,
2,5,0,-1,0,0,0,0,0,0,0,0,1,0
1,5,0,0,0,0,0,0,0,0,0,0,1,0
_____________________________________________________
_____________________________________________________
121,11,0.0000,
1,5,0,0,0,0,0,0,0,0,0,0,1,0
0,7,0,0,0,0,0,0,0,0,0,0,0,0
_____________________________________________________
_____________________________________________________
122,0,0.0000,
0,7,0,0,0,0,0,0,0,0,0,0,0,0
0,7,0,0,0,0,0,0,0,0,0,0,0,0
_____________________________________________________
_____________________________________________________
123,0,0.0000,
0,7,0,0,0,0,0,0,0,0,0,0,0,0
0,7,0,0,0,0,0,0,0,0,0,0,0,0
_____________________________________________________
_____________________________________________________
124,0,0.0000,
0,7,0,0,0,0,0,0,0,0,0,0,0,0
1,6,0,0,0,0,0,0,0,0,0,0,0,0
_____________________________________________________
_____________________________________________________
125,0,0.0000,
1,6,0,0,0,0,0,0,0,0,0,0,0,0
2,5,0,0,0,0,0,0,0,0,0,0,0,0
_____________________________________________________
_____________________________________________________
126,9,-1.0000,
2,5,0,0,0,0,0,0,0,0,0,0,0,0
1,5,0,-1,0,-1,0,0,0,0,0,0,0,0
_____________________________________________________
_____________________________________________________
127,2,0.0000,
1,5,0,-1,0,-1,0,0,0,0,0,0,0,0
1,6,0,0,0,0,0,0,0,0,0,0,0,0
_____________________________________________________
_____________________________________________________
128,0,0.0000,
1,6,0,0,0,0,0,0,0,0,0,0,0,0
1,5,0,0,0,0,0,0,0,0,0,0,0,0
_____________________________________________________
_____________________________________________________
129,0,0.0000,
1,5,0,0,0,0,0,0,0,0,0,0,0,0
1,4,0,0,0,0,0,0,0,0,0,0,0,0
_____________________________________________________
_____________________________________________________
130,0,0.0000,
1,4,0,0,0,0,0,0,0,0,0,0,0,0
1,3,0,0,0,0,0,0,0,0,0,0,0,0
_____________________________________________________
_____________________________________________________
131,1,-1.0000,
1,3,0,0,0,0,0,0,0,0,0,0,0,0
0,7,-1,0,0,0,0,0,0,0,0,0,0,0
_____________________________________________________
_____________________________________________________
132,0,0.0000,
0,7,-1,0,0,0,0,0,0,0,0,0,0,0
1,6,0,0,0,0,0,0,0,0,0,0,0,0
_____________________________________________________
_____________________________________________________
133,0,0.0000,
1,6,0,0,0,0,0,0,0,0,0,0,0,0
1,5,0,0,0,0,0,0,0,0,0,0,0,0
_____________________________________________________
_____________________________________________________
134,0,0.0000,
1,5,0,0,0,0,0,0,0,0,0,0,0,0
2,4,0,0,0,0,0,0,0,0,0,0,0,0
_____________________________________________________
_____________________________________________________
135,9,-1.0000,
2,4,0,0,0,0,0,0,0,0,0,0,0,0
2,5,0,-1,0,-1,0,0,0,0,0,0,0,0
_____________________________________________________
_____________________________________________________
136,2,0.0000,
2,5,0,-1,0,-1,0,0,0,0,0,0,0,0
2,5,0,0,0,0,0,0,0,0,0,0,0,0
_____________________________________________________
_____________________________________________________
137,9,-1.0000,
2,5,0,0,0,0,0,0,0,0,0,0,0,0
1,5,0,0,0,0,0,0,0,0,0,0,0,0
_____________________________________________________
_____________________________________________________
138,0,0.0000,
1,5,0,0,0,0,0,0,0,0,0,0,0,0
1,4,0,0,0,0,0,0,0,0,0,0,0,0
_____________________________________________________
_____________________________________________________
139,0,0.0000,
1,4,0,0,0,0,0,0,0,0,0,0,0,0
1,4,0,0,0,0,0,0,0,0,0,0,0,0
_____________________________________________________
