_____________________________________________________
0,11,0.0000,
4,4,1,1,1,1,1,1,1,1,1,1,1,1
3,4,1,1,1,1,1,0,1,1,1,1,0,1
_____________________________________________________
_____________________________________________________
1,5,0.0000,
3,4,1,1,1,1,1,0,1,1,1,1,0,1
3,4,1,1,0,1,0,0,1,0,1,1,0,1
_____________________________________________________
_____________________________________________________
2,7,0.0000,
3,4,1,1,0,1,0,0,1,0,1,1,0,1
2,3,1,1,0,1,0,0,0,0,1,1,0,1
_____________________________________________________
_____________________________________________________
3,2,0.0000,
2,3,1,1,0,1,0,0,0,0,1,1,0,1
1,4,1,0,0,1,0,0,0,0,1,1,0,1
_____________________________________________________
_____________________________________________________
4,12,0.0000,
1,4,1,0,0,1,0,0,0,0,1,1,0,1
1,6,1,0,0,1,0,0,0,0,1,1,0,0
_____________________________________________________
_____________________________________________________
5,9,0.0000,
1,6,1,0,0,1,0,0,0,0,1,1,0,0
1,6,1,0,0,1,0,0,0,0,0,1,0,0
_____________________________________________________
_____________________________________________________
6,10,0.0000,
1,6,1,0,0,1,0,0,0,0,0,1,0,0
0,7,1,0,0,1,0,0,0,0,0,0,0,0
_____________________________________________________
_____________________________________________________
7,0,0.0000,
0,7,1,0,0,1,0,0,0,0,0,0,0,0
0,7,1,0,0,1,0,0,0,0,0,0,0,0
_____________________________________________________
_____________________________________________________
8,0,0.0000,
0,7,1,0,0,1,0,0,0,0,0,0,0,0
1,6,1,1,0,1,0,0,0,0,0,0,0,0
_____________________________________________________
_____________________________________________________
9,2,0.0000,
1,6,1,1,0,1,0,0,0,0,0,0,0,0
1,6,1,0,0,1,0,0,0,0,0,0,1,0
_____________________________________________________
_____________________________________________________
10,11,0.0000,
1,6,1,0,0,1,0,0,0,0,0,0,1,0
0,7,1,0,0,1,0,0,0,0,1,0,0,0
_____________________________________________________
_____________________________________________________
11,0,0.0000,
0,7,1,0,0,1,0,0,0,0,1,0,0,0
0,7,1,0,0,1,0,0,0,0,1,1,0,0
_____________________________________________________
_____________________________________________________
12,0,0.0000,
0,7,1,0,0,1,0,0,0,0,1,1,0,0
1,6,1,0,0,1,0,0,0,0,1,1,0,0
_____________________________________________________
_____________________________________________________
13,9,0.0000,
1,6,1,0,0,1,0,0,0,0,1,1,0,0
0,7,0,0,0,0,0,0,1,0,0,1,1,1
_____________________________________________________
_____________________________________________________
14,0,0.0000,
0,7,0,0,0,0,0,0,1,0,0,1,1,1
0,7,0,0,0,0,0,0,1,0,0,1,1,1
_____________________________________________________
_____________________________________________________
15,0,0.0000,
0,7,0,0,0,0,0,0,1,0,0,1,1,1
0,7,0,0,0,0,1,0,1,1,0,1,1,1
_____________________________________________________
_____________________________________________________
16,0,0.0000,
0,7,0,0,0,0,1,0,1,1,0,1,1,1
1,6,1,1,0,1,1,0,1,1,0,1,1,1
_____________________________________________________
_____________________________________________________
17,11,0.0000,
1,6,1,1,0,1,1,0,1,1,0,1,1,1
0,7,1,1,0,1,1,0,1,1,0,1,1,1
_____________________________________________________
_____________________________________________________
18,0,0.0000,
0,7,1,1,0,1,1,0,1,1,0,1,1,1
0,7,1,1,0,1,1,0,1,1,0,1,1,1
_____________________________________________________
_____________________________________________________
19,0,0.0000,
0,7,1,1,0,1,1,0,1,1,0,1,1,1
0,7,1,1,0,1,1,0,1,1,0,1,1,1
_____________________________________________________
_____________________________________________________
20,0,0.0000,
0,7,1,1,0,1,1,0,1,1,0,1,1,1
0,7,1,1,0,1,1,0,1,1,0,1,1,1
_____________________________________________________
_____________________________________________________
21,0,0.0000,
0,7,1,1,0,1,1,0,1,1,0,1,1,1
1,6,1,1,0,1,1,0,1,1,0,1,1,1
_____________________________________________________
_____________________________________________________
22,11,0.0000,
1,6,1,1,0,1,1,0,1,1,0,1,1,1
0,7,1,1,0,1,1,0,1,1,0,1,1,1
_____________________________________________________
_____________________________________________________
23,0,0.0000,
0,7,1,1,0,1,1,0,1,1,0,1,1,1
0,7,1,1,0,1,1,0,1,1,0,1,1,1
_____________________________________________________
_____________________________________________________
24,0,0.0000,
0,7,1,1,0,1,1,0,1,1,0,1,1,1
1,6,1,1,1,1,1,0,1,1,0,1,1,1
_____________________________________________________
_____________________________________________________
25,11,0.0000,
1,6,1,1,1,1,1,0,1,1,0,1,1,1
1,6,1,1,1,1,1,0,0,1,0,0,0,0
_____________________________________________________
_____________________________________________________
26,5,0.0000,
1,6,1,1,1,1,1,0,0,1,0,0,0,0
1,6,1,1,1,1,1,0,1,1,0,1,1,1
_____________________________________________________
_____________________________________________________
27,11,0.0000,
1,6,1,1,1,1,1,0,1,1,0,1,1,1
0,7,1,0,1,1,1,0,1,1,0,1,0,0
_____________________________________________________
_____________________________________________________
28,0,0.0000,
0,7,1,0,1,1,1,0,1,1,0,1,0,0
0,7,1,0,1,1,1,0,1,1,0,1,0,1
_____________________________________________________
_____________________________________________________
29,0,0.0000,
0,7,1,0,1,1,1,0,1,1,0,1,0,1
0,7,1,0,1,1,1,0,1,1,1,1,0,1
_____________________________________________________
_____________________________________________________
30,0,0.0000,
0,7,1,0,1,1,1,0,1,1,1,1,0,1
1,6,1,0,1,1,1,0,1,1,1,1,0,1
_____________________________________________________
_____________________________________________________
31,5,0.0000,
1,6,1,0,1,1,1,0,1,1,1,1,0,1
0,7,1,0,1,1,0,0,0,1,1,1,0,1
_____________________________________________________
_____________________________________________________
32,0,0.0000,
0,7,1,0,1,1,0,0,0,1,1,1,0,1
0,7,1,0,1,1,0,0,0,1,1,1,0,1
_____________________________________________________
_____________________________________________________
33,0,0.0000,
0,7,1,0,1,1,0,0,0,1,1,1,0,1
1,6,1,0,1,1,0,0,1,1,1,1,0,1
_____________________________________________________
_____________________________________________________
34,7,0.0000,
1,6,1,0,1,1,0,0,1,1,1,1,0,1
0,7,1,0,1,1,0,0,0,1,1,1,0,1
_____________________________________________________
_____________________________________________________
35,0,0.0000,
0,7,1,0,1,1,0,0,0,1,1,1,0,1
1,6,1,0,1,1,0,0,0,1,1,1,0,1
_____________________________________________________
_____________________________________________________
36,12,0.0000,
1,6,1,0,1,1,0,0,0,1,1,1,0,1
0,7,1,0,1,1,1,0,1,1,0,1,0,0
_____________________________________________________
_____________________________________________________
37,0,0.0000,
0,7,1,0,1,1,1,0,1,1,0,1,0,0
0,7,1,0,1,1,1,0,1,1,0,1,0,0
_____________________________________________________
_____________________________________________________
38,0,0.0000,
0,7,1,0,1,1,1,0,1,1,0,1,0,0
0,7,1,0,1,1,1,0,1,1,0,1,0,1
_____________________________________________________
_____________________________________________________
39,0,0.0000,
0,7,1,0,1,1,1,0,1,1,0,1,0,1
1,6,1,0,1,1,1,0,1,1,1,1,0,1
_____________________________________________________
_____________________________________________________
40,5,0.0000,
1,6,1,0,1,1,1,0,1,1,1,1,0,1
0,7,1,0,1,1,0,0,0,1,1,1,0,1
_____________________________________________________
_____________________________________________________
41,0,0.0000,
0,7,1,0,1,1,0,0,0,1,1,1,0,1
0,7,0,0,0,1,1,0,1,1,0,1,1,1
_____________________________________________________
_____________________________________________________
42,0,0.0000,
0,7,0,0,0,1,1,0,1,1,0,1,1,1
0,7,1,1,1,1,1,1,1,1,0,1,1,1
_____________________________________________________
_____________________________________________________
43,0,0.0000,
0,7,1,1,1,1,1,1,1,1,0,1,1,1
0,7,1,1,1,1,1,1,1,1,0,1,1,1
_____________________________________________________
_____________________________________________________
44,0,0.0000,
0,7,1,1,1,1,1,1,1,1,0,1,1,1
1,6,1,1,1,1,1,1,1,1,0,1,1,1
_____________________________________________________
_____________________________________________________
45,11,0.0000,
1,6,1,1,1,1,1,1,1,1,0,1,1,1
1,6,1,1,1,1,1,1,1,1,0,1,0,1
_____________________________________________________
_____________________________________________________
46,5,0.0000,
1,6,1,1,1,1,1,1,1,1,0,1,0,1
0,7,1,1,1,1,0,1,1,1,0,0,0,1
_____________________________________________________
_____________________________________________________
47,0,0.0000,
0,7,1,1,1,1,0,1,1,1,0,0,0,1
0,7,1,1,1,1,0,1,1,1,0,1,0,1
_____________________________________________________
_____________________________________________________
48,0,0.0000,
0,7,1,1,1,1,0,1,1,1,0,1,0,1
0,7,1,1,1,1,1,1,1,1,0,1,0,1
_____________________________________________________
_____________________________________________________
49,0,0.0000,
0,7,1,1,1,1,1,1,1,1,0,1,0,1
0,7,1,1,1,1,1,1,1,1,0,1,0,1
_____________________________________________________
_____________________________________________________
50,0,0.0000,
0,7,1,1,1,1,1,1,1,1,0,1,0,1
0,7,1,1,1,1,1,1,1,1,0,1,0,1
_____________________________________________________
_____________________________________________________
51,0,0.0000,
0,7,1,1,1,1,1,1,1,1,0,1,0,1
0,7,1,1,1,1,1,1,1,1,0,1,0,1
_____________________________________________________
_____________________________________________________
52,0,0.0000,
0,7,1,1,1,1,1,1,1,1,0,1,0,1
0,7,1,1,1,1,1,1,1,1,0,1,0,1
_____________________________________________________
_____________________________________________________
53,0,0.0000,
0,7,1,1,1,1,1,1,1,1,0,1,0,1
1,6,1,1,1,1,1,1,1,1,0,1,0,1
_____________________________________________________
_____________________________________________________
54,5,0.0000,
1,6,1,1,1,1,1,1,1,1,0,1,0,1
1,6,1,1,1,1,0,1,1,1,0,0,0,1
_____________________________________________________
_____________________________________________________
55,7,0.0000,
1,6,1,1,1,1,0,1,1,1,0,0,0,1
1,6,1,1,0,1,0,1,0,1,0,0,1,1
_____________________________________________________
_____________________________________________________
56,11,0.0000,
1,6,1,1,0,1,0,1,0,1,0,0,1,1
0,7,0,1,0,1,0,1,1,1,0,0,0,1
_____________________________________________________
_____________________________________________________
57,0,0.0000,
0,7,0,1,0,1,0,1,1,1,0,0,0,1
1,6,0,1,0,1,1,1,1,1,0,0,0,1
_____________________________________________________
_____________________________________________________
58,5,0.0000,
1,6,0,1,0,1,1,1,1,1,0,0,0,1
0,7,1,1,0,1,0,1,0,1,0,0,1,1
_____________________________________________________
_____________________________________________________
59,0,0.0000,
0,7,1,1,0,1,0,1,0,1,0,0,1,1
1,6,1,1,1,1,0,1,0,1,1,0,1,1
_____________________________________________________
_____________________________________________________
60,11,0.0000,
1,6,1,1,1,1,0,1,0,1,1,0,1,1
1,6,0,1,1,1,0,1,1,1,1,0,0,1
_____________________________________________________
_____________________________________________________
61,7,0.0000,
1,6,0,1,1,1,0,1,1,1,1,0,0,1
1,6,0,1,1,1,0,1,0,1,1,0,0,1
_____________________________________________________
_____________________________________________________
62,6,0.0000,
1,6,0,1,1,1,0,1,0,1,1,0,0,1
0,7,0,1,1,1,0,1,0,1,1,0,0,1
_____________________________________________________
_____________________________________________________
63,0,0.0000,
0,7,0,1,1,1,0,1,0,1,1,0,0,1
0,7,0,1,1,1,0,1,0,1,1,0,0,1
_____________________________________________________
_____________________________________________________
64,0,0.0000,
0,7,0,1,1,1,0,1,0,1,1,0,0,1
1,6,0,1,1,1,1,1,1,1,1,0,0,1
_____________________________________________________
_____________________________________________________
65,5,0.0000,
1,6,0,1,1,1,1,1,1,1,1,0,0,1
0,7,0,1,1,1,0,1,0,1,1,0,0,1
_____________________________________________________
_____________________________________________________
66,0,0.0000,
0,7,0,1,1,1,0,1,0,1,1,0,0,1
1,6,0,1,1,1,0,1,0,1,1,0,0,1
_____________________________________________________
_____________________________________________________
67,6,0.0000,
1,6,0,1,1,1,0,1,0,1,1,0,0,1
1,6,0,0,1,1,0,0,0,1,1,0,0,1
_____________________________________________________
_____________________________________________________
68,12,0.0000,
1,6,0,0,1,1,0,0,0,1,1,0,0,1
1,6,0,0,1,1,0,0,0,0,1,0,0,0
_____________________________________________________
_____________________________________________________
69,9,0.0000,
1,6,0,0,1,1,0,0,0,0,1,0,0,0
0,7,0,0,0,1,0,0,0,0,1,0,0,1
_____________________________________________________
_____________________________________________________
70,0,0.0000,
0,7,0,0,0,1,0,0,0,0,1,0,0,1
0,7,1,0,1,1,0,1,1,0,1,0,0,1
_____________________________________________________
_____________________________________________________
71,0,0.0000,
0,7,1,0,1,1,0,1,1,0,1,0,0,1
1,6,1,0,1,1,1,1,1,0,1,0,0,1
_____________________________________________________
_____________________________________________________
72,5,0.0000,
1,6,1,0,1,1,1,1,1,0,1,0,0,1
1,6,1,0,1,1,0,1,0,0,1,0,0,1
_____________________________________________________
_____________________________________________________
73,6,0.0000,
1,6,1,0,1,1,0,1,0,0,1,0,0,1
1,6,0,0,1,1,0,1,0,0,1,0,0,1
_____________________________________________________
_____________________________________________________
74,6,0.0000,
1,6,0,0,1,1,0,1,0,0,1,0,0,1
0,7,0,0,1,1,0,0,0,0,0,0,1,1
_____________________________________________________
_____________________________________________________
75,0,0.0000,
0,7,0,0,1,1,0,0,0,0,0,0,1,1
1,6,0,0,1,1,0,0,0,1,0,0,1,1
_____________________________________________________
_____________________________________________________
76,11,0.0000,
1,6,0,0,1,1,0,0,0,1,0,0,1,1
0,7,0,0,1,1,0,0,0,0,0,0,0,1
_____________________________________________________
_____________________________________________________
77,0,0.0000,
0,7,0,0,1,1,0,0,0,0,0,0,0,1
0,7,1,0,1,1,0,1,1,0,1,0,0,1
_____________________________________________________
_____________________________________________________
78,0,0.0000,
0,7,1,0,1,1,0,1,1,0,1,0,0,1
1,6,1,0,1,1,1,1,1,0,1,0,0,1
_____________________________________________________
_____________________________________________________
79,5,0.0000,
1,6,1,0,1,1,1,1,1,0,1,0,0,1
1,6,1,0,1,1,0,1,0,1,1,0,1,1
_____________________________________________________
_____________________________________________________
80,11,0.0000,
1,6,1,0,1,1,0,1,0,1,1,0,1,1
0,7,1,0,1,1,0,1,0,0,1,0,0,1
_____________________________________________________
_____________________________________________________
81,0,0.0000,
0,7,1,0,1,1,0,1,0,0,1,0,0,1
1,6,1,0,1,1,0,1,0,0,1,0,0,1
_____________________________________________________
_____________________________________________________
82,6,0.0000,
1,6,1,0,1,1,0,1,0,0,1,0,0,1
1,6,0,0,1,1,0,0,0,0,0,0,0,1
_____________________________________________________
_____________________________________________________
83,12,0.0000,
1,6,0,0,1,1,0,0,0,0,0,0,0,1
1,6,0,0,1,0,0,0,0,0,0,0,0,0
_____________________________________________________
_____________________________________________________
84,3,0.0000,
1,6,0,0,1,0,0,0,0,0,0,0,0,0
0,7,0,0,0,0,0,0,0,0,0,0,0,0
_____________________________________________________
_____________________________________________________
85,0,0.0000,
0,7,0,0,0,0,0,0,0,0,0,0,0,0
0,7,0,0,1,0,0,0,0,0,0,1,1,0
_____________________________________________________
_____________________________________________________
86,0,0.0000,
0,7,0,0,1,0,0,0,0,0,0,1,1,0
1,6,0,1,1,0,0,0,0,0,1,1,1,0
_____________________________________________________
_____________________________________________________
87,11,0.0000,
1,6,0,1,1,0,0,0,0,0,1,1,1,0
0,7,0,1,1,0,0,0,1,1,0,1,0,1
_____________________________________________________
_____________________________________________________
88,0,0.0000,
0,7,0,1,1,0,0,0,1,1,0,1,0,1
1,6,0,1,1,0,0,0,1,1,1,1,1,1
_____________________________________________________
_____________________________________________________
89,11,0.0000,
1,6,0,1,1,0,0,0,1,1,1,1,1,1
1,6,0,1,1,0,0,0,1,1,0,1,0,1
_____________________________________________________
_____________________________________________________
90,7,0.0000,
1,6,0,1,1,0,0,0,1,1,0,1,0,1
1,6,0,1,1,0,0,0,0,0,0,1,0,0
_____________________________________________________
_____________________________________________________
91,2,0.0000,
1,6,0,1,1,0,0,0,0,0,0,1,0,0
1,6,0,0,1,0,0,0,0,0,0,1,0,0
_____________________________________________________
_____________________________________________________
92,10,0.0000,
1,6,0,0,1,0,0,0,0,0,0,1,0,0
0,7,0,0,1,0,0,0,0,0,0,0,0,0
_____________________________________________________
_____________________________________________________
93,0,0.0000,
0,7,0,0,1,0,0,0,0,0,0,0,0,0
0,7,0,0,1,0,0,0,0,1,0,0,0,1
_____________________________________________________
_____________________________________________________
94,0,0.0000,
0,7,0,0,1,0,0,0,0,1,0,0,0,1
1,6,0,1,1,0,0,0,1,1,0,0,0,1
_____________________________________________________
_____________________________________________________
95,7,0.0000,
1,6,0,1,1,0,0,0,1,1,0,0,0,1
0,7,0,1,1,0,0,0,0,0,0,0,0,0
_____________________________________________________
_____________________________________________________
96,0,0.0000,
0,7,0,1,1,0,0,0,0,0,0,0,0,0
1,6,0,1,1,0,0,0,0,0,0,0,1,0
_____________________________________________________
_____________________________________________________
97,11,0.0000,
1,6,0,1,1,0,0,0,0,0,0,0,1,0
1,6,0,0,0,0,0,0,1,1,0,0,0,0
_____________________________________________________
_____________________________________________________
98,7,0.0000,
1,6,0,0,0,0,0,0,1,1,0,0,0,0
0,7,0,0,0,0,0,0,0,1,0,0,0,0
_____________________________________________________
_____________________________________________________
99,0,0.0000,
0,7,0,0,0,0,0,0,0,1,0,0,0,0
0,7,0,0,0,1,0,0,0,1,0,0,1,1
_____________________________________________________
_____________________________________________________
100,0,0.0000,
0,7,0,0,0,1,0,0,0,1,0,0,1,1
0,7,0,0,1,1,0,0,0,1,1,0,1,1
_____________________________________________________
_____________________________________________________
101,0,0.0000,
0,7,0,0,1,1,0,0,0,1,1,0,1,1
1,6,0,0,1,1,0,0,0,1,1,0,1,1
_____________________________________________________
_____________________________________________________
102,11,0.0000,
1,6,0,0,1,1,0,0,0,1,1,0,1,1
0,7,0,0,1,1,1,0,0,1,0,0,0,1
_____________________________________________________
_____________________________________________________
103,0,0.0000,
0,7,0,0,1,1,1,0,0,1,0,0,0,1
0,7,0,0,1,1,1,0,0,1,0,0,0,1
_____________________________________________________
_____________________________________________________
104,0,0.0000,
0,7,0,0,1,1,1,0,0,1,0,0,0,1
0,7,0,0,1,1,1,0,0,1,0,0,1,1
_____________________________________________________
_____________________________________________________
105,0,0.0000,
0,7,0,0,1,1,1,0,0,1,0,0,1,1
0,7,0,0,1,1,1,0,0,1,1,1,1,1
_____________________________________________________
_____________________________________________________
106,0,0.0000,
0,7,0,0,1,1,1,0,0,1,1,1,1,1
1,6,0,1,1,1,1,0,0,1,1,1,1,1
_____________________________________________________
_____________________________________________________
107,11,0.0000,
1,6,0,1,1,1,1,0,0,1,1,1,1,1
0,7,0,1,1,1,1,0,0,1,0,1,0,1
_____________________________________________________
_____________________________________________________
108,0,0.0000,
0,7,0,1,1,1,1,0,0,1,0,1,0,1
0,7,0,1,1,1,1,0,0,1,0,1,0,1
_____________________________________________________
_____________________________________________________
109,0,0.0000,
0,7,0,1,1,1,1,0,0,1,0,1,0,1
0,7,0,1,1,1,1,0,0,1,0,1,0,1
_____________________________________________________
_____________________________________________________
110,0,0.0000,
0,7,0,1,1,1,1,0,0,1,0,1,0,1
1,6,0,1,1,1,1,0,0,1,0,1,0,1
_____________________________________________________
_____________________________________________________
111,5,0.0000,
1,6,0,1,1,1,1,0,0,1,0,1,0,1
1,6,1,0,0,0,0,0,0,0,0,0,1,1
_____________________________________________________
_____________________________________________________
112,11,0.0000,
1,6,1,0,0,0,0,0,0,0,0,0,1,1
1,6,0,0,0,0,0,0,0,0,0,0,1,1
_____________________________________________________
_____________________________________________________
113,11,0.0000,
1,6,0,0,0,0,0,0,0,0,0,0,1,1
0,7,0,0,0,0,0,0,0,1,0,1,0,1
_____________________________________________________
_____________________________________________________
114,0,0.0000,
0,7,0,0,0,0,0,0,0,1,0,1,0,1
0,7,0,0,0,0,0,0,0,1,0,1,0,1
_____________________________________________________
_____________________________________________________
115,0,0.0000,
0,7,0,0,0,0,0,0,0,1,0,1,0,1
1,6,0,0,0,0,0,1,0,1,0,1,0,1
_____________________________________________________
_____________________________________________________
116,6,0.0000,
1,6,0,0,0,0,0,1,0,1,0,1,0,1
0,7,0,0,0,0,0,0,0,1,0,1,0,1
_____________________________________________________
_____________________________________________________
117,0,0.0000,
0,7,0,0,0,0,0,0,0,1,0,1,0,1
0,7,0,0,0,0,0,0,0,1,0,1,0,1
_____________________________________________________
_____________________________________________________
118,0,0.0000,
0,7,0,0,0,0,0,0,0,1,0,1,0,1
1,6,0,0,0,0,0,0,0,1,0,1,0,1
_____________________________________________________
_____________________________________________________
119,12,0.0000,
1,6,0,0,0,0,0,0,0,1,0,1,0,1
0,7,0,0,0,0,0,0,0,1,0,1,0,0
_____________________________________________________
_____________________________________________________
120,0,0.0000,
0,7,0,0,0,0,0,0,0,1,0,1,0,0
1,6,0,0,0,0,0,0,0,1,0,1,0,0
_____________________________________________________
_____________________________________________________
121,8,0.0000,
1,6,0,0,0,0,0,0,0,1,0,1,0,0
1,6,0,0,0,0,0,0,0,0,0,0,0,0
_____________________________________________________
_____________________________________________________
122,0,0.0000,
1,6,0,0,0,0,0,0,0,0,0,0,0,0
1,5,0,0,0,0,0,0,0,1,0,1,0,0
_____________________________________________________
_____________________________________________________
123,8,0.0000,
1,5,0,0,0,0,0,0,0,1,0,1,0,0
1,6,0,0,0,0,0,0,0,0,0,0,0,0
_____________________________________________________
_____________________________________________________
124,0,0.0000,
1,6,0,0,0,0,0,0,0,0,0,0,0,0
1,5,0,0,0,0,0,0,0,0,0,0,0,0
_____________________________________________________
_____________________________________________________
125,0,0.0000,
1,5,0,0,0,0,0,0,0,0,0,0,0,0
1,4,0,1,1,0,1,1,0,0,1,1,0,0
_____________________________________________________
_____________________________________________________
126,5,0.0000,
1,4,0,1,1,0,1,1,0,0,1,1,0,0
0,7,0,1,0,0,0,0,1,0,1,0,0,0
_____________________________________________________
_____________________________________________________
127,0,0.0000,
0,7,0,1,0,0,0,0,1,0,1,0,0,0
0,7,0,1,0,0,0,0,1,0,1,1,0,0
_____________________________________________________
_____________________________________________________
128,0,0.0000,
0,7,0,1,0,0,0,0,1,0,1,1,0,0
1,6,1,1,1,0,1,1,1,0,1,1,0,0
_____________________________________________________
_____________________________________________________
129,5,0.0000,
1,6,1,1,1,0,1,1,1,0,1,1,0,0
1,6,1,1,0,0,1,1,1,0,1,1,0,0
_____________________________________________________
_____________________________________________________
130,5,0.0000,
1,6,1,1,0,0,1,1,1,0,1,1,0,0
0,7,1,1,0,0,0,0,1,0,1,0,0,0
_____________________________________________________
_____________________________________________________
131,0,0.0000,
0,7,1,1,0,0,0,0,1,0,1,0,0,0
0,7,1,1,1,0,1,1,1,0,1,1,0,0
_____________________________________________________
_____________________________________________________
132,0,0.0000,
0,7,1,1,1,0,1,1,1,0,1,1,0,0
0,7,1,1,1,0,1,1,1,0,1,1,0,0
_____________________________________________________
_____________________________________________________
133,0,0.0000,
0,7,1,1,1,0,1,1,1,0,1,1,0,0
0,7,1,1,1,0,1,1,1,0,1,1,0,0
_____________________________________________________
_____________________________________________________
134,0,0.0000,
0,7,1,1,1,0,1,1,1,0,1,1,0,0
1,6,1,1,1,0,1,1,1,0,1,1,0,0
_____________________________________________________
_____________________________________________________
135,5,0.0000,
1,6,1,1,1,0,1,1,1,0,1,1,0,0
1,6,1,1,0,0,0,0,1,0,1,0,0,0
_____________________________________________________
_____________________________________________________
136,7,0.0000,
1,6,1,1,0,0,0,0,1,0,1,0,0,0
0,7,1,1,0,0,0,0,0,0,1,0,0,0
_____________________________________________________
_____________________________________________________
137,0,0.0000,
0,7,1,1,0,0,0,0,0,0,1,0,0,0
0,7,1,1,0,0,1,1,1,0,1,1,0,0
_____________________________________________________
_____________________________________________________
138,0,0.0000,
0,7,1,1,0,0,1,1,1,0,1,1,0,0
1,6,1,1,1,0,1,1,1,0,1,1,0,0
_____________________________________________________
_____________________________________________________
139,5,0.0000,
1,6,1,1,1,0,1,1,1,0,1,1,0,0
0,6,0,0,0,0,0,0,0,0,0,0,0,0
_____________________________________________________
