_____________________________________________________
0,11,0.0000,
5,3,1,1,1,1,1,1,1,1,1,1,1,1
4,3,1,0,1,1,1,0,1,1,1,1,0,1
_____________________________________________________
_____________________________________________________
1,5,0.0000,
4,3,1,0,1,1,1,0,1,1,1,1,0,1
4,3,1,0,1,1,1,0,1,1,1,1,0,1
_____________________________________________________
_____________________________________________________
2,5,0.0000,
4,3,1,0,1,1,1,0,1,1,1,1,0,1
4,3,1,0,0,1,1,0,1,1,1,1,0,1
_____________________________________________________
_____________________________________________________
3,5,0.0000,
4,3,1,0,0,1,1,0,1,1,1,1,0,1
4,2,1,0,0,1,0,0,1,1,1,0,0,1
_____________________________________________________
_____________________________________________________
4,12,0.0000,
4,2,1,0,0,1,0,0,1,1,1,0,0,1
4,3,1,0,1,1,1,0,0,1,1,1,0,0
_____________________________________________________
_____________________________________________________
5,5,0.0000,
4,3,1,0,1,1,1,0,0,1,1,1,0,0
3,3,1,0,0,1,0,0,0,1,1,1,0,0
_____________________________________________________
_____________________________________________________
6,9,0.0000,
3,3,1,0,0,1,0,0,0,1,1,1,0,0
2,3,1,0,1,1,1,0,0,0,0,1,0,0
_____________________________________________________
_____________________________________________________
7,5,0.0000,
2,3,1,0,1,1,1,0,0,0,0,1,0,0
1,3,1,0,0,1,1,0,0,0,0,1,0,0
_____________________________________________________
_____________________________________________________
8,5,0.0000,
1,3,1,0,0,1,1,0,0,0,0,1,0,0
0,7,1,0,0,1,0,0,0,0,0,1,0,0
_____________________________________________________
_____________________________________________________
9,0,0.0000,
0,7,1,0,0,1,0,0,0,0,0,1,0,0
0,7,1,0,1,1,1,0,0,0,0,1,0,0
_____________________________________________________
_____________________________________________________
10,0,0.0000,
0,7,1,0,1,1,1,0,0,0,0,1,0,0
1,6,1,0,1,1,1,0,0,0,0,1,0,0
_____________________________________________________
_____________________________________________________
11,5,0.0000,
1,6,1,0,1,1,1,0,0,0,0,1,0,0
1,6,1,0,0,1,0,1,0,0,0,0,1,0
_____________________________________________________
_____________________________________________________
12,11,0.0000,
1,6,1,0,0,1,0,1,0,0,0,0,1,0
1,6,1,0,0,1,1,0,0,0,0,1,0,0
_____________________________________________________
_____________________________________________________
13,5,0.0000,
1,6,1,0,0,1,1,0,0,0,0,1,0,0
1,6,0,0,0,0,1,0,0,0,1,1,1,1
_____________________________________________________
_____________________________________________________
14,11,0.0000,
1,6,0,0,0,0,1,0,0,0,1,1,1,1
0,7,0,0,0,0,1,0,1,0,1,0,0,1
_____________________________________________________
_____________________________________________________
15,0,0.0000,
0,7,0,0,0,0,1,0,1,0,1,0,0,1
0,7,0,0,0,1,1,0,1,0,1,0,0,1
_____________________________________________________
_____________________________________________________
16,0,0.0000,
0,7,0,0,0,1,1,0,1,0,1,0,0,1
0,7,1,0,1,1,1,0,1,0,1,0,0,1
_____________________________________________________
_____________________________________________________
17,0,0.0000,
0,7,1,0,1,1,1,0,1,0,1,0,0,1
0,7,1,0,1,1,1,0,1,0,1,0,0,1
_____________________________________________________
_____________________________________________________
18,0,0.0000,
0,7,1,0,1,1,1,0,1,0,1,0,0,1
1,6,1,0,1,1,1,0,1,0,1,0,0,1
_____________________________________________________
_____________________________________________________
19,5,0.0000,
1,6,1,0,1,1,1,0,1,0,1,0,0,1
1,6,1,0,1,1,0,0,1,0,1,0,0,1
_____________________________________________________
_____________________________________________________
20,7,0.0000,
1,6,1,0,1,1,0,0,1,0,1,0,0,1
1,6,1,0,1,0,1,0,0,0,1,0,0,1
_____________________________________________________
_____________________________________________________
21,5,0.0000,
1,6,1,0,1,0,1,0,0,0,1,0,0,1
1,6,1,0,1,0,0,0,0,0,1,1,1,1
_____________________________________________________
_____________________________________________________
22,11,0.0000,
1,6,1,0,1,0,0,0,0,0,1,1,1,1
0,7,1,0,1,1,0,0,1,0,1,0,0,1
_____________________________________________________
_____________________________________________________
23,0,0.0000,
0,7,1,0,1,1,0,0,1,0,1,0,0,1
0,7,1,0,1,1,0,0,1,0,1,0,0,1
_____________________________________________________
_____________________________________________________
24,0,0.0000,
0,7,1,0,1,1,0,0,1,0,1,0,0,1
0,7,1,0,1,1,0,1,1,1,1,0,0,1
_____________________________________________________
_____________________________________________________
25,0,0.0000,
0,7,1,0,1,1,0,1,1,1,1,0,0,1
0,7,1,0,1,1,0,1,1,1,1,0,1,1
_____________________________________________________
_____________________________________________________
26,0,0.0000,
0,7,1,0,1,1,0,1,1,1,1,0,1,1
0,7,1,0,1,1,0,1,1,1,1,1,1,1
_____________________________________________________
_____________________________________________________
27,0,0.0000,
0,7,1,0,1,1,0,1,1,1,1,1,1,1
0,7,0,1,0,1,1,1,1,1,1,1,1,1
_____________________________________________________
_____________________________________________________
28,0,0.0000,
0,7,0,1,0,1,1,1,1,1,1,1,1,1
0,7,0,1,0,1,1,1,1,1,1,1,1,1
_____________________________________________________
_____________________________________________________
29,0,0.0000,
0,7,0,1,0,1,1,1,1,1,1,1,1,1
1,6,0,1,0,1,1,1,1,1,1,1,1,1
_____________________________________________________
_____________________________________________________
30,11,0.0000,
1,6,0,1,0,1,1,1,1,1,1,1,1,1
1,6,0,1,0,1,1,1,1,1,0,1,0,1
_____________________________________________________
_____________________________________________________
31,5,0.0000,
1,6,0,1,0,1,1,1,1,1,0,1,0,1
0,7,0,1,0,1,0,0,1,1,0,1,0,1
_____________________________________________________
_____________________________________________________
32,0,0.0000,
0,7,0,1,0,1,0,0,1,1,0,1,0,1
1,6,0,1,0,1,0,0,1,1,0,1,0,1
_____________________________________________________
_____________________________________________________
33,7,0.0000,
1,6,0,1,0,1,0,0,1,1,0,1,0,1
1,6,0,1,0,1,0,0,0,1,0,1,0,1
_____________________________________________________
_____________________________________________________
34,2,0.0000,
1,6,0,1,0,1,0,0,0,1,0,1,0,1
1,6,0,1,0,1,0,0,0,1,0,1,0,1
_____________________________________________________
_____________________________________________________
35,2,0.0000,
1,6,0,1,0,1,0,0,0,1,0,1,0,1
1,6,0,0,0,1,0,0,1,0,0,1,0,0
_____________________________________________________
_____________________________________________________
36,7,0.0000,
1,6,0,0,0,1,0,0,1,0,0,1,0,0
0,7,0,0,0,1,0,0,0,0,0,1,0,0
_____________________________________________________
_____________________________________________________
37,0,0.0000,
0,7,0,0,0,1,0,0,0,0,0,1,0,0
0,7,0,1,0,1,0,0,0,1,0,1,0,1
_____________________________________________________
_____________________________________________________
38,0,0.0000,
0,7,0,1,0,1,0,0,0,1,0,1,0,1
0,7,0,1,0,1,0,0,0,1,0,1,0,1
_____________________________________________________
_____________________________________________________
39,0,0.0000,
0,7,0,1,0,1,0,0,0,1,0,1,0,1
0,7,0,1,0,1,0,0,0,1,0,1,0,1
_____________________________________________________
_____________________________________________________
40,0,0.0000,
0,7,0,1,0,1,0,0,0,1,0,1,0,1
0,7,0,1,0,1,0,0,0,1,0,1,0,1
_____________________________________________________
_____________________________________________________
41,0,0.0000,
0,7,0,1,0,1,0,0,0,1,0,1,0,1
0,7,0,0,0,1,1,1,0,1,1,0,1,1
_____________________________________________________
_____________________________________________________
42,0,0.0000,
0,7,0,0,0,1,1,1,0,1,1,0,1,1
0,7,0,0,0,1,1,1,0,1,1,0,1,1
_____________________________________________________
_____________________________________________________
43,0,0.0000,
0,7,0,0,0,1,1,1,0,1,1,0,1,1
0,7,0,0,0,1,1,1,0,1,1,1,1,1
_____________________________________________________
_____________________________________________________
44,0,0.0000,
0,7,0,0,0,1,1,1,0,1,1,1,1,1
0,7,0,0,0,1,1,1,0,1,1,1,1,1
_____________________________________________________
_____________________________________________________
45,0,0.0000,
0,7,0,0,0,1,1,1,0,1,1,1,1,1
0,7,0,0,0,1,1,1,0,1,1,1,1,1
_____________________________________________________
_____________________________________________________
46,0,0.0000,
0,7,0,0,0,1,1,1,0,1,1,1,1,1
1,6,0,0,0,1,1,1,0,1,1,1,1,1
_____________________________________________________
_____________________________________________________
47,11,0.0000,
1,6,0,0,0,1,1,1,0,1,1,1,1,1
0,7,0,0,0,1,1,1,0,1,1,1,0,1
_____________________________________________________
_____________________________________________________
48,0,0.0000,
0,7,0,0,0,1,1,1,0,1,1,1,0,1
1,6,0,0,0,1,1,1,0,1,1,1,0,1
_____________________________________________________
_____________________________________________________
49,5,0.0000,
1,6,0,0,0,1,1,1,0,1,1,1,0,1
0,7,0,0,0,1,1,1,0,1,1,1,0,1
_____________________________________________________
_____________________________________________________
50,0,0.0000,
0,7,0,0,0,1,1,1,0,1,1,1,0,1
0,7,0,0,0,1,1,1,0,1,1,1,0,1
_____________________________________________________
_____________________________________________________
51,0,0.0000,
0,7,0,0,0,1,1,1,0,1,1,1,0,1
1,6,0,0,0,1,1,1,0,1,1,1,0,1
_____________________________________________________
_____________________________________________________
52,5,0.0000,
1,6,0,0,0,1,1,1,0,1,1,1,0,1
0,7,0,0,0,1,1,1,0,1,1,1,0,1
_____________________________________________________
_____________________________________________________
53,0,0.0000,
0,7,0,0,0,1,1,1,0,1,1,1,0,1
1,6,0,0,0,1,1,1,0,1,1,1,0,1
_____________________________________________________
_____________________________________________________
54,6,0.0000,
1,6,0,0,0,1,1,1,0,1,1,1,0,1
1,6,0,0,0,1,1,0,0,1,1,1,0,1
_____________________________________________________
_____________________________________________________
55,5,0.0000,
1,6,0,0,0,1,1,0,0,1,1,1,0,1
0,7,0,1,0,1,1,1,0,0,0,1,1,0
_____________________________________________________
_____________________________________________________
56,0,0.0000,
0,7,0,1,0,1,1,1,0,0,0,1,1,0
1,6,0,1,0,1,1,1,0,0,0,1,1,0
_____________________________________________________
_____________________________________________________
57,11,0.0000,
1,6,0,1,0,1,1,1,0,0,0,1,1,0
0,7,0,1,0,1,1,1,0,0,0,1,0,0
_____________________________________________________
_____________________________________________________
58,0,0.0000,
0,7,0,1,0,1,1,1,0,0,0,1,0,0
1,6,0,1,0,1,1,1,0,0,0,1,0,0
_____________________________________________________
_____________________________________________________
59,5,0.0000,
1,6,0,1,0,1,1,1,0,0,0,1,0,0
0,7,0,1,0,1,0,1,0,0,0,1,1,0
_____________________________________________________
_____________________________________________________
60,0,0.0000,
0,7,0,1,0,1,0,1,0,0,0,1,1,0
0,7,0,1,0,1,0,1,0,0,0,1,1,0
_____________________________________________________
_____________________________________________________
61,0,0.0000,
0,7,0,1,0,1,0,1,0,0,0,1,1,0
1,6,0,1,0,1,0,1,0,0,0,1,1,0
_____________________________________________________
_____________________________________________________
62,11,0.0000,
1,6,0,1,0,1,0,1,0,0,0,1,1,0
1,6,0,1,0,1,0,1,0,0,0,1,0,0
_____________________________________________________
_____________________________________________________
63,6,0.0000,
1,6,0,1,0,1,0,1,0,0,0,1,0,0
1,6,0,1,0,1,0,0,0,0,0,0,0,0
_____________________________________________________
_____________________________________________________
64,2,0.0000,
1,6,0,1,0,1,0,0,0,0,0,0,0,0
0,7,0,0,0,0,1,0,0,0,0,0,0,0
_____________________________________________________
_____________________________________________________
65,0,0.0000,
0,7,0,0,0,0,1,0,0,0,0,0,0,0
1,6,0,0,0,0,1,0,0,0,0,0,1,0
_____________________________________________________
_____________________________________________________
66,11,0.0000,
1,6,0,0,0,0,1,0,0,0,0,0,1,0
0,7,0,0,0,0,1,0,0,0,0,0,0,0
_____________________________________________________
_____________________________________________________
67,0,0.0000,
0,7,0,0,0,0,1,0,0,0,0,0,0,0
0,7,0,0,0,0,1,0,0,0,0,0,0,0
_____________________________________________________
_____________________________________________________
68,0,0.0000,
0,7,0,0,0,0,1,0,0,0,0,0,0,0
1,6,0,0,0,0,1,0,0,0,0,0,0,0
_____________________________________________________
_____________________________________________________
69,5,0.0000,
1,6,0,0,0,0,1,0,0,0,0,0,0,0
1,6,0,0,0,0,1,0,0,0,0,0,0,0
_____________________________________________________
_____________________________________________________
70,5,0.0000,
1,6,0,0,0,0,1,0,0,0,0,0,0,0
0,7,0,0,0,0,0,0,0,0,0,0,0,0
_____________________________________________________
_____________________________________________________
71,0,0.0000,
0,7,0,0,0,0,0,0,0,0,0,0,0,0
1,6,0,0,0,0,0,0,0,1,0,0,0,0
_____________________________________________________
_____________________________________________________
72,8,0.0000,
1,6,0,0,0,0,0,0,0,1,0,0,0,0
1,6,1,0,0,0,0,0,0,0,0,0,1,0
_____________________________________________________
_____________________________________________________
73,11,0.0000,
1,6,1,0,0,0,0,0,0,0,0,0,1,0
1,6,1,0,0,0,0,1,0,0,0,1,0,0
_____________________________________________________
_____________________________________________________
74,6,0.0000,
1,6,1,0,0,0,0,1,0,0,0,1,0,0
1,6,1,0,0,0,1,0,0,0,0,0,0,0
_____________________________________________________
_____________________________________________________
75,5,0.0000,
1,6,1,0,0,0,1,0,0,0,0,0,0,0
0,7,1,0,0,0,0,0,0,0,0,0,1,0
_____________________________________________________
_____________________________________________________
76,0,0.0000,
0,7,1,0,0,0,0,0,0,0,0,0,1,0
1,6,1,0,1,0,0,0,0,0,0,0,1,0
_____________________________________________________
_____________________________________________________
77,11,0.0000,
1,6,1,0,1,0,0,0,0,0,0,0,1,0
0,7,1,0,0,0,0,0,0,0,0,0,1,0
_____________________________________________________
_____________________________________________________
78,0,0.0000,
0,7,1,0,0,0,0,0,0,0,0,0,1,0
0,7,1,0,1,0,0,0,0,1,0,0,1,0
_____________________________________________________
_____________________________________________________
79,0,0.0000,
0,7,1,0,1,0,0,0,0,1,0,0,1,0
1,6,1,0,1,1,0,0,0,1,0,0,1,0
_____________________________________________________
_____________________________________________________
80,11,0.0000,
1,6,1,0,1,1,0,0,0,1,0,0,1,0
1,6,1,0,0,1,1,0,0,1,0,1,0,0
_____________________________________________________
_____________________________________________________
81,5,0.0000,
1,6,1,0,0,1,1,0,0,1,0,1,0,0
1,6,1,0,0,1,0,1,0,1,0,1,1,0
_____________________________________________________
_____________________________________________________
82,11,0.0000,
1,6,1,0,0,1,0,1,0,1,0,1,1,0
0,7,1,0,0,1,0,1,0,1,0,1,0,0
_____________________________________________________
_____________________________________________________
83,0,0.0000,
0,7,1,0,0,1,0,1,0,1,0,1,0,0
1,6,0,1,1,1,1,0,0,1,0,0,1,1
_____________________________________________________
_____________________________________________________
84,11,0.0000,
1,6,0,1,1,1,1,0,0,1,0,0,1,1
0,7,0,1,1,1,0,0,0,1,0,1,0,1
_____________________________________________________
_____________________________________________________
85,0,0.0000,
0,7,0,1,1,1,0,0,0,1,0,1,0,1
0,7,1,1,1,1,0,0,1,1,0,1,0,1
_____________________________________________________
_____________________________________________________
86,0,0.0000,
0,7,1,1,1,1,0,0,1,1,0,1,0,1
1,6,1,1,1,1,0,0,1,1,0,1,1,1
_____________________________________________________
_____________________________________________________
87,11,0.0000,
1,6,1,1,1,1,0,0,1,1,0,1,1,1
0,7,1,1,1,1,0,0,1,1,0,1,0,1
_____________________________________________________
_____________________________________________________
88,0,0.0000,
0,7,1,1,1,1,0,0,1,1,0,1,0,1
1,6,1,1,1,1,0,0,1,1,0,1,0,1
_____________________________________________________
_____________________________________________________
89,7,0.0000,
1,6,1,1,1,1,0,0,1,1,0,1,0,1
1,6,1,1,1,1,0,0,1,1,0,1,1,1
_____________________________________________________
_____________________________________________________
90,11,0.0000,
1,6,1,1,1,1,0,0,1,1,0,1,1,1
0,7,1,1,1,1,0,0,1,1,0,1,0,1
_____________________________________________________
_____________________________________________________
91,0,0.0000,
0,7,1,1,1,1,0,0,1,1,0,1,0,1
1,6,1,1,1,1,0,0,1,1,0,1,0,1
_____________________________________________________
_____________________________________________________
92,7,0.0000,
1,6,1,1,1,1,0,0,1,1,0,1,0,1
1,6,1,1,1,1,0,0,0,1,0,0,0,1
_____________________________________________________
_____________________________________________________
93,2,0.0000,
1,6,1,1,1,1,0,0,0,1,0,0,0,1
1,6,1,1,1,1,0,0,0,1,0,1,0,1
_____________________________________________________
_____________________________________________________
94,2,0.0000,
1,6,1,1,1,1,0,0,0,1,0,1,0,1
0,7,1,0,1,1,0,0,1,0,0,1,0,1
_____________________________________________________
_____________________________________________________
95,0,0.0000,
0,7,1,0,1,1,0,0,1,0,0,1,0,1
0,7,1,0,1,1,1,0,1,0,0,1,1,1
_____________________________________________________
_____________________________________________________
96,0,0.0000,
0,7,1,0,1,1,1,0,1,0,0,1,1,1
0,7,1,0,1,1,1,0,1,0,0,1,1,1
_____________________________________________________
_____________________________________________________
97,0,0.0000,
0,7,1,0,1,1,1,0,1,0,0,1,1,1
1,6,0,0,1,1,0,1,1,0,0,0,0,0
_____________________________________________________
_____________________________________________________
98,7,0.0000,
1,6,0,0,1,1,0,1,1,0,0,0,0,0
1,6,0,0,1,1,0,1,0,0,0,0,0,0
_____________________________________________________
_____________________________________________________
99,6,0.0000,
1,6,0,0,1,1,0,1,0,0,0,0,0,0
1,6,0,0,1,1,0,0,0,1,0,1,1,0
_____________________________________________________
_____________________________________________________
100,11,0.0000,
1,6,0,0,1,1,0,0,0,1,0,1,1,0
1,6,0,0,1,1,0,0,0,0,0,0,0,0
_____________________________________________________
_____________________________________________________
101,3,0.0000,
1,6,0,0,1,1,0,0,0,0,0,0,0,0
1,6,1,0,0,0,0,0,0,1,0,1,1,0
_____________________________________________________
_____________________________________________________
102,11,0.0000,
1,6,1,0,0,0,0,0,0,1,0,1,1,0
0,7,0,0,0,0,0,1,0,0,0,0,0,0
_____________________________________________________
_____________________________________________________
103,0,0.0000,
0,7,0,0,0,0,0,1,0,0,0,0,0,0
0,7,0,0,0,0,0,1,0,0,0,0,0,0
_____________________________________________________
_____________________________________________________
104,0,0.0000,
0,7,0,0,0,0,0,1,0,0,0,0,0,0
0,7,0,0,0,0,0,1,1,0,0,0,1,0
_____________________________________________________
_____________________________________________________
105,0,0.0000,
0,7,0,0,0,0,0,1,1,0,0,0,1,0
0,7,1,0,0,0,0,1,1,1,0,1,1,0
_____________________________________________________
_____________________________________________________
106,0,0.0000,
0,7,1,0,0,0,0,1,1,1,0,1,1,0
1,6,1,0,0,0,0,1,1,1,0,1,1,0
_____________________________________________________
_____________________________________________________
107,11,0.0000,
1,6,1,0,0,0,0,1,1,1,0,1,1,0
1,6,0,0,0,0,0,1,1,0,0,0,0,0
_____________________________________________________
_____________________________________________________
108,7,0.0000,
1,6,0,0,0,0,0,1,1,0,0,0,0,0
1,6,0,0,0,0,0,1,0,0,0,0,0,0
_____________________________________________________
_____________________________________________________
109,6,0.0000,
1,6,0,0,0,0,0,1,0,0,0,0,0,0
0,7,0,0,1,1,0,0,0,1,0,1,1,0
_____________________________________________________
_____________________________________________________
110,0,0.0000,
0,7,0,0,1,1,0,0,0,1,0,1,1,0
1,6,1,0,1,1,0,0,0,1,0,1,1,0
_____________________________________________________
_____________________________________________________
111,11,0.0000,
1,6,1,0,1,1,0,0,0,1,0,1,1,0
1,6,1,0,0,0,0,0,1,1,0,1,1,0
_____________________________________________________
_____________________________________________________
112,11,0.0000,
1,6,1,0,0,0,0,0,1,1,0,1,1,0
1,6,1,0,0,0,0,0,1,1,0,1,0,0
_____________________________________________________
_____________________________________________________
113,7,0.0000,
1,6,1,0,0,0,0,0,1,1,0,1,0,0
1,6,1,0,0,0,0,0,0,0,0,0,0,0
_____________________________________________________
_____________________________________________________
114,1,0.0000,
1,6,1,0,0,0,0,0,0,0,0,0,0,0
1,6,0,0,0,0,0,0,0,0,0,0,1,0
_____________________________________________________
_____________________________________________________
115,11,0.0000,
1,6,0,0,0,0,0,0,0,0,0,0,1,0
1,6,0,0,0,0,0,0,0,0,0,0,0,0
_____________________________________________________
_____________________________________________________
116,0,0.0000,
1,6,0,0,0,0,0,0,0,0,0,0,0,0
1,5,0,0,0,0,1,0,0,0,0,0,0,1
_____________________________________________________
_____________________________________________________
117,5,0.0000,
1,5,0,0,0,0,1,0,0,0,0,0,0,1
1,6,0,0,0,1,0,0,0,0,0,0,0,0
_____________________________________________________
_____________________________________________________
118,0,0.0000,
1,6,0,0,0,1,0,0,0,0,0,0,0,0
2,5,1,0,0,1,0,0,0,0,0,0,0,0
_____________________________________________________
_____________________________________________________
119,1,0.0000,
2,5,1,0,0,1,0,0,0,0,0,0,0,0
1,5,0,0,0,1,0,0,0,0,0,0,0,0
_____________________________________________________
_____________________________________________________
120,0,0.0000,
1,5,0,0,0,1,0,0,0,0,0,0,0,0
1,4,0,0,0,1,0,0,0,0,0,0,0,0
_____________________________________________________
_____________________________________________________
121,0,0.0000,
1,4,0,0,0,1,0,0,0,0,0,0,0,0
2,3,0,0,0,1,0,0,0,1,0,1,1,0
_____________________________________________________
_____________________________________________________
122,11,0.0000,
2,3,0,0,0,1,0,0,0,1,0,1,1,0
2,5,0,0,0,1,0,1,1,1,0,1,0,0
_____________________________________________________
_____________________________________________________
123,7,0.0000,
2,5,0,0,0,1,0,1,1,1,0,1,0,0
2,5,1,0,0,1,0,1,0,0,0,0,0,0
_____________________________________________________
_____________________________________________________
124,6,0.0000,
2,5,1,0,0,1,0,1,0,0,0,0,0,0
1,5,1,0,0,1,0,0,0,0,0,0,0,0
_____________________________________________________
_____________________________________________________
125,1,0.0000,
1,5,1,0,0,1,0,0,0,0,0,0,0,0
1,6,0,0,0,1,0,0,0,0,0,1,0,0
_____________________________________________________
_____________________________________________________
126,10,0.0000,
1,6,0,0,0,1,0,0,0,0,0,1,0,0
1,6,0,0,0,0,0,0,0,0,1,0,0,0
_____________________________________________________
_____________________________________________________
127,9,0.0000,
1,6,0,0,0,0,0,0,0,0,1,0,0,0
0,7,0,0,0,0,0,1,0,0,0,0,0,0
_____________________________________________________
_____________________________________________________
128,0,0.0000,
0,7,0,0,0,0,0,1,0,0,0,0,0,0
1,6,0,0,1,1,0,1,0,0,0,1,0,0
_____________________________________________________
_____________________________________________________
129,6,0.0000,
1,6,0,0,1,1,0,1,0,0,0,1,0,0
0,7,0,0,0,1,0,0,0,0,0,1,0,0
_____________________________________________________
_____________________________________________________
130,0,0.0000,
0,7,0,0,0,1,0,0,0,0,0,1,0,0
0,7,0,0,0,1,0,1,0,0,0,1,0,0
_____________________________________________________
_____________________________________________________
131,0,0.0000,
0,7,0,0,0,1,0,1,0,0,0,1,0,0
0,7,0,1,1,1,1,1,0,0,1,1,0,0
_____________________________________________________
_____________________________________________________
132,0,0.0000,
0,7,0,1,1,1,1,1,0,0,1,1,0,0
1,6,0,1,1,1,1,1,0,0,1,1,0,0
_____________________________________________________
_____________________________________________________
133,5,0.0000,
1,6,0,1,1,1,1,1,0,0,1,1,0,0
1,6,0,0,1,1,0,1,0,0,1,1,0,0
_____________________________________________________
_____________________________________________________
134,6,0.0000,
1,6,0,0,1,1,0,1,0,0,1,1,0,0
0,7,0,0,1,1,0,1,0,0,1,1,0,0
_____________________________________________________
_____________________________________________________
135,0,0.0000,
0,7,0,0,1,1,0,1,0,0,1,1,0,0
0,7,0,0,1,1,0,1,0,0,1,1,0,0
_____________________________________________________
_____________________________________________________
136,0,0.0000,
0,7,0,0,1,1,0,1,0,0,1,1,0,0
1,6,0,0,1,1,0,1,0,0,1,1,0,0
_____________________________________________________
_____________________________________________________
137,6,0.0000,
1,6,0,0,1,1,0,1,0,0,1,1,0,0
0,7,0,0,0,1,0,0,0,0,1,1,0,0
_____________________________________________________
_____________________________________________________
138,0,0.0000,
0,7,0,0,0,1,0,0,0,0,1,1,0,0
0,7,0,0,0,1,0,0,0,0,1,1,0,0
_____________________________________________________
_____________________________________________________
139,0,0.0000,
0,7,0,0,0,1,0,0,0,0,1,1,0,0
0,7,0,0,0,0,0,0,0,0,0,0,0,0
_____________________________________________________
