_____________________________________________________
0,11,0.0000,
1,6,0,1,0,1,1,1,0,1,1,1,1,1
1,6,0,1,0,1,1,1,0,1,0,1,0,1
_____________________________________________________
_____________________________________________________
1,5,0.0000,
1,6,0,1,0,1,1,1,0,1,0,1,0,1
1,6,0,1,0,1,0,0,0,1,0,0,0,1
_____________________________________________________
_____________________________________________________
2,12,0.0000,
1,6,0,1,0,1,0,0,0,1,0,0,0,1
0,7,0,1,0,1,0,0,0,1,1,0,1,0
_____________________________________________________
_____________________________________________________
3,0,0.0000,
0,7,0,1,0,1,0,0,0,1,1,0,1,0
0,7,0,1,0,0,0,0,0,1,1,0,1,0
_____________________________________________________
_____________________________________________________
4,0,0.0000,
0,7,0,1,0,0,0,0,0,1,1,0,1,0
0,7,0,1,0,0,0,0,0,1,1,0,1,0
_____________________________________________________
_____________________________________________________
5,0,0.0000,
0,7,0,1,0,0,0,0,0,1,1,0,1,0
1,6,0,1,0,0,0,0,0,1,1,0,1,0
_____________________________________________________
_____________________________________________________
6,11,0.0000,
1,6,0,1,0,0,0,0,0,1,1,0,1,0
0,7,0,1,0,0,0,0,0,1,0,0,1,0
_____________________________________________________
_____________________________________________________
7,0,0.0000,
0,7,0,1,0,0,0,0,0,1,0,0,1,0
0,7,0,1,0,0,0,0,0,1,1,0,1,0
_____________________________________________________
_____________________________________________________
8,0,0.0000,
0,7,0,1,0,0,0,0,0,1,1,0,1,0
0,7,0,1,0,0,0,0,0,1,1,0,1,0
_____________________________________________________
_____________________________________________________
9,0,0.0000,
0,7,0,1,0,0,0,0,0,1,1,0,1,0
1,6,0,1,0,0,0,0,1,1,1,0,1,0
_____________________________________________________
_____________________________________________________
10,11,0.0000,
1,6,0,1,0,0,0,0,1,1,1,0,1,0
1,6,0,1,0,0,0,0,1,1,0,0,0,0
_____________________________________________________
_____________________________________________________
11,7,0.0000,
1,6,0,1,0,0,0,0,1,1,0,0,0,0
1,6,0,1,0,0,0,0,0,1,1,0,1,0
_____________________________________________________
_____________________________________________________
12,11,0.0000,
1,6,0,1,0,0,0,0,0,1,1,0,1,0
0,7,0,1,0,0,0,0,0,1,0,0,0,0
_____________________________________________________
_____________________________________________________
13,0,0.0000,
0,7,0,1,0,0,0,0,0,1,0,0,0,0
1,6,0,0,0,0,0,0,1,0,0,0,0,0
_____________________________________________________
_____________________________________________________
14,7,0.0000,
1,6,0,0,0,0,0,0,1,0,0,0,0,0
1,6,0,0,0,0,0,0,0,0,0,0,0,0
_____________________________________________________
_____________________________________________________
15,0,0.0000,
1,6,0,0,0,0,0,0,0,0,0,0,0,0
2,5,0,0,0,0,0,0,0,0,0,0,0,0
_____________________________________________________
_____________________________________________________
16,9,-1.0000,
2,5,0,0,0,0,0,0,0,0,0,0,0,0
2,5,0,0,0,0,0,0,0,-1,1,1,1,0
_____________________________________________________
_____________________________________________________
17,11,0.0000,
2,5,0,0,0,0,0,0,0,-1,1,1,1,0
2,5,0,0,1,0,0,0,0,1,1,1,0,0
_____________________________________________________
_____________________________________________________
18,9,0.0000,
2,5,0,0,1,0,0,0,0,1,1,1,0,0
1,5,0,0,1,0,0,0,0,0,0,0,0,0
_____________________________________________________
_____________________________________________________
19,3,0.0000,
1,5,0,0,1,0,0,0,0,0,0,0,0,0
0,7,0,0,0,0,0,0,0,0,0,0,0,0
_____________________________________________________
_____________________________________________________
20,0,0.0000,
0,7,0,0,0,0,0,0,0,0,0,0,0,0
1,6,0,0,0,0,0,0,0,0,0,0,0,0
_____________________________________________________
_____________________________________________________
21,0,0.0000,
1,6,0,0,0,0,0,0,0,0,0,0,0,0
1,5,0,0,0,0,0,0,0,0,0,0,0,0
_____________________________________________________
_____________________________________________________
22,0,0.0000,
1,5,0,0,0,0,0,0,0,0,0,0,0,0
2,4,0,0,0,0,0,0,0,0,0,0,0,0
_____________________________________________________
_____________________________________________________
23,9,-1.0000,
2,4,0,0,0,0,0,0,0,0,0,0,0,0
1,5,0,0,0,0,0,0,1,-1,-1,-1,0,0
_____________________________________________________
_____________________________________________________
24,9,0.0000,
1,5,0,0,0,0,0,0,1,-1,-1,-1,0,0
1,6,1,1,0,0,0,0,1,-1,0,0,0,0
_____________________________________________________
_____________________________________________________
25,7,0.0000,
1,6,1,1,0,0,0,0,1,-1,0,0,0,0
0,7,0,0,0,0,0,0,0,0,0,0,0,0
_____________________________________________________
_____________________________________________________
26,0,0.0000,
0,7,0,0,0,0,0,0,0,0,0,0,0,0
1,6,1,1,0,0,0,0,1,0,0,0,0,0
_____________________________________________________
_____________________________________________________
27,7,0.0000,
1,6,1,1,0,0,0,0,1,0,0,0,0,0
1,6,0,0,0,0,0,0,0,0,0,0,0,0
_____________________________________________________
_____________________________________________________
28,0,0.0000,
1,6,0,0,0,0,0,0,0,0,0,0,0,0
2,5,0,0,0,0,0,0,0,0,0,0,0,0
_____________________________________________________
_____________________________________________________
29,9,-1.0000,
2,5,0,0,0,0,0,0,0,0,0,0,0,0
1,5,0,0,0,0,0,0,0,-1,-1,0,0,0
_____________________________________________________
_____________________________________________________
30,9,0.0000,
1,5,0,0,0,0,0,0,0,-1,-1,0,0,0
1,6,0,0,0,0,0,0,0,-1,0,0,0,0
_____________________________________________________
_____________________________________________________
31,0,0.0000,
1,6,0,0,0,0,0,0,0,-1,0,0,0,0
1,5,0,0,0,0,0,0,0,0,0,0,0,0
_____________________________________________________
_____________________________________________________
32,0,0.0000,
1,5,0,0,0,0,0,0,0,0,0,0,0,0
2,4,0,0,0,0,0,1,0,0,0,0,0,0
_____________________________________________________
_____________________________________________________
33,6,0.0000,
2,4,0,0,0,0,0,1,0,0,0,0,0,0
1,5,0,0,0,0,0,0,0,0,0,0,0,0
_____________________________________________________
_____________________________________________________
34,0,0.0000,
1,5,0,0,0,0,0,0,0,0,0,0,0,0
2,4,0,0,0,0,1,1,0,0,0,0,0,0
_____________________________________________________
_____________________________________________________
35,5,0.0000,
2,4,0,0,0,0,1,1,0,0,0,0,0,0
2,5,0,0,0,0,0,0,0,1,1,0,0,0
_____________________________________________________
_____________________________________________________
36,9,0.0000,
2,5,0,0,0,0,0,0,0,1,1,0,0,0
1,5,0,0,0,0,1,1,0,0,0,0,0,0
_____________________________________________________
_____________________________________________________
37,5,0.0000,
1,5,0,0,0,0,1,1,0,0,0,0,0,0
1,6,0,0,0,0,0,0,0,0,0,0,0,0
_____________________________________________________
_____________________________________________________
38,0,0.0000,
1,6,0,0,0,0,0,0,0,0,0,0,0,0
1,5,0,0,0,0,0,0,0,0,0,0,0,0
_____________________________________________________
_____________________________________________________
39,0,0.0000,
1,5,0,0,0,0,0,0,0,0,0,0,0,0
1,4,0,0,0,0,0,0,0,0,0,0,1,0
_____________________________________________________
_____________________________________________________
40,11,0.0000,
1,4,0,0,0,0,0,0,0,0,0,0,1,0
1,6,0,0,0,0,0,0,0,0,0,0,0,0
_____________________________________________________
_____________________________________________________
41,0,0.0000,
1,6,0,0,0,0,0,0,0,0,0,0,0,0
2,5,0,0,0,0,0,1,0,0,0,0,1,0
_____________________________________________________
_____________________________________________________
42,11,0.0000,
2,5,0,0,0,0,0,1,0,0,0,0,1,0
2,5,0,0,0,0,0,1,0,0,0,0,0,0
_____________________________________________________
_____________________________________________________
43,6,0.0000,
2,5,0,0,0,0,0,1,0,0,0,0,0,0
1,5,0,0,0,0,0,0,0,0,0,0,0,0
_____________________________________________________
_____________________________________________________
44,0,0.0000,
1,5,0,0,0,0,0,0,0,0,0,0,0,0
1,4,0,0,0,0,0,0,0,0,0,0,0,0
_____________________________________________________
_____________________________________________________
45,0,0.0000,
1,4,0,0,0,0,0,0,0,0,0,0,0,0
1,3,0,0,0,0,0,0,0,0,0,0,0,0
_____________________________________________________
_____________________________________________________
46,0,0.0000,
1,3,0,0,0,0,0,0,0,0,0,0,0,0
1,2,0,0,0,0,0,0,0,0,0,0,0,0
_____________________________________________________
_____________________________________________________
47,9,-1.0000,
1,2,0,0,0,0,0,0,0,0,0,0,0,0
1,6,-1,-1,0,0,0,0,0,0,-1,0,0,0
_____________________________________________________
_____________________________________________________
48,9,0.0000,
1,6,-1,-1,0,0,0,0,0,0,-1,0,0,0
0,7,-1,-1,0,0,0,0,0,0,-1,0,1,0
_____________________________________________________
_____________________________________________________
49,0,0.0000,
0,7,-1,-1,0,0,0,0,0,0,-1,0,1,0
1,6,-1,-1,0,0,0,0,0,0,-1,0,1,0
_____________________________________________________
_____________________________________________________
50,9,0.0000,
1,6,-1,-1,0,0,0,0,0,0,-1,0,1,0
1,6,-1,-1,0,0,0,0,0,0,-1,0,1,0
_____________________________________________________
_____________________________________________________
51,9,0.0000,
1,6,-1,-1,0,0,0,0,0,0,-1,0,1,0
0,7,-1,-1,0,0,0,0,0,0,-1,0,1,0
_____________________________________________________
_____________________________________________________
52,0,0.0000,
0,7,-1,-1,0,0,0,0,0,0,-1,0,1,0
0,7,-1,-1,0,1,1,0,0,0,-1,0,1,0
_____________________________________________________
_____________________________________________________
53,0,0.0000,
0,7,-1,-1,0,1,1,0,0,0,-1,0,1,0
0,7,-1,-1,0,1,1,0,0,0,-1,0,1,0
_____________________________________________________
_____________________________________________________
54,0,0.0000,
0,7,-1,-1,0,1,1,0,0,0,-1,0,1,0
0,7,-1,-1,0,1,1,0,0,0,-1,0,1,0
_____________________________________________________
_____________________________________________________
55,0,0.0000,
0,7,-1,-1,0,1,1,0,0,0,-1,0,1,0
1,6,0,1,0,0,0,0,0,-1,0,0,0,-1
_____________________________________________________
_____________________________________________________
56,12,0.0000,
1,6,0,1,0,0,0,0,0,-1,0,0,0,-1
1,6,0,1,0,0,0,0,0,-1,0,0,0,-1
_____________________________________________________
_____________________________________________________
57,12,0.0000,
1,6,0,1,0,0,0,0,0,-1,0,0,0,-1
1,6,0,1,0,0,0,0,0,-1,0,0,0,-1
_____________________________________________________
_____________________________________________________
58,12,0.0000,
1,6,0,1,0,0,0,0,0,-1,0,0,0,-1
1,6,0,1,0,0,0,0,0,-1,0,0,1,-1
_____________________________________________________
_____________________________________________________
59,12,0.0000,
1,6,0,1,0,0,0,0,0,-1,0,0,1,-1
1,6,1,1,0,0,0,0,1,-1,0,0,1,-1
_____________________________________________________
_____________________________________________________
60,12,0.0000,
1,6,1,1,0,0,0,0,1,-1,0,0,1,-1
1,6,1,1,0,0,0,1,1,-1,0,0,1,-1
_____________________________________________________
_____________________________________________________
61,6,0.0000,
1,6,1,1,0,0,0,1,1,-1,0,0,1,-1
1,6,1,1,0,0,0,0,0,-1,0,0,1,-1
_____________________________________________________
_____________________________________________________
62,12,0.0000,
1,6,1,1,0,0,0,0,0,-1,0,0,1,-1
1,6,1,1,0,0,0,0,0,-1,0,0,1,-1
_____________________________________________________
_____________________________________________________
63,12,0.0000,
1,6,1,1,0,0,0,0,0,-1,0,0,1,-1
0,7,1,0,0,0,0,0,0,-1,0,0,1,-1
_____________________________________________________
_____________________________________________________
64,0,0.0000,
0,7,1,0,0,0,0,0,0,-1,0,0,1,-1
1,6,1,0,0,0,0,0,0,-1,0,0,1,-1
_____________________________________________________
_____________________________________________________
65,12,0.0000,
1,6,1,0,0,0,0,0,0,-1,0,0,1,-1
1,6,1,0,1,0,0,0,0,-1,0,0,1,-1
_____________________________________________________
_____________________________________________________
66,12,0.0000,
1,6,1,0,1,0,0,0,0,-1,0,0,1,-1
1,6,1,0,1,0,0,0,0,-1,1,0,1,-1
_____________________________________________________
_____________________________________________________
67,12,0.0000,
1,6,1,0,1,0,0,0,0,-1,1,0,1,-1
1,6,1,0,1,1,0,1,1,-1,1,0,1,-1
_____________________________________________________
_____________________________________________________
68,11,0.0000,
1,6,1,0,1,1,0,1,1,-1,1,0,1,-1
1,6,0,0,1,1,0,1,1,-1,1,0,0,-1
_____________________________________________________
_____________________________________________________
69,7,0.0000,
1,6,0,0,1,1,0,1,1,-1,1,0,0,-1
1,6,-1,1,1,0,0,0,1,0,0,1,0,1
_____________________________________________________
_____________________________________________________
70,7,0.0000,
1,6,-1,1,1,0,0,0,1,0,0,1,0,1
1,6,-1,1,1,0,0,0,0,0,0,1,0,1
_____________________________________________________
_____________________________________________________
71,1,0.0000,
1,6,-1,1,1,0,0,0,0,0,0,1,0,1
1,6,-1,1,1,0,0,0,0,0,0,1,0,1
_____________________________________________________
_____________________________________________________
72,1,0.0000,
1,6,-1,1,1,0,0,0,0,0,0,1,0,1
1,6,-1,1,1,0,0,0,0,0,0,1,0,1
_____________________________________________________
_____________________________________________________
73,1,0.0000,
1,6,-1,1,1,0,0,0,0,0,0,1,0,1
1,6,-1,1,1,0,0,0,0,0,0,1,0,1
_____________________________________________________
_____________________________________________________
74,1,0.0000,
1,6,-1,1,1,0,0,0,0,0,0,1,0,1
0,7,-1,1,1,0,0,0,0,0,0,1,0,1
_____________________________________________________
_____________________________________________________
75,0,0.0000,
0,7,-1,1,1,0,0,0,0,0,0,1,0,1
0,7,-1,1,1,0,0,0,0,1,0,1,0,1
_____________________________________________________
_____________________________________________________
76,0,0.0000,
0,7,-1,1,1,0,0,0,0,1,0,1,0,1
0,7,-1,1,1,0,0,0,1,1,0,1,0,1
_____________________________________________________
_____________________________________________________
77,0,0.0000,
0,7,-1,1,1,0,0,0,1,1,0,1,0,1
0,7,-1,1,1,0,0,0,1,1,0,1,0,1
_____________________________________________________
_____________________________________________________
78,0,0.0000,
0,7,-1,1,1,0,0,0,1,1,0,1,0,1
0,7,-1,1,1,0,0,0,1,1,0,1,0,0
_____________________________________________________
_____________________________________________________
79,0,0.0000,
0,7,-1,1,1,0,0,0,1,1,0,1,0,0
0,7,-1,1,0,0,0,0,1,1,0,0,0,0
_____________________________________________________
_____________________________________________________
80,0,0.0000,
0,7,-1,1,0,0,0,0,1,1,0,0,0,0
0,7,-1,1,0,0,0,0,1,1,0,0,0,0
_____________________________________________________
_____________________________________________________
81,0,0.0000,
0,7,-1,1,0,0,0,0,1,1,0,0,0,0
1,6,-1,1,0,0,0,0,1,1,0,0,0,0
_____________________________________________________
_____________________________________________________
82,1,0.0000,
1,6,-1,1,0,0,0,0,1,1,0,0,0,0
1,6,-1,1,0,0,0,0,1,0,0,0,0,0
_____________________________________________________
_____________________________________________________
83,1,0.0000,
1,6,-1,1,0,0,0,0,1,0,0,0,0,0
1,6,0,0,0,0,0,1,1,1,-1,1,0,1
_____________________________________________________
_____________________________________________________
84,7,0.0000,
1,6,0,0,0,0,0,1,1,1,-1,1,0,1
1,6,0,0,0,0,0,1,0,1,-1,1,0,1
_____________________________________________________
_____________________________________________________
85,6,0.0000,
1,6,0,0,0,0,0,1,0,1,-1,1,0,1
0,7,0,0,0,0,0,0,0,0,-1,1,0,0
_____________________________________________________
_____________________________________________________
86,0,0.0000,
0,7,0,0,0,0,0,0,0,0,-1,1,0,0
1,6,0,0,0,0,0,0,0,0,-1,1,0,0
_____________________________________________________
_____________________________________________________
87,9,0.0000,
1,6,0,0,0,0,0,0,0,0,-1,1,0,0
1,6,0,1,0,0,1,0,0,0,-1,0,0,0
_____________________________________________________
_____________________________________________________
88,9,0.0000,
1,6,0,1,0,0,1,0,0,0,-1,0,0,0
0,7,0,1,0,0,1,0,0,0,-1,0,0,0
_____________________________________________________
_____________________________________________________
89,0,0.0000,
0,7,0,1,0,0,1,0,0,0,-1,0,0,0
1,6,0,1,0,0,1,0,0,0,-1,0,0,0
_____________________________________________________
_____________________________________________________
90,9,0.0000,
1,6,0,1,0,0,1,0,0,0,-1,0,0,0
0,7,0,1,0,0,1,0,0,0,-1,0,0,0
_____________________________________________________
_____________________________________________________
91,0,0.0000,
0,7,0,1,0,0,1,0,0,0,-1,0,0,0
0,7,0,1,0,0,1,0,0,0,-1,0,0,0
_____________________________________________________
_____________________________________________________
92,0,0.0000,
0,7,0,1,0,0,1,0,0,0,-1,0,0,0
1,6,0,1,0,1,1,0,0,0,-1,0,0,0
_____________________________________________________
_____________________________________________________
93,9,0.0000,
1,6,0,1,0,1,1,0,0,0,-1,0,0,0
0,7,0,1,0,1,1,0,0,0,0,0,0,0
_____________________________________________________
_____________________________________________________
94,0,0.0000,
0,7,0,1,0,1,1,0,0,0,0,0,0,0
0,7,0,1,0,1,1,0,0,0,0,0,0,0
_____________________________________________________
_____________________________________________________
95,0,0.0000,
0,7,0,1,0,1,1,0,0,0,0,0,0,0
1,6,0,1,0,1,1,0,0,0,0,1,0,0
_____________________________________________________
_____________________________________________________
96,5,0.0000,
1,6,0,1,0,1,1,0,0,0,0,1,0,0
1,6,0,0,0,1,0,0,0,0,0,1,0,0
_____________________________________________________
_____________________________________________________
97,10,0.0000,
1,6,0,0,0,1,0,0,0,0,0,1,0,0
1,6,0,0,0,1,0,0,0,0,0,0,1,0
_____________________________________________________
_____________________________________________________
98,11,0.0000,
1,6,0,0,0,1,0,0,0,0,0,0,1,0
0,7,0,1,1,1,0,0,0,0,0,0,0,0
_____________________________________________________
_____________________________________________________
99,0,0.0000,
0,7,0,1,1,1,0,0,0,0,0,0,0,0
0,7,0,1,1,1,0,0,0,0,0,1,0,0
_____________________________________________________
_____________________________________________________
100,0,0.0000,
0,7,0,1,1,1,0,0,0,0,0,1,0,0
1,6,0,1,1,1,1,0,0,0,0,1,0,0
_____________________________________________________
_____________________________________________________
101,5,0.0000,
1,6,0,1,1,1,1,0,0,0,0,1,0,0
1,6,0,1,1,1,0,0,0,0,1,0,0,0
_____________________________________________________
_____________________________________________________
102,9,0.0000,
1,6,0,1,1,1,0,0,0,0,1,0,0,0
1,6,0,1,1,1,0,0,0,0,0,0,0,0
_____________________________________________________
_____________________________________________________
103,2,0.0000,
1,6,0,1,1,1,0,0,0,0,0,0,0,0
1,6,0,0,0,1,0,0,0,0,0,0,1,0
_____________________________________________________
_____________________________________________________
104,11,0.0000,
1,6,0,0,0,1,0,0,0,0,0,0,1,0
1,6,0,1,1,1,0,0,0,0,0,0,0,0
_____________________________________________________
_____________________________________________________
105,2,0.0000,
1,6,0,1,1,1,0,0,0,0,0,0,0,0
1,6,0,0,0,0,0,1,0,0,1,0,0,0
_____________________________________________________
_____________________________________________________
106,6,0.0000,
1,6,0,0,0,0,0,1,0,0,1,0,0,0
1,6,0,0,0,0,0,0,0,0,0,0,0,0
_____________________________________________________
_____________________________________________________
107,0,0.0000,
1,6,0,0,0,0,0,0,0,0,0,0,0,0
1,5,0,0,0,0,0,0,0,0,0,0,0,0
_____________________________________________________
_____________________________________________________
108,0,0.0000,
1,5,0,0,0,0,0,0,0,0,0,0,0,0
2,4,0,0,0,0,0,0,0,0,0,0,0,0
_____________________________________________________
_____________________________________________________
109,9,-1.0000,
2,4,0,0,0,0,0,0,0,0,0,0,0,0
2,5,0,0,0,0,0,-1,0,0,-1,0,0,0
_____________________________________________________
_____________________________________________________
110,9,0.0000,
2,5,0,0,0,0,0,-1,0,0,-1,0,0,0
1,5,0,0,0,0,0,0,0,0,0,0,0,0
_____________________________________________________
_____________________________________________________
111,0,0.0000,
1,5,0,0,0,0,0,0,0,0,0,0,0,0
2,4,0,0,0,0,0,0,0,0,1,0,1,0
_____________________________________________________
_____________________________________________________
112,11,0.0000,
2,4,0,0,0,0,0,0,0,0,1,0,1,0
2,5,0,0,0,0,0,1,0,0,0,0,0,0
_____________________________________________________
_____________________________________________________
113,6,0.0000,
2,5,0,0,0,0,0,1,0,0,0,0,0,0
1,5,0,0,0,0,0,0,0,1,0,0,0,0
_____________________________________________________
_____________________________________________________
114,8,0.0000,
1,5,0,0,0,0,0,0,0,1,0,0,0,0
0,7,0,0,0,0,0,0,0,0,0,0,0,0
_____________________________________________________
_____________________________________________________
115,0,0.0000,
0,7,0,0,0,0,0,0,0,0,0,0,0,0
0,7,0,0,0,0,0,0,0,0,0,0,1,0
_____________________________________________________
_____________________________________________________
116,0,0.0000,
0,7,0,0,0,0,0,0,0,0,0,0,1,0
0,7,0,0,0,0,0,0,0,0,1,0,1,0
_____________________________________________________
_____________________________________________________
117,0,0.0000,
0,7,0,0,0,0,0,0,0,0,1,0,1,0
0,7,0,0,0,0,0,0,0,0,1,0,1,0
_____________________________________________________
_____________________________________________________
118,0,0.0000,
0,7,0,0,0,0,0,0,0,0,1,0,1,0
0,7,0,0,0,0,0,0,0,0,1,0,1,0
_____________________________________________________
_____________________________________________________
119,0,0.0000,
0,7,0,0,0,0,0,0,0,0,1,0,1,0
1,6,0,0,0,0,0,0,1,0,1,0,1,0
_____________________________________________________
_____________________________________________________
120,11,0.0000,
1,6,0,0,0,0,0,0,1,0,1,0,1,0
1,6,0,0,0,0,0,0,1,0,0,0,0,0
_____________________________________________________
_____________________________________________________
121,7,0.0000,
1,6,0,0,0,0,0,0,1,0,0,0,0,0
1,6,0,0,0,0,0,0,0,1,0,0,0,0
_____________________________________________________
_____________________________________________________
122,8,0.0000,
1,6,0,0,0,0,0,0,0,1,0,0,0,0
1,6,0,0,0,0,0,0,0,0,0,0,0,0
_____________________________________________________
_____________________________________________________
123,0,0.0000,
1,6,0,0,0,0,0,0,0,0,0,0,0,0
2,5,0,0,0,0,0,0,0,0,0,0,0,0
_____________________________________________________
_____________________________________________________
124,9,-1.0000,
2,5,0,0,0,0,0,0,0,0,0,0,0,0
1,5,0,1,0,0,0,0,0,1,-1,0,-1,0
_____________________________________________________
_____________________________________________________
125,9,0.0000,
1,5,0,1,0,0,0,0,0,1,-1,0,-1,0
0,7,0,0,0,0,0,0,0,0,1,0,0,0
_____________________________________________________
_____________________________________________________
126,0,0.0000,
0,7,0,0,0,0,0,0,0,0,1,0,0,0
0,7,0,0,0,0,0,0,0,0,1,0,0,0
_____________________________________________________
_____________________________________________________
127,0,0.0000,
0,7,0,0,0,0,0,0,0,0,1,0,0,0
1,6,0,0,0,0,1,0,0,0,1,0,0,0
_____________________________________________________
_____________________________________________________
128,5,0.0000,
1,6,0,0,0,0,1,0,0,0,1,0,0,0
0,7,0,0,0,0,0,0,0,0,1,0,0,0
_____________________________________________________
_____________________________________________________
129,0,0.0000,
0,7,0,0,0,0,0,0,0,0,1,0,0,0
1,6,1,0,0,0,0,0,0,0,1,0,0,0
_____________________________________________________
_____________________________________________________
130,9,0.0000,
1,6,1,0,0,0,0,0,0,0,1,0,0,0
0,7,1,0,0,0,0,0,0,0,0,0,0,1
_____________________________________________________
_____________________________________________________
131,0,0.0000,
0,7,1,0,0,0,0,0,0,0,0,0,0,1
1,6,1,0,0,1,0,0,0,0,1,1,0,1
_____________________________________________________
_____________________________________________________
132,12,0.0000,
1,6,1,0,0,1,0,0,0,0,1,1,0,1
0,7,1,0,0,0,0,0,0,0,1,0,0,0
_____________________________________________________
_____________________________________________________
133,0,0.0000,
0,7,1,0,0,0,0,0,0,0,1,0,0,0
0,7,1,0,0,0,0,0,0,0,1,0,0,0
_____________________________________________________
_____________________________________________________
134,0,0.0000,
0,7,1,0,0,0,0,0,0,0,1,0,0,0
0,7,1,0,0,0,0,0,0,0,1,0,0,0
_____________________________________________________
_____________________________________________________
135,0,0.0000,
0,7,1,0,0,0,0,0,0,0,1,0,0,0
1,6,1,0,0,0,0,0,0,0,1,0,0,0
_____________________________________________________
_____________________________________________________
136,9,0.0000,
1,6,1,0,0,0,0,0,0,0,1,0,0,0
0,7,1,0,0,0,0,0,0,0,0,0,0,0
_____________________________________________________
_____________________________________________________
137,0,0.0000,
0,7,1,0,0,0,0,0,0,0,0,0,0,0
0,7,1,0,0,0,0,0,0,0,0,0,0,0
_____________________________________________________
_____________________________________________________
138,0,0.0000,
0,7,1,0,0,0,0,0,0,0,0,0,0,0
0,7,1,0,0,0,0,0,0,0,0,0,0,0
_____________________________________________________
_____________________________________________________
139,0,0.0000,
0,7,1,0,0,0,0,0,0,0,0,0,0,0
0,7,0,0,0,0,0,0,0,0,0,0,0,0
_____________________________________________________
