_____________________________________________________
0,5,-1.0000,
6,2,0,0,0,0,0,0,0,0,1,0,0,0
6,2,-1,0,-1,0,-1,0,1,0,1,0,0,0
_____________________________________________________
_____________________________________________________
1,5,0.0000,
6,2,-1,0,-1,0,-1,0,1,0,1,0,0,0
5,2,-1,1,-1,1,-1,0,1,0,1,0,0,0
_____________________________________________________
_____________________________________________________
2,5,0.0000,
5,2,-1,1,-1,1,-1,0,1,0,1,0,0,0
4,2,-1,1,-1,0,-1,0,0,0,1,0,0,0
_____________________________________________________
_____________________________________________________
3,5,0.0000,
4,2,-1,1,-1,0,-1,0,0,0,1,0,0,0
4,2,-1,0,-1,0,-1,0,1,0,1,0,0,0
_____________________________________________________
_____________________________________________________
4,5,0.0000,
4,2,-1,0,-1,0,-1,0,1,0,1,0,0,0
4,1,-1,1,-1,1,-1,0,1,0,1,0,0,0
_____________________________________________________
_____________________________________________________
5,5,0.0000,
4,1,-1,1,-1,1,-1,0,1,0,1,0,0,0
4,1,-1,0,-1,0,-1,0,0,0,1,0,0,0
_____________________________________________________
_____________________________________________________
6,5,0.0000,
4,1,-1,0,-1,0,-1,0,0,0,1,0,0,0
3,3,-1,0,-1,1,-1,0,1,0,1,0,0,0
_____________________________________________________
_____________________________________________________
7,5,0.0000,
3,3,-1,0,-1,1,-1,0,1,0,1,0,0,0
3,3,-1,1,-1,1,1,0,0,0,1,0,0,0
_____________________________________________________
_____________________________________________________
8,1,0.0000,
3,3,-1,1,-1,1,1,0,0,0,1,0,0,0
2,3,1,0,1,0,1,0,0,0,1,0,0,0
_____________________________________________________
_____________________________________________________
9,5,0.0000,
2,3,1,0,1,0,1,0,0,0,1,0,0,0
2,4,0,0,0,0,0,0,0,0,1,0,0,0
_____________________________________________________
_____________________________________________________
10,9,0.0000,
2,4,0,0,0,0,0,0,0,0,1,0,0,0
1,5,0,0,0,0,0,0,0,0,0,1,1,0
_____________________________________________________
_____________________________________________________
11,11,0.0000,
1,5,0,0,0,0,0,0,0,0,0,1,1,0
1,6,0,0,0,0,0,0,0,0,0,0,0,0
_____________________________________________________
_____________________________________________________
12,0,0.0000,
1,6,0,0,0,0,0,0,0,0,0,0,0,0
1,5,0,0,0,0,0,0,0,0,0,0,0,0
_____________________________________________________
_____________________________________________________
13,0,0.0000,
1,5,0,0,0,0,0,0,0,0,0,0,0,0
2,4,0,0,0,0,0,0,0,1,0,0,0,0
_____________________________________________________
_____________________________________________________
14,10,-1.0000,
2,4,0,0,0,0,0,0,0,1,0,0,0,0
2,5,0,0,0,-1,0,0,0,1,0,-1,0,0
_____________________________________________________
_____________________________________________________
15,10,0.0000,
2,5,0,0,0,-1,0,0,0,1,0,-1,0,0
2,5,0,0,0,-1,0,0,0,1,0,-1,0,0
_____________________________________________________
_____________________________________________________
16,10,0.0000,
2,5,0,0,0,-1,0,0,0,1,0,-1,0,0
2,5,0,0,0,-1,0,0,0,1,0,-1,0,0
_____________________________________________________
_____________________________________________________
17,10,0.0000,
2,5,0,0,0,-1,0,0,0,1,0,-1,0,0
2,5,0,0,0,-1,0,0,0,1,0,-1,0,0
_____________________________________________________
_____________________________________________________
18,10,0.0000,
2,5,0,0,0,-1,0,0,0,1,0,-1,0,0
2,5,0,0,0,-1,0,0,1,1,0,-1,1,1
_____________________________________________________
_____________________________________________________
19,11,0.0000,
2,5,0,0,0,-1,0,0,1,1,0,-1,1,1
2,5,0,0,0,-1,0,0,0,1,0,-1,0,0
_____________________________________________________
_____________________________________________________
20,10,0.0000,
2,5,0,0,0,-1,0,0,0,1,0,-1,0,0
2,5,0,0,0,-1,0,0,0,1,0,-1,0,0
_____________________________________________________
_____________________________________________________
21,10,0.0000,
2,5,0,0,0,-1,0,0,0,1,0,-1,0,0
1,5,0,0,0,-1,0,0,0,1,1,-1,0,0
_____________________________________________________
_____________________________________________________
22,9,0.0000,
1,5,0,0,0,-1,0,0,0,1,1,-1,0,0
0,7,0,0,0,-1,0,0,0,1,0,-1,0,0
_____________________________________________________
_____________________________________________________
23,0,0.0000,
0,7,0,0,0,-1,0,0,0,1,0,-1,0,0
1,6,0,0,0,-1,0,0,0,1,0,-1,0,0
_____________________________________________________
_____________________________________________________
24,10,0.0000,
1,6,0,0,0,-1,0,0,0,1,0,-1,0,0
0,7,0,0,0,-1,0,0,0,1,0,-1,0,0
_____________________________________________________
_____________________________________________________
25,0,0.0000,
0,7,0,0,0,-1,0,0,0,1,0,-1,0,0
1,6,0,0,0,-1,0,0,0,1,0,-1,0,0
_____________________________________________________
_____________________________________________________
26,10,0.0000,
1,6,0,0,0,-1,0,0,0,1,0,-1,0,0
1,6,0,0,0,-1,0,0,0,0,0,-1,0,0
_____________________________________________________
_____________________________________________________
27,10,0.0000,
1,6,0,0,0,-1,0,0,0,0,0,-1,0,0
1,6,0,0,0,0,0,0,0,0,0,0,0,0
_____________________________________________________
_____________________________________________________
28,0,0.0000,
1,6,0,0,0,0,0,0,0,0,0,0,0,0
2,5,0,0,0,0,0,0,0,0,0,0,0,0
_____________________________________________________
_____________________________________________________
29,9,-1.0000,
2,5,0,0,0,0,0,0,0,0,0,0,0,0
1,5,-1,0,0,0,0,1,0,-1,-1,0,0,0
_____________________________________________________
_____________________________________________________
30,9,0.0000,
1,5,-1,0,0,0,0,1,0,-1,-1,0,0,0
0,7,-1,0,0,0,0,1,0,-1,-1,0,0,0
_____________________________________________________
_____________________________________________________
31,0,0.0000,
0,7,-1,0,0,0,0,1,0,-1,-1,0,0,0
0,7,-1,0,0,0,0,1,0,-1,-1,0,0,0
_____________________________________________________
_____________________________________________________
32,0,0.0000,
0,7,-1,0,0,0,0,1,0,-1,-1,0,0,0
0,7,-1,0,0,0,0,1,0,-1,-1,0,0,0
_____________________________________________________
_____________________________________________________
33,0,0.0000,
0,7,-1,0,0,0,0,1,0,-1,-1,0,0,0
0,7,-1,0,0,0,0,1,0,-1,-1,0,0,0
_____________________________________________________
_____________________________________________________
34,0,0.0000,
0,7,-1,0,0,0,0,1,0,-1,-1,0,0,0
0,7,0,0,0,0,0,1,0,0,0,0,0,1
_____________________________________________________
_____________________________________________________
35,0,0.0000,
0,7,0,0,0,0,0,1,0,0,0,0,0,1
0,7,0,0,0,0,0,1,0,0,0,0,0,1
_____________________________________________________
_____________________________________________________
36,0,0.0000,
0,7,0,0,0,0,0,1,0,0,0,0,0,1
1,6,0,1,0,0,0,1,0,0,0,0,0,1
_____________________________________________________
_____________________________________________________
37,6,0.0000,
1,6,0,1,0,0,0,1,0,0,0,0,0,1
1,6,0,1,0,0,0,0,0,0,0,0,0,1
_____________________________________________________
_____________________________________________________
38,2,0.0000,
1,6,0,1,0,0,0,0,0,0,0,0,0,1
1,6,0,0,0,0,0,0,0,0,0,0,0,1
_____________________________________________________
_____________________________________________________
39,12,0.0000,
1,6,0,0,0,0,0,0,0,0,0,0,0,1
1,6,0,0,0,0,0,0,0,0,0,0,0,0
_____________________________________________________
_____________________________________________________
40,0,0.0000,
1,6,0,0,0,0,0,0,0,0,0,0,0,0
1,5,0,0,0,0,0,0,0,0,0,0,0,0
_____________________________________________________
_____________________________________________________
41,0,0.0000,
1,5,0,0,0,0,0,0,0,0,0,0,0,0
1,4,0,0,0,0,0,0,-1,-1,0,0,0,0
_____________________________________________________
_____________________________________________________
42,7,0.0000,
1,4,0,0,0,0,0,0,-1,-1,0,0,0,0
1,6,0,0,0,0,0,0,-1,-1,0,1,0,0
_____________________________________________________
_____________________________________________________
43,7,0.0000,
1,6,0,0,0,0,0,0,-1,-1,0,1,0,0
0,7,0,0,1,0,0,0,-1,-1,0,1,0,0
_____________________________________________________
_____________________________________________________
44,0,0.0000,
0,7,0,0,1,0,0,0,-1,-1,0,1,0,0
0,7,0,0,1,0,0,0,-1,-1,0,1,0,0
_____________________________________________________
_____________________________________________________
45,0,0.0000,
0,7,0,0,1,0,0,0,-1,-1,0,1,0,0
0,7,0,0,1,0,0,0,-1,-1,0,1,0,0
_____________________________________________________
_____________________________________________________
46,0,0.0000,
0,7,0,0,1,0,0,0,-1,-1,0,1,0,0
0,7,0,0,1,0,0,0,-1,-1,0,1,0,0
_____________________________________________________
_____________________________________________________
47,0,0.0000,
0,7,0,0,1,0,0,0,-1,-1,0,1,0,0
0,7,0,0,0,0,0,0,-1,-1,0,0,0,0
_____________________________________________________
_____________________________________________________
48,0,0.0000,
0,7,0,0,0,0,0,0,-1,-1,0,0,0,0
1,6,0,0,0,0,0,0,-1,-1,0,0,0,0
_____________________________________________________
_____________________________________________________
49,7,0.0000,
1,6,0,0,0,0,0,0,-1,-1,0,0,0,0
0,7,0,0,0,0,0,0,-1,-1,0,0,0,0
_____________________________________________________
_____________________________________________________
50,0,0.0000,
0,7,0,0,0,0,0,0,-1,-1,0,0,0,0
0,7,0,0,0,0,0,0,-1,-1,0,0,0,0
_____________________________________________________
_____________________________________________________
51,0,0.0000,
0,7,0,0,0,0,0,0,-1,-1,0,0,0,0
0,7,0,0,0,0,0,0,-1,-1,0,0,0,0
_____________________________________________________
_____________________________________________________
52,0,0.0000,
0,7,0,0,0,0,0,0,-1,-1,0,0,0,0
0,7,0,0,0,0,0,0,-1,-1,0,0,0,0
_____________________________________________________
_____________________________________________________
53,0,0.0000,
0,7,0,0,0,0,0,0,-1,-1,0,0,0,0
1,6,0,0,0,0,0,0,-1,-1,0,0,0,0
_____________________________________________________
_____________________________________________________
54,7,0.0000,
1,6,0,0,0,0,0,0,-1,-1,0,0,0,0
0,7,0,0,0,0,0,0,-1,-1,0,0,0,0
_____________________________________________________
_____________________________________________________
55,0,0.0000,
0,7,0,0,0,0,0,0,-1,-1,0,0,0,0
1,6,0,0,0,0,0,0,0,0,0,0,0,0
_____________________________________________________
_____________________________________________________
56,0,0.0000,
1,6,0,0,0,0,0,0,0,0,0,0,0,0
1,5,0,0,0,0,0,0,0,0,0,0,0,0
_____________________________________________________
_____________________________________________________
57,0,0.0000,
1,5,0,0,0,0,0,0,0,0,0,0,0,0
2,4,0,0,0,0,0,0,0,0,0,0,0,0
_____________________________________________________
_____________________________________________________
58,9,-1.0000,
2,4,0,0,0,0,0,0,0,0,0,0,0,0
1,5,0,0,0,0,0,0,0,-1,-1,0,0,0
_____________________________________________________
_____________________________________________________
59,9,0.0000,
1,5,0,0,0,0,0,0,0,-1,-1,0,0,0
0,7,0,0,0,0,0,0,0,-1,-1,0,0,0
_____________________________________________________
_____________________________________________________
60,0,0.0000,
0,7,0,0,0,0,0,0,0,-1,-1,0,0,0
0,7,0,0,0,0,0,0,0,-1,-1,0,0,0
_____________________________________________________
_____________________________________________________
61,0,0.0000,
0,7,0,0,0,0,0,0,0,-1,-1,0,0,0
0,7,0,0,0,0,0,0,0,-1,1,0,0,0
_____________________________________________________
_____________________________________________________
62,0,0.0000,
0,7,0,0,0,0,0,0,0,-1,1,0,0,0
0,7,0,0,0,0,0,0,0,1,1,0,0,0
_____________________________________________________
_____________________________________________________
63,0,0.0000,
0,7,0,0,0,0,0,0,0,1,1,0,0,0
1,6,0,0,0,0,0,0,0,1,1,0,0,0
_____________________________________________________
_____________________________________________________
64,9,0.0000,
1,6,0,0,0,0,0,0,0,1,1,0,0,0
0,7,0,0,0,0,0,0,0,0,0,0,0,0
_____________________________________________________
_____________________________________________________
65,0,0.0000,
0,7,0,0,0,0,0,0,0,0,0,0,0,0
1,6,0,0,0,0,0,0,0,0,0,0,0,0
_____________________________________________________
_____________________________________________________
66,0,0.0000,
1,6,0,0,0,0,0,0,0,0,0,0,0,0
2,5,0,0,0,0,0,0,0,0,0,0,0,0
_____________________________________________________
_____________________________________________________
67,9,-1.0000,
2,5,0,0,0,0,0,0,0,0,0,0,0,0
2,5,0,0,0,0,0,0,0,-1,-1,0,0,0
_____________________________________________________
_____________________________________________________
68,9,0.0000,
2,5,0,0,0,0,0,0,0,-1,-1,0,0,0
2,5,0,0,0,0,0,0,0,-1,-1,0,0,0
_____________________________________________________
_____________________________________________________
69,9,0.0000,
2,5,0,0,0,0,0,0,0,-1,-1,0,0,0
2,5,0,0,-1,0,-1,0,-1,0,0,0,0,0
_____________________________________________________
_____________________________________________________
70,5,0.0000,
2,5,0,0,-1,0,-1,0,-1,0,0,0,0,0
1,5,0,0,-1,0,-1,0,-1,0,0,0,1,0
_____________________________________________________
_____________________________________________________
71,5,0.0000,
1,5,0,0,-1,0,-1,0,-1,0,0,0,1,0
1,6,0,0,-1,0,-1,0,-1,0,0,0,1,0
_____________________________________________________
_____________________________________________________
72,5,0.0000,
1,6,0,0,-1,0,-1,0,-1,0,0,0,1,0
1,6,0,0,-1,0,-1,0,-1,0,0,0,1,0
_____________________________________________________
_____________________________________________________
73,5,0.0000,
1,6,0,0,-1,0,-1,0,-1,0,0,0,1,0
1,6,0,0,-1,0,-1,1,-1,0,0,0,1,0
_____________________________________________________
_____________________________________________________
74,5,0.0000,
1,6,0,0,-1,0,-1,1,-1,0,0,0,1,0
1,6,0,0,-1,0,-1,1,0,0,0,0,1,0
_____________________________________________________
_____________________________________________________
75,5,0.0000,
1,6,0,0,-1,0,-1,1,0,0,0,0,1,0
1,6,0,0,0,0,0,1,0,0,0,0,1,0
_____________________________________________________
_____________________________________________________
76,11,0.0000,
1,6,0,0,0,0,0,1,0,0,0,0,1,0
0,7,0,0,0,0,0,1,0,0,0,0,0,0
_____________________________________________________
_____________________________________________________
77,0,0.0000,
0,7,0,0,0,0,0,1,0,0,0,0,0,0
0,7,0,0,0,0,0,1,0,0,0,0,0,0
_____________________________________________________
_____________________________________________________
78,0,0.0000,
0,7,0,0,0,0,0,1,0,0,0,0,0,0
0,7,0,1,0,0,0,1,0,1,0,0,0,1
_____________________________________________________
_____________________________________________________
79,0,0.0000,
0,7,0,1,0,0,0,1,0,1,0,0,0,1
0,7,1,1,0,0,0,0,0,1,0,0,0,1
_____________________________________________________
_____________________________________________________
80,0,0.0000,
0,7,1,1,0,0,0,0,0,1,0,0,0,1
1,6,1,1,0,0,0,0,0,1,0,0,0,1
_____________________________________________________
_____________________________________________________
81,2,0.0000,
1,6,1,1,0,0,0,0,0,1,0,0,0,1
1,6,1,1,0,0,0,0,0,1,0,0,0,1
_____________________________________________________
_____________________________________________________
82,12,0.0000,
1,6,1,1,0,0,0,0,0,1,0,0,0,1
0,7,0,0,0,0,0,0,0,0,0,0,0,0
_____________________________________________________
_____________________________________________________
83,0,0.0000,
0,7,0,0,0,0,0,0,0,0,0,0,0,0
1,6,0,-1,0,0,0,-1,0,0,0,0,0,0
_____________________________________________________
_____________________________________________________
84,2,0.0000,
1,6,0,-1,0,0,0,-1,0,0,0,0,0,0
1,6,0,-1,0,0,0,-1,0,0,1,0,0,0
_____________________________________________________
_____________________________________________________
85,2,0.0000,
1,6,0,-1,0,0,0,-1,0,0,1,0,0,0
1,6,0,-1,0,0,0,-1,0,0,1,0,0,0
_____________________________________________________
_____________________________________________________
86,2,0.0000,
1,6,0,-1,0,0,0,-1,0,0,1,0,0,0
0,7,0,-1,0,0,0,-1,0,0,1,0,0,0
_____________________________________________________
_____________________________________________________
87,0,0.0000,
0,7,0,-1,0,0,0,-1,0,0,1,0,0,0
0,7,0,-1,0,0,0,-1,0,0,1,0,0,0
_____________________________________________________
_____________________________________________________
88,0,0.0000,
0,7,0,-1,0,0,0,-1,0,0,1,0,0,0
0,7,0,-1,0,0,0,1,0,0,1,0,0,0
_____________________________________________________
_____________________________________________________
89,0,0.0000,
0,7,0,-1,0,0,0,1,0,0,1,0,0,0
0,7,0,1,0,0,0,1,0,0,1,0,0,0
_____________________________________________________
_____________________________________________________
90,0,0.0000,
0,7,0,1,0,0,0,1,0,0,1,0,0,0
0,7,0,1,0,0,0,1,0,0,1,0,0,0
_____________________________________________________
_____________________________________________________
91,0,0.0000,
0,7,0,1,0,0,0,1,0,0,1,0,0,0
1,6,0,1,0,0,0,1,0,0,1,0,0,0
_____________________________________________________
_____________________________________________________
92,6,0.0000,
1,6,0,1,0,0,0,1,0,0,1,0,0,0
1,6,0,0,0,0,0,0,0,0,1,0,0,0
_____________________________________________________
_____________________________________________________
93,9,0.0000,
1,6,0,0,0,0,0,0,0,0,1,0,0,0
0,7,0,0,0,0,0,0,0,0,0,0,0,0
_____________________________________________________
_____________________________________________________
94,0,0.0000,
0,7,0,0,0,0,0,0,0,0,0,0,0,0
1,6,0,0,0,0,0,0,0,0,0,0,0,0
_____________________________________________________
_____________________________________________________
95,0,0.0000,
1,6,0,0,0,0,0,0,0,0,0,0,0,0
2,5,0,0,0,0,0,0,0,0,0,0,0,0
_____________________________________________________
_____________________________________________________
96,9,-1.0000,
2,5,0,0,0,0,0,0,0,0,0,0,0,0
2,5,0,0,0,0,0,0,0,0,-1,0,0,0
_____________________________________________________
_____________________________________________________
97,9,0.0000,
2,5,0,0,0,0,0,0,0,0,-1,0,0,0
2,5,0,0,0,0,0,0,0,0,0,0,-1,0
_____________________________________________________
_____________________________________________________
98,11,0.0000,
2,5,0,0,0,0,0,0,0,0,0,0,-1,0
2,5,0,0,0,0,0,0,0,0,0,0,0,0
_____________________________________________________
_____________________________________________________
99,9,-1.0000,
2,5,0,0,0,0,0,0,0,0,0,0,0,0
1,5,0,0,0,0,0,-1,0,0,-1,0,0,0
_____________________________________________________
_____________________________________________________
100,9,0.0000,
1,5,0,0,0,0,0,-1,0,0,-1,0,0,0
1,6,0,0,0,0,0,-1,0,0,-1,0,0,0
_____________________________________________________
_____________________________________________________
101,9,0.0000,
1,6,0,0,0,0,0,-1,0,0,-1,0,0,0
0,7,0,0,0,0,0,-1,0,0,-1,0,0,0
_____________________________________________________
_____________________________________________________
102,0,0.0000,
0,7,0,0,0,0,0,-1,0,0,-1,0,0,0
1,6,0,0,0,0,0,-1,0,0,-1,0,0,0
_____________________________________________________
_____________________________________________________
103,9,0.0000,
1,6,0,0,0,0,0,-1,0,0,-1,0,0,0
1,6,0,0,0,0,0,-1,0,0,-1,0,0,0
_____________________________________________________
_____________________________________________________
104,9,0.0000,
1,6,0,0,0,0,0,-1,0,0,-1,0,0,0
1,6,0,0,0,0,0,-1,0,0,-1,0,0,0
_____________________________________________________
_____________________________________________________
105,9,0.0000,
1,6,0,0,0,0,0,-1,0,0,-1,0,0,0
0,7,0,0,0,0,0,-1,0,0,0,0,0,0
_____________________________________________________
_____________________________________________________
106,0,0.0000,
0,7,0,0,0,0,0,-1,0,0,0,0,0,0
0,7,0,0,0,0,0,0,0,0,0,0,0,0
_____________________________________________________
_____________________________________________________
107,0,0.0000,
0,7,0,0,0,0,0,0,0,0,0,0,0,0
0,7,0,0,0,0,0,0,0,0,0,0,0,0
_____________________________________________________
_____________________________________________________
108,0,0.0000,
0,7,0,0,0,0,0,0,0,0,0,0,0,0
1,6,0,0,0,0,0,0,0,0,0,0,0,0
_____________________________________________________
_____________________________________________________
109,0,0.0000,
1,6,0,0,0,0,0,0,0,0,0,0,0,0
1,5,0,0,0,0,0,0,0,0,1,0,0,0
_____________________________________________________
_____________________________________________________
110,9,0.0000,
1,5,0,0,0,0,0,0,0,0,1,0,0,0
0,7,0,0,0,0,0,0,0,0,0,0,0,0
_____________________________________________________
_____________________________________________________
111,0,0.0000,
0,7,0,0,0,0,0,0,0,0,0,0,0,0
1,6,0,0,0,0,0,0,0,0,0,0,0,0
_____________________________________________________
_____________________________________________________
112,0,0.0000,
1,6,0,0,0,0,0,0,0,0,0,0,0,0
2,5,0,0,0,0,0,0,0,0,0,0,0,0
_____________________________________________________
_____________________________________________________
113,9,-1.0000,
2,5,0,0,0,0,0,0,0,0,0,0,0,0
1,5,1,0,-1,0,0,-1,0,-1,-1,0,0,1
_____________________________________________________
_____________________________________________________
114,9,0.0000,
1,5,1,0,-1,0,0,-1,0,-1,-1,0,0,1
0,7,1,0,-1,0,0,-1,0,-1,-1,0,0,1
_____________________________________________________
_____________________________________________________
115,0,0.0000,
0,7,1,0,-1,0,0,-1,0,-1,-1,0,0,1
1,6,1,0,-1,0,0,-1,0,-1,-1,0,0,1
_____________________________________________________
_____________________________________________________
116,9,0.0000,
1,6,1,0,-1,0,0,-1,0,-1,-1,0,0,1
1,6,1,0,-1,0,0,-1,1,-1,-1,0,0,1
_____________________________________________________
_____________________________________________________
117,9,0.0000,
1,6,1,0,-1,0,0,-1,1,-1,-1,0,0,1
0,7,1,0,-1,0,0,-1,1,-1,-1,0,0,0
_____________________________________________________
_____________________________________________________
118,0,0.0000,
0,7,1,0,-1,0,0,-1,1,-1,-1,0,0,0
1,6,0,0,-1,0,0,-1,1,-1,-1,0,0,0
_____________________________________________________
_____________________________________________________
119,9,0.0000,
1,6,0,0,-1,0,0,-1,1,-1,-1,0,0,0
1,6,0,0,-1,0,0,-1,1,-1,-1,0,0,0
_____________________________________________________
_____________________________________________________
120,9,0.0000,
1,6,0,0,-1,0,0,-1,1,-1,-1,0,0,0
1,6,0,0,-1,0,0,-1,1,-1,-1,0,0,0
_____________________________________________________
_____________________________________________________
121,9,0.0000,
1,6,0,0,-1,0,0,-1,1,-1,-1,0,0,0
0,7,0,0,-1,0,0,-1,1,-1,-1,0,0,0
_____________________________________________________
_____________________________________________________
122,0,0.0000,
0,7,0,0,-1,0,0,-1,1,-1,-1,0,0,0
1,6,0,0,-1,0,0,-1,1,-1,-1,1,0,0
_____________________________________________________
_____________________________________________________
123,9,0.0000,
1,6,0,0,-1,0,0,-1,1,-1,-1,1,0,0
1,6,0,0,-1,0,0,-1,1,-1,-1,1,0,0
_____________________________________________________
_____________________________________________________
124,9,0.0000,
1,6,0,0,-1,0,0,-1,1,-1,-1,1,0,0
1,6,0,0,-1,0,0,-1,1,-1,-1,1,0,0
_____________________________________________________
_____________________________________________________
125,9,0.0000,
1,6,0,0,-1,0,0,-1,1,-1,-1,1,0,0
0,7,-1,-1,1,1,0,1,0,0,0,1,-1,0
_____________________________________________________
_____________________________________________________
126,0,0.0000,
0,7,-1,-1,1,1,0,1,0,0,0,1,-1,0
1,6,-1,-1,1,1,0,1,0,0,0,1,-1,0
_____________________________________________________
_____________________________________________________
127,2,0.0000,
1,6,-1,-1,1,1,0,1,0,0,0,1,-1,0
0,7,-1,-1,1,1,0,1,0,0,0,1,-1,0
_____________________________________________________
_____________________________________________________
128,0,0.0000,
0,7,-1,-1,1,1,0,1,0,0,0,1,-1,0
1,6,1,1,1,1,0,1,0,0,0,1,1,0
_____________________________________________________
_____________________________________________________
129,11,0.0000,
1,6,1,1,1,1,0,1,0,0,0,1,1,0
0,7,0,0,1,1,0,1,0,0,1,1,0,0
_____________________________________________________
_____________________________________________________
130,0,0.0000,
0,7,0,0,1,1,0,1,0,0,1,1,0,0
1,6,0,0,0,0,0,0,0,0,1,1,0,0
_____________________________________________________
_____________________________________________________
131,9,0.0000,
1,6,0,0,0,0,0,0,0,0,1,1,0,0
1,6,0,0,0,0,0,0,0,0,0,0,0,0
_____________________________________________________
_____________________________________________________
132,0,0.0000,
1,6,0,0,0,0,0,0,0,0,0,0,0,0
2,5,0,0,0,0,0,0,0,0,0,0,0,0
_____________________________________________________
_____________________________________________________
133,9,-1.0000,
2,5,0,0,0,0,0,0,0,0,0,0,0,0
2,5,0,0,0,0,0,0,0,0,-1,0,0,0
_____________________________________________________
_____________________________________________________
134,9,0.0000,
2,5,0,0,0,0,0,0,0,0,-1,0,0,0
2,5,0,0,0,0,0,0,0,0,-1,0,0,0
_____________________________________________________
_____________________________________________________
135,9,0.0000,
2,5,0,0,0,0,0,0,0,0,-1,0,0,0
1,5,0,0,0,0,0,0,0,0,-1,0,0,0
_____________________________________________________
_____________________________________________________
136,9,0.0000,
1,5,0,0,0,0,0,0,0,0,-1,0,0,0
1,6,0,0,0,0,0,0,0,0,-1,0,0,0
_____________________________________________________
_____________________________________________________
137,9,0.0000,
1,6,0,0,0,0,0,0,0,0,-1,0,0,0
0,7,0,0,0,0,0,0,0,0,-1,0,0,0
_____________________________________________________
_____________________________________________________
138,0,0.0000,
0,7,0,0,0,0,0,0,0,0,-1,0,0,0
0,7,0,0,0,0,0,0,0,0,-1,0,0,0
_____________________________________________________
_____________________________________________________
139,0,0.0000,
0,7,0,0,0,0,0,0,0,0,-1,0,0,0
0,7,0,0,0,0,0,0,0,0,0,0,0,0
_____________________________________________________
