_____________________________________________________
0,5,0.0000,
1,6,0,0,1,0,1,0,0,1,1,0,1,0
0,7,0,0,0,0,0,0,0,1,1,0,0,0
_____________________________________________________
_____________________________________________________
1,0,0.0000,
0,7,0,0,0,0,0,0,0,1,1,0,0,0
0,7,0,0,0,0,0,0,0,1,1,0,0,1
_____________________________________________________
_____________________________________________________
2,0,0.0000,
0,7,0,0,0,0,0,0,0,1,1,0,0,1
1,6,0,0,0,0,0,0,1,1,1,0,0,1
_____________________________________________________
_____________________________________________________
3,7,0.0000,
1,6,0,0,0,0,0,0,1,1,1,0,0,1
0,7,0,0,0,0,0,0,0,1,1,0,0,0
_____________________________________________________
_____________________________________________________
4,0,0.0000,
0,7,0,0,0,0,0,0,0,1,1,0,0,0
1,6,0,0,0,0,0,0,0,1,1,0,0,0
_____________________________________________________
_____________________________________________________
5,9,0.0000,
1,6,0,0,0,0,0,0,0,1,1,0,0,0
1,6,0,0,0,1,0,0,0,0,0,0,0,0
_____________________________________________________
_____________________________________________________
6,0,0.0000,
1,6,0,0,0,1,0,0,0,0,0,0,0,0
2,5,0,0,0,1,0,0,0,0,0,0,1,0
_____________________________________________________
_____________________________________________________
7,11,0.0000,
2,5,0,0,0,1,0,0,0,0,0,0,1,0
2,5,0,0,0,1,0,0,0,0,0,0,0,0
_____________________________________________________
_____________________________________________________
8,0,0.0000,
2,5,0,0,0,1,0,0,0,0,0,0,0,0
3,4,0,0,0,1,0,0,0,0,0,0,0,0
_____________________________________________________
_____________________________________________________
9,9,-1.0000,
3,4,0,0,0,1,0,0,0,0,0,0,0,0
2,4,0,0,0,1,0,0,0,-1,-1,0,0,0
_____________________________________________________
_____________________________________________________
10,9,0.0000,
2,4,0,0,0,1,0,0,0,-1,-1,0,0,0
1,4,0,0,0,1,0,0,0,-1,0,0,0,0
_____________________________________________________
_____________________________________________________
11,0,0.0000,
1,4,0,0,0,1,0,0,0,-1,0,0,0,0
2,3,0,0,0,1,0,0,0,0,0,0,0,0
_____________________________________________________
_____________________________________________________
12,9,-1.0000,
2,3,0,0,0,1,0,0,0,0,0,0,0,0
1,5,0,0,0,1,0,0,0,-1,-1,0,0,0
_____________________________________________________
_____________________________________________________
13,9,0.0000,
1,5,0,0,0,1,0,0,0,-1,-1,0,0,0
0,7,1,-1,0,-1,1,0,0,0,-1,0,0,0
_____________________________________________________
_____________________________________________________
14,0,0.0000,
0,7,1,-1,0,-1,1,0,0,0,-1,0,0,0
1,6,1,-1,0,-1,1,0,0,0,-1,0,0,0
_____________________________________________________
_____________________________________________________
15,9,0.0000,
1,6,1,-1,0,-1,1,0,0,0,-1,0,0,0
1,6,1,-1,0,-1,0,0,0,0,0,0,0,0
_____________________________________________________
_____________________________________________________
16,2,0.0000,
1,6,1,-1,0,-1,0,0,0,0,0,0,0,0
1,6,0,0,0,0,0,0,0,0,0,0,0,0
_____________________________________________________
_____________________________________________________
17,0,0.0000,
1,6,0,0,0,0,0,0,0,0,0,0,0,0
2,5,0,0,0,0,0,0,0,0,0,0,0,0
_____________________________________________________
_____________________________________________________
18,9,-1.0000,
2,5,0,0,0,0,0,0,0,0,0,0,0,0
1,5,0,-1,0,-1,0,0,0,0,-1,0,0,0
_____________________________________________________
_____________________________________________________
19,9,0.0000,
1,5,0,-1,0,-1,0,0,0,0,-1,0,0,0
0,7,0,-1,0,-1,0,0,0,0,-1,0,0,0
_____________________________________________________
_____________________________________________________
20,0,0.0000,
0,7,0,-1,0,-1,0,0,0,0,-1,0,0,0
0,7,0,-1,0,-1,0,0,0,0,-1,0,0,0
_____________________________________________________
_____________________________________________________
21,0,0.0000,
0,7,0,-1,0,-1,0,0,0,0,-1,0,0,0
1,6,0,-1,0,-1,0,0,0,0,0,0,0,0
_____________________________________________________
_____________________________________________________
22,2,0.0000,
1,6,0,-1,0,-1,0,0,0,0,0,0,0,0
1,6,0,0,0,0,0,0,0,0,0,0,0,0
_____________________________________________________
_____________________________________________________
23,0,0.0000,
1,6,0,0,0,0,0,0,0,0,0,0,0,0
1,5,0,0,0,0,0,0,0,0,0,0,0,0
_____________________________________________________
_____________________________________________________
24,0,0.0000,
1,5,0,0,0,0,0,0,0,0,0,0,0,0
1,4,0,0,0,0,1,0,0,0,0,0,0,0
_____________________________________________________
_____________________________________________________
25,5,0.0000,
1,4,0,0,0,0,1,0,0,0,0,0,0,0
1,6,0,0,0,0,0,0,0,0,0,0,0,0
_____________________________________________________
_____________________________________________________
26,0,0.0000,
1,6,0,0,0,0,0,0,0,0,0,0,0,0
1,5,0,0,0,0,0,0,0,0,0,0,0,0
_____________________________________________________
_____________________________________________________
27,0,0.0000,
1,5,0,0,0,0,0,0,0,0,0,0,0,0
1,4,1,1,0,0,0,0,0,0,1,0,1,1
_____________________________________________________
_____________________________________________________
28,11,0.0000,
1,4,1,1,0,0,0,0,0,0,1,0,1,1
0,7,1,1,0,0,0,0,0,0,1,0,0,1
_____________________________________________________
_____________________________________________________
29,0,0.0000,
0,7,1,1,0,0,0,0,0,0,1,0,0,1
0,7,1,1,0,0,0,0,0,0,1,0,0,1
_____________________________________________________
_____________________________________________________
30,0,0.0000,
0,7,1,1,0,0,0,0,0,0,1,0,0,1
1,6,1,1,0,0,0,0,0,1,1,1,0,1
_____________________________________________________
_____________________________________________________
31,2,0.0000,
1,6,1,1,0,0,0,0,0,1,1,1,0,1
1,6,1,0,0,1,0,0,1,1,1,1,0,1
_____________________________________________________
_____________________________________________________
32,7,0.0000,
1,6,1,0,0,1,0,0,1,1,1,1,0,1
0,7,1,0,0,1,0,0,1,1,1,1,0,0
_____________________________________________________
_____________________________________________________
33,0,0.0000,
0,7,1,0,0,1,0,0,1,1,1,1,0,0
1,6,1,0,0,1,1,0,1,1,1,1,0,0
_____________________________________________________
_____________________________________________________
34,5,0.0000,
1,6,1,0,0,1,1,0,1,1,1,1,0,0
1,6,1,0,0,1,0,0,1,1,1,1,0,0
_____________________________________________________
_____________________________________________________
35,7,0.0000,
1,6,1,0,0,1,0,0,1,1,1,1,0,0
1,6,1,0,0,1,0,0,1,1,1,1,0,0
_____________________________________________________
_____________________________________________________
36,7,0.0000,
1,6,1,0,0,1,0,0,1,1,1,1,0,0
0,7,1,0,0,0,0,0,0,0,1,0,0,0
_____________________________________________________
_____________________________________________________
37,0,0.0000,
0,7,1,0,0,0,0,0,0,0,1,0,0,0
0,7,1,0,0,0,0,0,0,0,1,0,0,0
_____________________________________________________
_____________________________________________________
38,0,0.0000,
0,7,1,0,0,0,0,0,0,0,1,0,0,0
1,6,1,0,0,0,0,0,0,0,1,0,0,0
_____________________________________________________
_____________________________________________________
39,9,0.0000,
1,6,1,0,0,0,0,0,0,0,1,0,0,0
1,6,0,0,0,0,0,0,0,1,0,1,0,0
_____________________________________________________
_____________________________________________________
40,10,0.0000,
1,6,0,0,0,0,0,0,0,1,0,1,0,0
1,6,0,1,0,0,0,0,0,0,0,0,0,0
_____________________________________________________
_____________________________________________________
41,2,0.0000,
1,6,0,1,0,0,0,0,0,0,0,0,0,0
0,7,0,0,0,0,0,0,0,0,0,0,0,0
_____________________________________________________
_____________________________________________________
42,0,0.0000,
0,7,0,0,0,0,0,0,0,0,0,0,0,0
0,7,0,0,0,0,0,0,0,0,0,0,0,0
_____________________________________________________
_____________________________________________________
43,0,0.0000,
0,7,0,0,0,0,0,0,0,0,0,0,0,0
1,6,0,0,0,0,1,0,0,0,0,0,0,0
_____________________________________________________
_____________________________________________________
44,5,0.0000,
1,6,0,0,0,0,1,0,0,0,0,0,0,0
1,6,0,0,0,0,0,0,0,0,0,0,0,0
_____________________________________________________
_____________________________________________________
45,0,0.0000,
1,6,0,0,0,0,0,0,0,0,0,0,0,0
1,5,0,0,0,0,0,0,0,0,0,0,0,0
_____________________________________________________
_____________________________________________________
46,0,0.0000,
1,5,0,0,0,0,0,0,0,0,0,0,0,0
1,4,0,0,0,0,0,0,0,1,0,0,0,1
_____________________________________________________
_____________________________________________________
47,12,0.0000,
1,4,0,0,0,0,0,0,0,1,0,0,0,1
1,6,0,0,0,0,0,0,0,0,0,0,0,0
_____________________________________________________
_____________________________________________________
48,0,0.0000,
1,6,0,0,0,0,0,0,0,0,0,0,0,0
2,5,0,0,0,0,0,0,0,0,0,0,0,0
_____________________________________________________
_____________________________________________________
49,9,-1.0000,
2,5,0,0,0,0,0,0,0,0,0,0,0,0
2,5,0,0,0,0,0,0,0,0,-1,0,0,0
_____________________________________________________
_____________________________________________________
50,9,0.0000,
2,5,0,0,0,0,0,0,0,0,-1,0,0,0
2,5,0,0,0,0,0,0,0,0,-1,0,0,0
_____________________________________________________
_____________________________________________________
51,9,0.0000,
2,5,0,0,0,0,0,0,0,0,-1,0,0,0
2,5,0,0,1,0,1,0,0,0,-1,0,0,0
_____________________________________________________
_____________________________________________________
52,9,0.0000,
2,5,0,0,1,0,1,0,0,0,-1,0,0,0
2,5,0,0,1,0,1,0,0,0,-1,0,0,0
_____________________________________________________
_____________________________________________________
53,9,0.0000,
2,5,0,0,1,0,1,0,0,0,-1,0,0,0
1,5,0,0,1,0,1,0,0,0,-1,0,0,0
_____________________________________________________
_____________________________________________________
54,9,0.0000,
1,5,0,0,1,0,1,0,0,0,-1,0,0,0
1,6,0,0,0,0,0,0,0,0,-1,0,0,0
_____________________________________________________
_____________________________________________________
55,9,0.0000,
1,6,0,0,0,0,0,0,0,0,-1,0,0,0
0,7,0,0,0,0,0,0,0,-1,-1,0,0,0
_____________________________________________________
_____________________________________________________
56,0,0.0000,
0,7,0,0,0,0,0,0,0,-1,-1,0,0,0
1,6,0,0,0,0,0,0,0,-1,-1,0,0,0
_____________________________________________________
_____________________________________________________
57,9,0.0000,
1,6,0,0,0,0,0,0,0,-1,-1,0,0,0
0,7,0,0,0,0,0,0,0,-1,-1,0,0,0
_____________________________________________________
_____________________________________________________
58,0,0.0000,
0,7,0,0,0,0,0,0,0,-1,-1,0,0,0
0,7,0,0,0,0,0,0,0,-1,-1,0,0,0
_____________________________________________________
_____________________________________________________
59,0,0.0000,
0,7,0,0,0,0,0,0,0,-1,-1,0,0,0
1,6,0,0,0,0,0,0,0,-1,-1,0,0,0
_____________________________________________________
_____________________________________________________
60,9,0.0000,
1,6,0,0,0,0,0,0,0,-1,-1,0,0,0
0,7,0,0,0,0,0,0,0,-1,-1,0,0,0
_____________________________________________________
_____________________________________________________
61,0,0.0000,
0,7,0,0,0,0,0,0,0,-1,-1,0,0,0
1,6,0,0,0,0,0,0,0,-1,-1,0,0,0
_____________________________________________________
_____________________________________________________
62,9,0.0000,
1,6,0,0,0,0,0,0,0,-1,-1,0,0,0
1,6,0,0,0,0,0,0,0,-1,-1,0,0,0
_____________________________________________________
_____________________________________________________
63,9,0.0000,
1,6,0,0,0,0,0,0,0,-1,-1,0,0,0
0,7,0,0,0,0,0,0,0,-1,-1,0,0,0
_____________________________________________________
_____________________________________________________
64,0,0.0000,
0,7,0,0,0,0,0,0,0,-1,-1,0,0,0
1,6,0,0,0,0,0,0,0,-1,-1,0,0,0
_____________________________________________________
_____________________________________________________
65,9,0.0000,
1,6,0,0,0,0,0,0,0,-1,-1,0,0,0
0,7,0,0,0,0,0,0,0,1,1,0,0,0
_____________________________________________________
_____________________________________________________
66,0,0.0000,
0,7,0,0,0,0,0,0,0,1,1,0,0,0
0,7,0,0,0,0,0,0,0,1,1,0,0,0
_____________________________________________________
_____________________________________________________
67,0,0.0000,
0,7,0,0,0,0,0,0,0,1,1,0,0,0
0,7,0,0,0,0,0,0,0,1,1,0,0,0
_____________________________________________________
_____________________________________________________
68,0,0.0000,
0,7,0,0,0,0,0,0,0,1,1,0,0,0
0,7,0,0,0,0,0,0,0,1,1,0,0,0
_____________________________________________________
_____________________________________________________
69,0,0.0000,
0,7,0,0,0,0,0,0,0,1,1,0,0,0
1,6,0,0,0,0,0,0,0,0,1,0,0,0
_____________________________________________________
_____________________________________________________
70,9,0.0000,
1,6,0,0,0,0,0,0,0,0,1,0,0,0
0,7,0,0,0,0,0,0,0,0,0,0,0,0
_____________________________________________________
_____________________________________________________
71,0,0.0000,
0,7,0,0,0,0,0,0,0,0,0,0,0,0
0,7,0,0,0,0,0,0,0,0,0,0,0,0
_____________________________________________________
_____________________________________________________
72,0,0.0000,
0,7,0,0,0,0,0,0,0,0,0,0,0,0
1,6,0,0,0,0,0,0,0,0,0,0,0,0
_____________________________________________________
_____________________________________________________
73,0,0.0000,
1,6,0,0,0,0,0,0,0,0,0,0,0,0
1,5,0,0,0,0,0,0,0,0,0,0,0,0
_____________________________________________________
_____________________________________________________
74,0,0.0000,
1,5,0,0,0,0,0,0,0,0,0,0,0,0
1,4,0,0,0,0,0,0,0,0,0,0,0,0
_____________________________________________________
_____________________________________________________
75,0,0.0000,
1,4,0,0,0,0,0,0,0,0,0,0,0,0
1,3,0,0,0,0,0,0,0,0,0,0,0,0
_____________________________________________________
_____________________________________________________
76,10,-1.0000,
1,3,0,0,0,0,0,0,0,0,0,0,0,0
0,7,0,0,0,0,0,0,0,0,0,-1,0,0
_____________________________________________________
_____________________________________________________
77,0,0.0000,
0,7,0,0,0,0,0,0,0,0,0,-1,0,0
0,7,0,0,0,0,0,0,0,0,0,1,0,0
_____________________________________________________
_____________________________________________________
78,0,0.0000,
0,7,0,0,0,0,0,0,0,0,0,1,0,0
1,6,0,0,0,0,0,0,0,0,0,1,0,0
_____________________________________________________
_____________________________________________________
79,10,0.0000,
1,6,0,0,0,0,0,0,0,0,0,1,0,0
1,6,0,0,0,0,0,0,0,0,0,0,0,0
_____________________________________________________
_____________________________________________________
80,0,0.0000,
1,6,0,0,0,0,0,0,0,0,0,0,0,0
1,5,0,0,0,0,0,0,0,0,0,0,0,0
_____________________________________________________
_____________________________________________________
81,0,0.0000,
1,5,0,0,0,0,0,0,0,0,0,0,0,0
2,4,0,0,0,0,0,0,0,0,0,0,0,0
_____________________________________________________
_____________________________________________________
82,9,-1.0000,
2,4,0,0,0,0,0,0,0,0,0,0,0,0
2,5,0,0,0,0,0,0,0,0,-1,0,0,0
_____________________________________________________
_____________________________________________________
83,9,0.0000,
2,5,0,0,0,0,0,0,0,0,-1,0,0,0
1,5,0,0,-1,0,0,-1,0,0,0,0,-1,0
_____________________________________________________
_____________________________________________________
84,9,-1.0000,
1,5,0,0,-1,0,0,-1,0,0,0,0,-1,0
0,7,0,0,-1,0,0,-1,0,0,-1,0,-1,0
_____________________________________________________
_____________________________________________________
85,0,0.0000,
0,7,0,0,-1,0,0,-1,0,0,-1,0,-1,0
0,7,0,0,-1,0,0,-1,0,0,-1,0,-1,0
_____________________________________________________
_____________________________________________________
86,0,0.0000,
0,7,0,0,-1,0,0,-1,0,0,-1,0,-1,0
1,6,0,0,-1,0,0,-1,0,0,-1,0,-1,0
_____________________________________________________
_____________________________________________________
87,9,0.0000,
1,6,0,0,-1,0,0,-1,0,0,-1,0,-1,0
1,6,0,0,-1,0,0,-1,0,0,-1,0,-1,0
_____________________________________________________
_____________________________________________________
88,9,0.0000,
1,6,0,0,-1,0,0,-1,0,0,-1,0,-1,0
1,6,0,0,-1,0,0,-1,0,0,0,0,-1,0
_____________________________________________________
_____________________________________________________
89,9,-1.0000,
1,6,0,0,-1,0,0,-1,0,0,0,0,-1,0
0,7,0,0,-1,0,0,-1,0,0,-1,0,-1,0
_____________________________________________________
_____________________________________________________
90,0,0.0000,
0,7,0,0,-1,0,0,-1,0,0,-1,0,-1,0
1,6,0,0,-1,0,0,-1,0,0,-1,0,-1,0
_____________________________________________________
_____________________________________________________
91,9,0.0000,
1,6,0,0,-1,0,0,-1,0,0,-1,0,-1,0
1,6,0,0,-1,0,0,-1,0,0,-1,0,-1,0
_____________________________________________________
_____________________________________________________
92,9,0.0000,
1,6,0,0,-1,0,0,-1,0,0,-1,0,-1,0
0,7,0,0,-1,0,0,-1,0,0,-1,0,-1,0
_____________________________________________________
_____________________________________________________
93,0,0.0000,
0,7,0,0,-1,0,0,-1,0,0,-1,0,-1,0
0,7,0,0,-1,0,0,-1,0,0,-1,0,-1,0
_____________________________________________________
_____________________________________________________
94,0,0.0000,
0,7,0,0,-1,0,0,-1,0,0,-1,0,-1,0
1,6,0,0,-1,0,0,-1,0,0,-1,0,-1,0
_____________________________________________________
_____________________________________________________
95,9,0.0000,
1,6,0,0,-1,0,0,-1,0,0,-1,0,-1,0
0,7,0,0,-1,0,0,-1,0,0,0,0,-1,0
_____________________________________________________
_____________________________________________________
96,0,0.0000,
0,7,0,0,-1,0,0,-1,0,0,0,0,-1,0
1,6,0,0,-1,0,0,-1,0,0,0,0,-1,0
_____________________________________________________
_____________________________________________________
97,9,-1.0000,
1,6,0,0,-1,0,0,-1,0,0,0,0,-1,0
1,6,0,0,0,0,0,0,0,0,0,0,0,0
_____________________________________________________
_____________________________________________________
98,0,0.0000,
1,6,0,0,0,0,0,0,0,0,0,0,0,0
1,5,0,0,0,0,0,0,0,0,0,0,0,0
_____________________________________________________
_____________________________________________________
99,0,0.0000,
1,5,0,0,0,0,0,0,0,0,0,0,0,0
1,4,0,0,0,0,0,0,0,0,0,0,0,0
_____________________________________________________
_____________________________________________________
100,0,0.0000,
1,4,0,0,0,0,0,0,0,0,0,0,0,0
2,3,0,1,0,0,0,0,0,0,1,0,0,0
_____________________________________________________
_____________________________________________________
101,9,0.0000,
2,3,0,1,0,0,0,0,0,0,1,0,0,0
2,5,0,0,0,0,0,0,0,0,0,1,0,1
_____________________________________________________
_____________________________________________________
102,12,0.0000,
2,5,0,0,0,0,0,0,0,0,0,1,0,1
2,5,0,0,0,0,0,0,0,0,0,0,0,0
_____________________________________________________
_____________________________________________________
103,9,-1.0000,
2,5,0,0,0,0,0,0,0,0,0,0,0,0
1,5,0,-1,0,0,0,0,0,0,-1,1,0,1
_____________________________________________________
_____________________________________________________
104,9,0.0000,
1,5,0,-1,0,0,0,0,0,0,-1,1,0,1
1,6,1,-1,0,0,0,0,0,0,-1,1,0,1
_____________________________________________________
_____________________________________________________
105,2,0.0000,
1,6,1,-1,0,0,0,0,0,0,-1,1,0,1
1,6,1,-1,0,0,0,0,0,0,0,1,0,1
_____________________________________________________
_____________________________________________________
106,2,0.0000,
1,6,1,-1,0,0,0,0,0,0,0,1,0,1
0,7,1,0,0,0,0,0,0,0,0,1,0,1
_____________________________________________________
_____________________________________________________
107,0,0.0000,
0,7,1,0,0,0,0,0,0,0,0,1,0,1
1,6,1,0,0,0,0,0,0,0,0,1,0,0
_____________________________________________________
_____________________________________________________
108,1,0.0000,
1,6,1,0,0,0,0,0,0,0,0,1,0,0
1,6,0,0,0,0,0,0,0,0,0,0,0,0
_____________________________________________________
_____________________________________________________
109,0,0.0000,
1,6,0,0,0,0,0,0,0,0,0,0,0,0
2,5,0,0,0,0,0,0,0,0,1,0,0,0
_____________________________________________________
_____________________________________________________
110,9,0.0000,
2,5,0,0,0,0,0,0,0,0,1,0,0,0
2,5,0,0,0,0,0,0,0,0,0,0,0,0
_____________________________________________________
_____________________________________________________
111,9,-1.0000,
2,5,0,0,0,0,0,0,0,0,0,0,0,0
2,5,0,0,0,0,0,0,0,0,0,-1,0,0
_____________________________________________________
_____________________________________________________
112,10,0.0000,
2,5,0,0,0,0,0,0,0,0,0,-1,0,0
2,5,0,0,0,0,0,0,0,0,0,-1,0,0
_____________________________________________________
_____________________________________________________
113,10,0.0000,
2,5,0,0,0,0,0,0,0,0,0,-1,0,0
1,5,0,0,0,0,0,0,0,0,0,-1,0,0
_____________________________________________________
_____________________________________________________
114,10,0.0000,
1,5,0,0,0,0,0,0,0,0,0,-1,0,0
0,7,0,0,0,0,0,0,0,0,0,-1,0,0
_____________________________________________________
_____________________________________________________
115,0,0.0000,
0,7,0,0,0,0,0,0,0,0,0,-1,0,0
0,7,0,0,0,0,0,0,0,0,0,0,0,0
_____________________________________________________
_____________________________________________________
116,0,0.0000,
0,7,0,0,0,0,0,0,0,0,0,0,0,0
1,6,0,0,0,0,0,0,0,0,0,0,0,0
_____________________________________________________
_____________________________________________________
117,0,0.0000,
1,6,0,0,0,0,0,0,0,0,0,0,0,0
1,5,0,0,0,0,0,0,0,0,0,0,0,0
_____________________________________________________
_____________________________________________________
118,0,0.0000,
1,5,0,0,0,0,0,0,0,0,0,0,0,0
1,4,0,0,0,0,0,0,0,0,0,0,0,0
_____________________________________________________
_____________________________________________________
119,0,0.0000,
1,4,0,0,0,0,0,0,0,0,0,0,0,0
2,3,0,0,0,0,0,0,0,0,0,0,0,0
_____________________________________________________
_____________________________________________________
120,9,-1.0000,
2,3,0,0,0,0,0,0,0,0,0,0,0,0
2,5,0,0,0,0,0,0,0,0,-1,0,0,0
_____________________________________________________
_____________________________________________________
121,9,0.0000,
2,5,0,0,0,0,0,0,0,0,-1,0,0,0
2,5,0,0,0,0,0,0,0,0,-1,0,0,0
_____________________________________________________
_____________________________________________________
122,9,0.0000,
2,5,0,0,0,0,0,0,0,0,-1,0,0,0
1,5,0,0,0,0,0,0,0,0,-1,0,0,0
_____________________________________________________
_____________________________________________________
123,9,0.0000,
1,5,0,0,0,0,0,0,0,0,-1,0,0,0
1,6,0,0,0,0,0,0,0,0,-1,0,0,0
_____________________________________________________
_____________________________________________________
124,9,0.0000,
1,6,0,0,0,0,0,0,0,0,-1,0,0,0
0,7,0,0,0,0,0,0,0,0,-1,0,0,0
_____________________________________________________
_____________________________________________________
125,0,0.0000,
0,7,0,0,0,0,0,0,0,0,-1,0,0,0
0,7,0,0,0,-1,0,0,0,0,0,0,0,-1
_____________________________________________________
_____________________________________________________
126,0,0.0000,
0,7,0,0,0,-1,0,0,0,0,0,0,0,-1
1,6,0,0,0,0,0,0,0,0,0,0,0,-1
_____________________________________________________
_____________________________________________________
127,12,0.0000,
1,6,0,0,0,0,0,0,0,0,0,0,0,-1
1,6,0,0,0,0,0,0,0,0,0,0,0,-1
_____________________________________________________
_____________________________________________________
128,12,0.0000,
1,6,0,0,0,0,0,0,0,0,0,0,0,-1
0,7,0,0,0,0,0,0,0,0,0,0,0,0
_____________________________________________________
_____________________________________________________
129,0,0.0000,
0,7,0,0,0,0,0,0,0,0,0,0,0,0
0,7,0,0,0,0,0,0,0,0,0,0,0,0
_____________________________________________________
_____________________________________________________
130,0,0.0000,
0,7,0,0,0,0,0,0,0,0,0,0,0,0
1,6,0,0,0,0,0,0,0,0,0,0,0,0
_____________________________________________________
_____________________________________________________
131,0,0.0000,
1,6,0,0,0,0,0,0,0,0,0,0,0,0
2,5,0,0,0,0,0,0,0,0,0,0,0,0
_____________________________________________________
_____________________________________________________
132,9,-1.0000,
2,5,0,0,0,0,0,0,0,0,0,0,0,0
2,5,0,0,0,0,0,0,0,-1,-1,0,0,0
_____________________________________________________
_____________________________________________________
133,9,0.0000,
2,5,0,0,0,0,0,0,0,-1,-1,0,0,0
2,5,0,0,0,0,0,0,0,-1,-1,0,0,0
_____________________________________________________
_____________________________________________________
134,9,0.0000,
2,5,0,0,0,0,0,0,0,-1,-1,0,0,0
1,5,0,0,0,0,0,0,0,-1,-1,0,0,0
_____________________________________________________
_____________________________________________________
135,9,0.0000,
1,5,0,0,0,0,0,0,0,-1,-1,0,0,0
0,7,0,0,0,0,0,0,0,-1,-1,0,0,0
_____________________________________________________
_____________________________________________________
136,0,0.0000,
0,7,0,0,0,0,0,0,0,-1,-1,0,0,0
0,7,0,0,0,0,0,0,0,-1,0,0,0,0
_____________________________________________________
_____________________________________________________
137,0,0.0000,
0,7,0,0,0,0,0,0,0,-1,0,0,0,0
0,7,0,0,0,0,0,0,0,0,0,0,0,0
_____________________________________________________
_____________________________________________________
138,0,0.0000,
0,7,0,0,0,0,0,0,0,0,0,0,0,0
1,6,0,0,0,0,0,0,0,0,0,0,0,0
_____________________________________________________
_____________________________________________________
139,0,0.0000,
1,6,0,0,0,0,0,0,0,0,0,0,0,0
1,6,0,0,0,0,0,0,0,0,0,0,0,0
_____________________________________________________
