_____________________________________________________
0,9,-1.0000,
6,2,0,0,1,0,1,1,0,0,0,0,0,1
6,2,-1,0,1,0,1,1,0,0,-1,0,0,1
_____________________________________________________
_____________________________________________________
1,9,0.0000,
6,2,-1,0,1,0,1,1,0,0,-1,0,0,1
6,2,-1,0,1,0,1,1,0,0,-1,0,0,0
_____________________________________________________
_____________________________________________________
2,9,0.0000,
6,2,-1,0,1,0,1,1,0,0,-1,0,0,0
6,2,-1,0,1,0,1,0,0,0,-1,0,0,0
_____________________________________________________
_____________________________________________________
3,9,0.0000,
6,2,-1,0,1,0,1,0,0,0,-1,0,0,0
6,2,-1,0,1,0,1,0,0,0,-1,0,0,0
_____________________________________________________
_____________________________________________________
4,9,0.0000,
6,2,-1,0,1,0,1,0,0,0,-1,0,0,0
6,1,0,0,1,0,1,0,0,0,0,0,0,0
_____________________________________________________
_____________________________________________________
5,9,-1.0000,
6,1,0,0,1,0,1,0,0,0,0,0,0,0
5,1,-1,0,1,0,1,0,0,0,-1,0,0,0
_____________________________________________________
_____________________________________________________
6,9,0.0000,
5,1,-1,0,1,0,1,0,0,0,-1,0,0,0
5,1,-1,0,1,0,1,0,0,0,-1,0,0,1
_____________________________________________________
_____________________________________________________
7,9,0.0000,
5,1,-1,0,1,0,1,0,0,0,-1,0,0,1
4,1,0,0,1,0,1,1,0,0,0,0,0,1
_____________________________________________________
_____________________________________________________
8,5,0.0000,
4,1,0,0,1,0,1,1,0,0,0,0,0,1
4,1,0,0,0,0,0,1,1,0,0,0,0,1
_____________________________________________________
_____________________________________________________
9,7,0.0000,
4,1,0,0,0,0,0,1,1,0,0,0,0,1
4,1,0,0,0,0,0,0,0,0,0,0,0,0
_____________________________________________________
_____________________________________________________
10,9,-1.0000,
4,1,0,0,0,0,0,0,0,0,0,0,0,0
3,2,-1,0,0,1,0,0,0,0,0,1,0,0
_____________________________________________________
_____________________________________________________
11,1,0.0000,
3,2,-1,0,0,1,0,0,0,0,0,1,0,0
2,3,0,0,0,1,0,0,0,0,0,1,0,0
_____________________________________________________
_____________________________________________________
12,10,0.0000,
2,3,0,0,0,1,0,0,0,0,0,1,0,0
1,3,0,0,0,0,0,0,0,0,0,0,0,0
_____________________________________________________
_____________________________________________________
13,0,0.0000,
1,3,0,0,0,0,0,0,0,0,0,0,0,0
2,2,0,0,0,1,0,0,0,0,0,0,0,0
_____________________________________________________
_____________________________________________________
14,9,-1.0000,
2,2,0,0,0,1,0,0,0,0,0,0,0,0
1,5,-1,0,-1,1,-1,-1,0,0,-1,0,0,0
_____________________________________________________
_____________________________________________________
15,9,0.0000,
1,5,-1,0,-1,1,-1,-1,0,0,-1,0,0,0
1,6,-1,0,-1,1,-1,-1,0,0,-1,0,1,1
_____________________________________________________
_____________________________________________________
16,9,0.0000,
1,6,-1,0,-1,1,-1,-1,0,0,-1,0,1,1
1,6,-1,0,-1,1,-1,-1,0,1,-1,0,1,1
_____________________________________________________
_____________________________________________________
17,9,0.0000,
1,6,-1,0,-1,1,-1,-1,0,1,-1,0,1,1
1,6,-1,1,-1,1,-1,-1,0,1,-1,0,1,1
_____________________________________________________
_____________________________________________________
18,9,0.0000,
1,6,-1,1,-1,1,-1,-1,0,1,-1,0,1,1
1,6,-1,1,-1,1,-1,-1,0,1,-1,0,1,1
_____________________________________________________
_____________________________________________________
19,9,0.0000,
1,6,-1,1,-1,1,-1,-1,0,1,-1,0,1,1
1,6,-1,1,-1,1,-1,-1,0,1,-1,0,1,1
_____________________________________________________
_____________________________________________________
20,9,0.0000,
1,6,-1,1,-1,1,-1,-1,0,1,-1,0,1,1
0,7,-1,1,-1,1,-1,-1,0,1,-1,0,1,1
_____________________________________________________
_____________________________________________________
21,0,0.0000,
0,7,-1,1,-1,1,-1,-1,0,1,-1,0,1,1
0,7,-1,1,-1,0,-1,-1,0,1,-1,0,1,1
_____________________________________________________
_____________________________________________________
22,0,0.0000,
0,7,-1,1,-1,0,-1,-1,0,1,-1,0,1,1
1,6,-1,1,-1,0,-1,-1,0,1,-1,0,1,1
_____________________________________________________
_____________________________________________________
23,9,0.0000,
1,6,-1,1,-1,0,-1,-1,0,1,-1,0,1,1
0,7,-1,1,-1,0,-1,-1,0,1,-1,0,1,1
_____________________________________________________
_____________________________________________________
24,0,0.0000,
0,7,-1,1,-1,0,-1,-1,0,1,-1,0,1,1
1,6,-1,1,-1,0,-1,-1,0,1,-1,0,0,1
_____________________________________________________
_____________________________________________________
25,9,0.0000,
1,6,-1,1,-1,0,-1,-1,0,1,-1,0,0,1
1,6,0,1,0,0,0,0,0,1,0,0,0,1
_____________________________________________________
_____________________________________________________
26,12,0.0000,
1,6,0,1,0,0,0,0,0,1,0,0,0,1
1,6,0,1,0,0,0,0,0,0,0,0,0,1
_____________________________________________________
_____________________________________________________
27,2,0.0000,
1,6,0,1,0,0,0,0,0,0,0,0,0,1
0,7,1,0,0,0,0,0,0,0,0,0,0,0
_____________________________________________________
_____________________________________________________
28,0,0.0000,
0,7,1,0,0,0,0,0,0,0,0,0,0,0
0,7,1,0,0,0,0,0,0,0,0,0,0,0
_____________________________________________________
_____________________________________________________
29,0,0.0000,
0,7,1,0,0,0,0,0,0,0,0,0,0,0
0,7,1,0,0,0,0,0,0,0,0,0,0,0
_____________________________________________________
_____________________________________________________
30,0,0.0000,
0,7,1,0,0,0,0,0,0,0,0,0,0,0
1,6,1,0,0,0,0,0,0,0,0,0,0,0
_____________________________________________________
_____________________________________________________
31,1,0.0000,
1,6,1,0,0,0,0,0,0,0,0,0,0,0
0,7,0,1,0,0,0,0,0,1,0,1,0,0
_____________________________________________________
_____________________________________________________
32,0,0.0000,
0,7,0,1,0,0,0,0,0,1,0,1,0,0
0,7,0,1,0,0,1,0,0,1,0,1,0,0
_____________________________________________________
_____________________________________________________
33,0,0.0000,
0,7,0,1,0,0,1,0,0,1,0,1,0,0
1,6,0,1,0,0,1,0,0,1,0,1,0,0
_____________________________________________________
_____________________________________________________
34,5,0.0000,
1,6,0,1,0,0,1,0,0,1,0,1,0,0
0,7,0,1,0,0,1,0,0,1,0,1,0,0
_____________________________________________________
_____________________________________________________
35,0,0.0000,
0,7,0,1,0,0,1,0,0,1,0,1,0,0
1,6,0,1,0,0,1,0,0,1,0,1,0,0
_____________________________________________________
_____________________________________________________
36,5,0.0000,
1,6,0,1,0,0,1,0,0,1,0,1,0,0
0,7,0,1,0,0,0,0,0,0,0,1,0,0
_____________________________________________________
_____________________________________________________
37,0,0.0000,
0,7,0,1,0,0,0,0,0,0,0,1,0,0
1,6,0,1,0,0,1,0,0,1,0,1,0,0
_____________________________________________________
_____________________________________________________
38,5,0.0000,
1,6,0,1,0,0,1,0,0,1,0,1,0,0
0,7,0,1,0,0,0,0,0,0,0,1,0,0
_____________________________________________________
_____________________________________________________
39,0,0.0000,
0,7,0,1,0,0,0,0,0,0,0,1,0,0
1,6,0,1,0,0,0,1,1,0,0,0,0,0
_____________________________________________________
_____________________________________________________
40,7,0.0000,
1,6,0,1,0,0,0,1,1,0,0,0,0,0
0,7,0,0,0,0,0,0,0,0,0,0,0,0
_____________________________________________________
_____________________________________________________
41,0,0.0000,
0,7,0,0,0,0,0,0,0,0,0,0,0,0
1,6,0,0,0,0,0,0,0,1,0,0,0,0
_____________________________________________________
_____________________________________________________
42,8,0.0000,
1,6,0,0,0,0,0,0,0,1,0,0,0,0
0,7,0,0,0,0,0,0,0,0,0,0,0,0
_____________________________________________________
_____________________________________________________
43,0,0.0000,
0,7,0,0,0,0,0,0,0,0,0,0,0,0
0,7,0,0,0,0,0,0,0,0,0,0,0,0
_____________________________________________________
_____________________________________________________
44,0,0.0000,
0,7,0,0,0,0,0,0,0,0,0,0,0,0
0,7,0,0,1,1,0,0,0,0,0,0,1,0
_____________________________________________________
_____________________________________________________
45,0,0.0000,
0,7,0,0,1,1,0,0,0,0,0,0,1,0
0,7,0,1,1,1,0,0,0,0,0,0,1,0
_____________________________________________________
_____________________________________________________
46,0,0.0000,
0,7,0,1,1,1,0,0,0,0,0,0,1,0
1,6,0,1,1,1,0,0,0,0,0,0,1,0
_____________________________________________________
_____________________________________________________
47,11,0.0000,
1,6,0,1,1,1,0,0,0,0,0,0,1,0
0,7,0,0,0,0,0,0,0,0,0,0,0,0
_____________________________________________________
_____________________________________________________
48,0,0.0000,
0,7,0,0,0,0,0,0,0,0,0,0,0,0
0,7,0,1,1,1,0,0,0,0,0,0,1,0
_____________________________________________________
_____________________________________________________
49,0,0.0000,
0,7,0,1,1,1,0,0,0,0,0,0,1,0
1,6,0,1,1,1,0,0,0,0,0,0,1,0
_____________________________________________________
_____________________________________________________
50,11,0.0000,
1,6,0,1,1,1,0,0,0,0,0,0,1,0
0,7,0,0,0,0,0,0,0,0,0,0,0,0
_____________________________________________________
_____________________________________________________
51,0,0.0000,
0,7,0,0,0,0,0,0,0,0,0,0,0,0
0,7,0,0,0,0,0,0,0,0,0,0,0,0
_____________________________________________________
_____________________________________________________
52,0,0.0000,
0,7,0,0,0,0,0,0,0,0,0,0,0,0
0,7,0,0,1,1,0,0,0,0,0,0,1,0
_____________________________________________________
_____________________________________________________
53,0,0.0000,
0,7,0,0,1,1,0,0,0,0,0,0,1,0
0,7,0,1,1,1,0,0,0,0,0,0,1,0
_____________________________________________________
_____________________________________________________
54,0,0.0000,
0,7,0,1,1,1,0,0,0,0,0,0,1,0
0,7,0,1,1,1,0,0,0,0,1,1,1,0
_____________________________________________________
_____________________________________________________
55,0,0.0000,
0,7,0,1,1,1,0,0,0,0,1,1,1,0
0,7,0,1,0,0,0,0,1,0,1,0,1,0
_____________________________________________________
_____________________________________________________
56,0,0.0000,
0,7,0,1,0,0,0,0,1,0,1,0,1,0
0,7,0,1,0,0,0,0,1,0,1,0,1,0
_____________________________________________________
_____________________________________________________
57,0,0.0000,
0,7,0,1,0,0,0,0,1,0,1,0,1,0
1,6,0,1,0,0,0,0,1,0,1,1,1,1
_____________________________________________________
_____________________________________________________
58,11,0.0000,
1,6,0,1,0,0,0,0,1,0,1,1,1,1
0,7,0,1,0,1,1,0,1,1,1,1,0,1
_____________________________________________________
_____________________________________________________
59,0,0.0000,
0,7,0,1,0,1,1,0,1,1,1,1,0,1
1,6,0,1,0,1,1,0,1,1,1,1,1,1
_____________________________________________________
_____________________________________________________
60,11,0.0000,
1,6,0,1,0,1,1,0,1,1,1,1,1,1
0,7,0,1,0,1,1,0,1,1,1,1,0,1
_____________________________________________________
_____________________________________________________
61,0,0.0000,
0,7,0,1,0,1,1,0,1,1,1,1,0,1
1,6,0,1,0,1,1,0,1,1,1,1,0,1
_____________________________________________________
_____________________________________________________
62,5,0.0000,
1,6,0,1,0,1,1,0,1,1,1,1,0,1
0,7,0,1,0,0,0,0,0,0,1,0,0,0
_____________________________________________________
_____________________________________________________
63,0,0.0000,
0,7,0,1,0,0,0,0,0,0,1,0,0,0
1,6,0,1,0,0,0,0,0,0,1,0,0,0
_____________________________________________________
_____________________________________________________
64,2,0.0000,
1,6,0,1,0,0,0,0,0,0,1,0,0,0
1,6,0,0,0,0,0,0,0,0,1,0,1,0
_____________________________________________________
_____________________________________________________
65,11,0.0000,
1,6,0,0,0,0,0,0,0,0,1,0,1,0
1,6,0,0,1,0,0,0,0,0,1,0,0,0
_____________________________________________________
_____________________________________________________
66,9,0.0000,
1,6,0,0,1,0,0,0,0,0,1,0,0,0
1,6,0,0,1,0,0,0,0,0,0,0,0,1
_____________________________________________________
_____________________________________________________
67,12,0.0000,
1,6,0,0,1,0,0,0,0,0,0,0,0,1
1,6,0,0,1,0,0,0,0,0,0,0,0,0
_____________________________________________________
_____________________________________________________
68,3,0.0000,
1,6,0,0,1,0,0,0,0,0,0,0,0,0
1,6,0,0,0,0,0,0,0,0,0,0,1,0
_____________________________________________________
_____________________________________________________
69,11,0.0000,
1,6,0,0,0,0,0,0,0,0,0,0,1,0
1,6,0,0,0,0,0,0,0,0,0,0,0,0
_____________________________________________________
_____________________________________________________
70,0,0.0000,
1,6,0,0,0,0,0,0,0,0,0,0,0,0
2,5,1,0,0,0,0,0,0,0,0,0,0,0
_____________________________________________________
_____________________________________________________
71,1,0.0000,
2,5,1,0,0,0,0,0,0,0,0,0,0,0
2,5,0,0,0,0,0,0,0,0,0,0,0,0
_____________________________________________________
_____________________________________________________
72,9,-1.0000,
2,5,0,0,0,0,0,0,0,0,0,0,0,0
2,5,0,-1,0,0,0,0,0,0,-1,0,0,0
_____________________________________________________
_____________________________________________________
73,9,0.0000,
2,5,0,-1,0,0,0,0,0,0,-1,0,0,0
2,5,0,-1,0,0,0,0,0,1,-1,0,0,0
_____________________________________________________
_____________________________________________________
74,9,0.0000,
2,5,0,-1,0,0,0,0,0,1,-1,0,0,0
2,5,0,-1,0,0,0,0,0,1,-1,0,0,0
_____________________________________________________
_____________________________________________________
75,9,0.0000,
2,5,0,-1,0,0,0,0,0,1,-1,0,0,0
1,5,0,-1,0,0,0,0,0,1,-1,0,0,0
_____________________________________________________
_____________________________________________________
76,9,0.0000,
1,5,0,-1,0,0,0,0,0,1,-1,0,0,0
1,6,0,-1,0,0,0,0,0,1,-1,0,0,1
_____________________________________________________
_____________________________________________________
77,9,0.0000,
1,6,0,-1,0,0,0,0,0,1,-1,0,0,1
1,6,0,-1,0,0,0,1,0,1,-1,0,1,1
_____________________________________________________
_____________________________________________________
78,11,0.0000,
1,6,0,-1,0,0,0,1,0,1,-1,0,1,1
1,6,0,-1,0,0,0,0,0,1,-1,1,0,0
_____________________________________________________
_____________________________________________________
79,2,0.0000,
1,6,0,-1,0,0,0,0,0,1,-1,1,0,0
0,7,0,-1,0,0,1,0,0,1,-1,1,0,0
_____________________________________________________
_____________________________________________________
80,0,0.0000,
0,7,0,-1,0,0,1,0,0,1,-1,1,0,0
0,7,0,-1,0,0,1,0,0,1,-1,1,0,0
_____________________________________________________
_____________________________________________________
81,0,0.0000,
0,7,0,-1,0,0,1,0,0,1,-1,1,0,0
0,7,0,-1,0,0,1,0,0,1,-1,1,0,0
_____________________________________________________
_____________________________________________________
82,0,0.0000,
0,7,0,-1,0,0,1,0,0,1,-1,1,0,0
1,6,1,-1,0,0,1,0,0,1,-1,1,0,0
_____________________________________________________
_____________________________________________________
83,2,0.0000,
1,6,1,-1,0,0,1,0,0,1,-1,1,0,0
0,7,-1,1,0,-1,1,0,0,0,0,0,1,1
_____________________________________________________
_____________________________________________________
84,0,0.0000,
0,7,-1,1,0,-1,1,0,0,0,0,0,1,1
0,7,-1,1,0,-1,1,0,0,0,0,0,1,1
_____________________________________________________
_____________________________________________________
85,0,0.0000,
0,7,-1,1,0,-1,1,0,0,0,0,0,1,1
1,6,-1,1,0,-1,1,0,0,0,0,0,1,1
_____________________________________________________
_____________________________________________________
86,1,0.0000,
1,6,-1,1,0,-1,1,0,0,0,0,0,1,1
0,7,-1,1,0,-1,1,0,0,0,0,0,1,1
_____________________________________________________
_____________________________________________________
87,0,0.0000,
0,7,-1,1,0,-1,1,0,0,0,0,0,1,1
1,6,-1,1,0,-1,1,0,0,0,0,0,1,1
_____________________________________________________
_____________________________________________________
88,1,0.0000,
1,6,-1,1,0,-1,1,0,0,0,0,0,1,1
0,7,-1,1,0,-1,1,0,0,0,0,0,1,1
_____________________________________________________
_____________________________________________________
89,0,0.0000,
0,7,-1,1,0,-1,1,0,0,0,0,0,1,1
0,7,-1,1,0,-1,1,0,0,0,0,0,1,1
_____________________________________________________
_____________________________________________________
90,0,0.0000,
0,7,-1,1,0,-1,1,0,0,0,0,0,1,1
0,7,-1,1,0,-1,1,0,0,0,1,0,0,1
_____________________________________________________
_____________________________________________________
91,0,0.0000,
0,7,-1,1,0,-1,1,0,0,0,1,0,0,1
1,6,-1,1,0,-1,1,0,0,0,1,0,0,1
_____________________________________________________
_____________________________________________________
92,1,0.0000,
1,6,-1,1,0,-1,1,0,0,0,1,0,0,1
0,7,-1,1,0,-1,1,0,0,0,1,0,0,1
_____________________________________________________
_____________________________________________________
93,0,0.0000,
0,7,-1,1,0,-1,1,0,0,0,1,0,0,1
0,7,-1,0,0,-1,0,0,0,0,1,0,0,1
_____________________________________________________
_____________________________________________________
94,0,0.0000,
0,7,-1,0,0,-1,0,0,0,0,1,0,0,1
1,6,-1,0,0,-1,0,0,0,0,0,0,0,1
_____________________________________________________
_____________________________________________________
95,1,0.0000,
1,6,-1,0,0,-1,0,0,0,0,0,0,0,1
0,7,-1,0,0,-1,0,0,0,0,0,0,0,1
_____________________________________________________
_____________________________________________________
96,0,0.0000,
0,7,-1,0,0,-1,0,0,0,0,0,0,0,1
1,6,-1,0,0,-1,0,0,0,0,0,0,0,1
_____________________________________________________
_____________________________________________________
97,1,0.0000,
1,6,-1,0,0,-1,0,0,0,0,0,0,0,1
0,7,0,0,0,0,0,0,0,0,0,0,0,0
_____________________________________________________
_____________________________________________________
98,0,0.0000,
0,7,0,0,0,0,0,0,0,0,0,0,0,0
1,6,0,0,0,0,0,1,0,0,0,0,0,0
_____________________________________________________
_____________________________________________________
99,6,0.0000,
1,6,0,0,0,0,0,1,0,0,0,0,0,0
0,7,0,0,0,0,0,0,0,0,0,0,1,0
_____________________________________________________
_____________________________________________________
100,0,0.0000,
0,7,0,0,0,0,0,0,0,0,0,0,1,0
0,7,0,1,1,0,0,0,0,0,0,0,1,0
_____________________________________________________
_____________________________________________________
101,0,0.0000,
0,7,0,1,1,0,0,0,0,0,0,0,1,0
1,6,0,1,1,0,0,0,0,0,0,0,1,0
_____________________________________________________
_____________________________________________________
102,11,0.0000,
1,6,0,1,1,0,0,0,0,0,0,0,1,0
0,7,0,0,0,0,0,0,0,0,0,0,0,0
_____________________________________________________
_____________________________________________________
103,0,0.0000,
0,7,0,0,0,0,0,0,0,0,0,0,0,0
0,7,0,0,0,1,0,0,0,0,0,0,0,0
_____________________________________________________
_____________________________________________________
104,0,0.0000,
0,7,0,0,0,1,0,0,0,0,0,0,0,0
1,6,0,0,0,1,0,0,0,1,1,0,0,1
_____________________________________________________
_____________________________________________________
105,12,0.0000,
1,6,0,0,0,1,0,0,0,1,1,0,0,1
1,6,1,0,0,1,0,0,1,1,0,0,0,0
_____________________________________________________
_____________________________________________________
106,7,0.0000,
1,6,1,0,0,1,0,0,1,1,0,0,0,0
0,7,0,0,0,1,0,0,0,0,0,0,0,0
_____________________________________________________
_____________________________________________________
107,0,0.0000,
0,7,0,0,0,1,0,0,0,0,0,0,0,0
0,7,0,0,0,1,0,0,0,0,0,0,0,0
_____________________________________________________
_____________________________________________________
108,0,0.0000,
0,7,0,0,0,1,0,0,0,0,0,0,0,0
0,7,1,0,0,1,0,0,1,1,0,1,0,0
_____________________________________________________
_____________________________________________________
109,0,0.0000,
0,7,1,0,0,1,0,0,1,1,0,1,0,0
1,6,1,0,0,1,0,0,1,1,0,1,0,0
_____________________________________________________
_____________________________________________________
110,10,0.0000,
1,6,1,0,0,1,0,0,1,1,0,1,0,0
0,7,1,0,0,1,0,0,1,1,0,0,0,0
_____________________________________________________
_____________________________________________________
111,0,0.0000,
0,7,1,0,0,1,0,0,1,1,0,0,0,0
1,6,1,0,0,1,-1,1,0,1,1,0,0,0
_____________________________________________________
_____________________________________________________
112,5,0.0000,
1,6,1,0,0,1,-1,1,0,1,1,0,0,0
0,7,1,0,0,1,-1,1,0,1,1,0,0,0
_____________________________________________________
_____________________________________________________
113,0,0.0000,
0,7,1,0,0,1,-1,1,0,1,1,0,0,0
0,7,1,0,0,1,-1,1,0,1,1,0,0,0
_____________________________________________________
_____________________________________________________
114,0,0.0000,
0,7,1,0,0,1,-1,1,0,1,1,0,0,0
0,7,1,0,0,1,-1,1,0,1,1,0,0,1
_____________________________________________________
_____________________________________________________
115,0,0.0000,
0,7,1,0,0,1,-1,1,0,1,1,0,0,1
1,6,1,1,0,1,-1,1,0,1,1,0,0,1
_____________________________________________________
_____________________________________________________
116,5,0.0000,
1,6,1,1,0,1,-1,1,0,1,1,0,0,1
1,6,1,1,0,1,1,1,0,1,1,0,0,1
_____________________________________________________
_____________________________________________________
117,5,0.0000,
1,6,1,1,0,1,1,1,0,1,1,0,0,1
0,7,1,1,0,1,0,1,0,1,1,0,0,1
_____________________________________________________
_____________________________________________________
118,0,0.0000,
0,7,1,1,0,1,0,1,0,1,1,0,0,1
0,7,1,1,0,1,0,1,0,1,1,0,0,1
_____________________________________________________
_____________________________________________________
119,0,0.0000,
0,7,1,1,0,1,0,1,0,1,1,0,0,1
1,6,1,1,0,1,0,1,0,1,1,0,0,1
_____________________________________________________
_____________________________________________________
120,6,0.0000,
1,6,1,1,0,1,0,1,0,1,1,0,0,1
0,7,1,1,0,0,0,0,0,1,0,0,0,1
_____________________________________________________
_____________________________________________________
121,0,0.0000,
0,7,1,1,0,0,0,0,0,1,0,0,0,1
0,7,1,1,0,0,0,0,0,1,0,0,0,1
_____________________________________________________
_____________________________________________________
122,0,0.0000,
0,7,1,1,0,0,0,0,0,1,0,0,0,1
0,7,1,1,0,0,0,0,0,1,0,0,0,1
_____________________________________________________
_____________________________________________________
123,0,0.0000,
0,7,1,1,0,0,0,0,0,1,0,0,0,1
0,7,1,1,0,0,0,0,0,1,0,0,0,1
_____________________________________________________
_____________________________________________________
124,0,0.0000,
0,7,1,1,0,0,0,0,0,1,0,0,0,1
1,6,1,1,0,0,0,0,0,1,0,0,0,1
_____________________________________________________
_____________________________________________________
125,12,0.0000,
1,6,1,1,0,0,0,0,0,1,0,0,0,1
1,6,1,0,1,1,0,1,0,0,0,0,1,0
_____________________________________________________
_____________________________________________________
126,11,0.0000,
1,6,1,0,1,1,0,1,0,0,0,0,1,0
0,7,1,0,1,0,0,1,0,0,0,0,1,0
_____________________________________________________
_____________________________________________________
127,0,0.0000,
0,7,1,0,1,0,0,1,0,0,0,0,1,0
1,6,0,0,0,0,1,1,0,0,1,0,1,0
_____________________________________________________
_____________________________________________________
128,11,0.0000,
1,6,0,0,0,0,1,1,0,0,1,0,1,0
1,6,0,1,0,0,1,1,0,0,1,0,0,0
_____________________________________________________
_____________________________________________________
129,5,0.0000,
1,6,0,1,0,0,1,1,0,0,1,0,0,0
0,7,0,0,0,0,0,1,0,0,0,0,0,0
_____________________________________________________
_____________________________________________________
130,0,0.0000,
0,7,0,0,0,0,0,1,0,0,0,0,0,0
0,7,0,0,0,0,0,1,0,0,0,0,0,0
_____________________________________________________
_____________________________________________________
131,0,0.0000,
0,7,0,0,0,0,0,1,0,0,0,0,0,0
0,7,0,0,0,0,0,1,0,0,0,1,0,0
_____________________________________________________
_____________________________________________________
132,0,0.0000,
0,7,0,0,0,0,0,1,0,0,0,1,0,0
0,7,0,0,0,0,0,1,0,0,0,1,0,0
_____________________________________________________
_____________________________________________________
133,0,0.0000,
0,7,0,0,0,0,0,1,0,0,0,1,0,0
0,7,0,0,1,1,0,1,0,0,0,1,1,1
_____________________________________________________
_____________________________________________________
134,0,0.0000,
0,7,0,0,1,1,0,1,0,0,0,1,1,1
0,7,1,0,1,1,0,1,1,1,0,1,1,1
_____________________________________________________
_____________________________________________________
135,0,0.0000,
0,7,1,0,1,1,0,1,1,1,0,1,1,1
0,7,0,0,0,0,0,1,1,1,0,1,1,1
_____________________________________________________
_____________________________________________________
136,0,0.0000,
0,7,0,0,0,0,0,1,1,1,0,1,1,1
0,7,0,0,1,1,0,1,1,1,0,1,1,1
_____________________________________________________
_____________________________________________________
137,0,0.0000,
0,7,0,0,1,1,0,1,1,1,0,1,1,1
1,6,1,0,1,0,0,1,1,1,0,1,1,1
_____________________________________________________
_____________________________________________________
138,11,0.0000,
1,6,1,0,1,0,0,1,1,1,0,1,1,1
0,7,0,0,0,0,0,1,1,1,0,1,0,1
_____________________________________________________
_____________________________________________________
139,0,0.0000,
0,7,0,0,0,0,0,1,1,1,0,1,0,1
0,7,0,0,0,0,0,0,0,0,0,0,0,0
_____________________________________________________
