_____________________________________________________
0,11,0.0000,
6,2,1,1,1,1,1,1,1,1,1,1,1,1
5,2,1,1,1,0,1,1,1,1,0,1,0,1
_____________________________________________________
_____________________________________________________
1,5,0.0000,
5,2,1,1,1,0,1,1,1,1,0,1,0,1
5,2,1,0,1,0,0,1,0,1,0,1,0,1
_____________________________________________________
_____________________________________________________
2,5,-1.0000,
5,2,1,0,1,0,0,1,0,1,0,1,0,1
5,2,1,-1,1,0,-1,1,-1,1,0,1,0,1
_____________________________________________________
_____________________________________________________
3,7,0.0000,
5,2,1,-1,1,0,-1,1,-1,1,0,1,0,1
5,2,1,-1,1,0,-1,1,-1,1,0,1,0,1
_____________________________________________________
_____________________________________________________
4,7,0.0000,
5,2,1,-1,1,0,-1,1,-1,1,0,1,0,1
5,1,1,-1,1,0,-1,1,-1,1,0,1,0,1
_____________________________________________________
_____________________________________________________
5,7,0.0000,
5,1,1,-1,1,0,-1,1,-1,1,0,1,0,1
5,2,1,-1,1,0,-1,1,-1,1,0,1,0,1
_____________________________________________________
_____________________________________________________
6,7,0.0000,
5,2,1,-1,1,0,-1,1,-1,1,0,1,0,1
5,2,1,-1,1,0,-1,1,-1,1,0,1,0,1
_____________________________________________________
_____________________________________________________
7,7,0.0000,
5,2,1,-1,1,0,-1,1,-1,1,0,1,0,1
4,2,1,-1,1,0,-1,1,-1,1,0,1,0,1
_____________________________________________________
_____________________________________________________
8,7,0.0000,
4,2,1,-1,1,0,-1,1,-1,1,0,1,0,1
4,2,1,-1,1,0,-1,1,-1,1,0,1,0,1
_____________________________________________________
_____________________________________________________
9,7,0.0000,
4,2,1,-1,1,0,-1,1,-1,1,0,1,0,1
4,2,1,-1,1,0,-1,1,-1,1,0,1,0,1
_____________________________________________________
_____________________________________________________
10,7,0.0000,
4,2,1,-1,1,0,-1,1,-1,1,0,1,0,1
4,2,1,-1,1,0,-1,1,-1,1,0,1,0,1
_____________________________________________________
_____________________________________________________
11,7,0.0000,
4,2,1,-1,1,0,-1,1,-1,1,0,1,0,1
3,3,1,-1,1,0,-1,1,-1,1,0,1,0,1
_____________________________________________________
_____________________________________________________
12,7,0.0000,
3,3,1,-1,1,0,-1,1,-1,1,0,1,0,1
2,3,1,-1,1,0,-1,1,-1,1,0,1,0,1
_____________________________________________________
_____________________________________________________
13,5,0.0000,
2,3,1,-1,1,0,-1,1,-1,1,0,1,0,1
1,3,1,1,1,1,1,1,1,1,1,1,1,0
_____________________________________________________
_____________________________________________________
14,2,0.0000,
1,3,1,1,1,1,1,1,1,1,1,1,1,0
1,6,1,0,1,1,1,1,1,0,1,1,0,0
_____________________________________________________
_____________________________________________________
15,5,0.0000,
1,6,1,0,1,1,1,1,1,0,1,1,0,0
1,6,1,0,1,1,0,0,1,0,1,1,0,1
_____________________________________________________
_____________________________________________________
16,7,0.0000,
1,6,1,0,1,1,0,0,1,0,1,1,0,1
0,7,1,1,1,1,0,0,0,1,1,1,1,1
_____________________________________________________
_____________________________________________________
17,0,0.0000,
0,7,1,1,1,1,0,0,0,1,1,1,1,1
0,7,1,1,1,1,0,0,0,1,1,1,1,1
_____________________________________________________
_____________________________________________________
18,0,0.0000,
0,7,1,1,1,1,0,0,0,1,1,1,1,1
0,7,1,1,1,1,0,0,0,1,1,1,1,1
_____________________________________________________
_____________________________________________________
19,0,0.0000,
0,7,1,1,1,1,0,0,0,1,1,1,1,1
1,6,1,1,1,1,0,1,0,1,1,1,1,1
_____________________________________________________
_____________________________________________________
20,11,0.0000,
1,6,1,1,1,1,0,1,0,1,1,1,1,1
0,7,1,0,1,1,1,1,1,0,1,1,1,1
_____________________________________________________
_____________________________________________________
21,0,0.0000,
0,7,1,0,1,1,1,1,1,0,1,1,1,1
1,6,1,1,1,1,1,1,1,1,1,1,1,1
_____________________________________________________
_____________________________________________________
22,2,0.0000,
1,6,1,1,1,1,1,1,1,1,1,1,1,1
1,6,1,0,1,1,1,1,1,0,1,1,0,1
_____________________________________________________
_____________________________________________________
23,5,0.0000,
1,6,1,0,1,1,1,1,1,0,1,1,0,1
0,7,1,0,1,1,0,0,1,0,1,1,0,1
_____________________________________________________
_____________________________________________________
24,0,0.0000,
0,7,1,0,1,1,0,0,1,0,1,1,0,1
0,7,1,0,1,1,0,1,1,0,1,1,0,1
_____________________________________________________
_____________________________________________________
25,0,0.0000,
0,7,1,0,1,1,0,1,1,0,1,1,0,1
1,6,1,0,1,1,1,1,1,0,1,1,0,1
_____________________________________________________
_____________________________________________________
26,5,0.0000,
1,6,1,0,1,1,1,1,1,0,1,1,0,1
1,6,1,0,1,1,0,0,1,0,1,1,0,1
_____________________________________________________
_____________________________________________________
27,7,0.0000,
1,6,1,0,1,1,0,0,1,0,1,1,0,1
0,7,-1,-1,-1,-1,1,1,1,1,0,1,1,0
_____________________________________________________
_____________________________________________________
28,0,0.0000,
0,7,-1,-1,-1,-1,1,1,1,1,0,1,1,0
1,6,-1,-1,-1,-1,1,1,1,1,0,1,1,0
_____________________________________________________
_____________________________________________________
29,11,0.0000,
1,6,-1,-1,-1,-1,1,1,1,1,0,1,1,0
0,7,-1,-1,-1,-1,1,1,1,1,0,1,0,0
_____________________________________________________
_____________________________________________________
30,0,0.0000,
0,7,-1,-1,-1,-1,1,1,1,1,0,1,0,0
1,6,-1,-1,-1,-1,1,1,1,1,0,1,0,0
_____________________________________________________
_____________________________________________________
31,5,0.0000,
1,6,-1,-1,-1,-1,1,1,1,1,0,1,0,0
1,6,1,1,1,1,0,1,1,0,1,1,0,0
_____________________________________________________
_____________________________________________________
32,2,0.0000,
1,6,1,1,1,1,0,1,1,0,1,1,0,0
1,6,0,0,0,0,0,1,1,0,1,1,0,0
_____________________________________________________
_____________________________________________________
33,7,0.0000,
1,6,0,0,0,0,0,1,1,0,1,1,0,0
1,6,0,0,0,0,1,0,0,1,1,1,0,0
_____________________________________________________
_____________________________________________________
34,5,0.0000,
1,6,0,0,0,0,1,0,0,1,1,1,0,0
1,6,0,0,0,0,0,0,0,0,1,1,0,0
_____________________________________________________
_____________________________________________________
35,9,0.0000,
1,6,0,0,0,0,0,0,0,0,1,1,0,0
1,6,0,0,0,0,0,0,0,0,0,1,0,0
_____________________________________________________
_____________________________________________________
36,0,0.0000,
1,6,0,0,0,0,0,0,0,0,0,1,0,0
2,5,0,0,0,0,0,0,0,1,0,1,0,0
_____________________________________________________
_____________________________________________________
37,10,0.0000,
2,5,0,0,0,0,0,0,0,1,0,1,0,0
2,5,0,0,0,0,1,0,0,1,0,0,0,0
_____________________________________________________
_____________________________________________________
38,5,0.0000,
2,5,0,0,0,0,1,0,0,1,0,0,0,0
1,5,1,1,1,1,0,0,0,0,0,0,0,0
_____________________________________________________
_____________________________________________________
39,2,0.0000,
1,5,1,1,1,1,0,0,0,0,0,0,0,0
0,7,0,0,0,0,0,0,0,1,0,0,0,0
_____________________________________________________
_____________________________________________________
40,0,0.0000,
0,7,0,0,0,0,0,0,0,1,0,0,0,0
0,7,0,0,0,0,1,0,0,1,0,0,0,0
_____________________________________________________
_____________________________________________________
41,0,0.0000,
0,7,0,0,0,0,1,0,0,1,0,0,0,0
0,7,0,0,0,0,0,0,0,0,1,0,0,1
_____________________________________________________
_____________________________________________________
42,0,0.0000,
0,7,0,0,0,0,0,0,0,0,1,0,0,1
1,6,0,1,0,0,0,0,0,0,1,1,0,1
_____________________________________________________
_____________________________________________________
43,2,0.0000,
1,6,0,1,0,0,0,0,0,0,1,1,0,1
0,7,0,0,0,0,0,0,0,0,1,0,0,1
_____________________________________________________
_____________________________________________________
44,0,0.0000,
0,7,0,0,0,0,0,0,0,0,1,0,0,1
1,6,0,0,0,1,0,0,1,0,1,0,0,1
_____________________________________________________
_____________________________________________________
45,7,0.0000,
1,6,0,0,0,1,0,0,1,0,1,0,0,1
0,7,0,0,0,1,0,0,0,1,1,0,0,1
_____________________________________________________
_____________________________________________________
46,0,0.0000,
0,7,0,0,0,1,0,0,0,1,1,0,0,1
0,7,1,0,0,1,0,0,0,1,1,0,0,1
_____________________________________________________
_____________________________________________________
47,0,0.0000,
0,7,1,0,0,1,0,0,0,1,1,0,0,1
0,7,1,0,0,1,0,0,0,1,1,0,0,1
_____________________________________________________
_____________________________________________________
48,0,0.0000,
0,7,1,0,0,1,0,0,0,1,1,0,0,1
0,7,1,0,0,1,0,0,0,1,1,0,0,1
_____________________________________________________
_____________________________________________________
49,0,0.0000,
0,7,1,0,0,1,0,0,0,1,1,0,0,1
0,7,1,0,0,1,1,0,0,1,1,0,0,1
_____________________________________________________
_____________________________________________________
50,0,0.0000,
0,7,1,0,0,1,1,0,0,1,1,0,0,1
0,7,1,0,0,1,1,0,0,1,1,0,0,1
_____________________________________________________
_____________________________________________________
51,0,0.0000,
0,7,1,0,0,1,1,0,0,1,1,0,0,1
1,6,1,0,0,1,1,0,0,1,1,0,0,1
_____________________________________________________
_____________________________________________________
52,5,0.0000,
1,6,1,0,0,1,1,0,0,1,1,0,0,1
0,7,1,0,0,1,0,0,0,1,1,0,0,1
_____________________________________________________
_____________________________________________________
53,0,0.0000,
0,7,1,0,0,1,0,0,0,1,1,0,0,1
0,7,1,0,0,1,0,0,0,1,1,0,0,1
_____________________________________________________
_____________________________________________________
54,0,0.0000,
0,7,1,0,0,1,0,0,0,1,1,0,0,1
0,7,1,0,0,1,1,0,0,1,1,0,0,1
_____________________________________________________
_____________________________________________________
55,0,0.0000,
0,7,1,0,0,1,1,0,0,1,1,0,0,1
1,6,1,1,1,0,1,1,1,1,0,1,0,1
_____________________________________________________
_____________________________________________________
56,5,0.0000,
1,6,1,1,1,0,1,1,1,1,0,1,0,1
0,7,1,1,1,0,1,1,1,1,0,1,0,1
_____________________________________________________
_____________________________________________________
57,0,0.0000,
0,7,1,1,1,0,1,1,1,1,0,1,0,1
0,7,1,1,1,0,1,1,1,1,0,1,0,1
_____________________________________________________
_____________________________________________________
58,0,0.0000,
0,7,1,1,1,0,1,1,1,1,0,1,0,1
1,6,1,1,1,0,1,1,1,1,0,1,0,1
_____________________________________________________
_____________________________________________________
59,5,0.0000,
1,6,1,1,1,0,1,1,1,1,0,1,0,1
1,6,1,1,1,0,1,1,1,1,0,1,0,1
_____________________________________________________
_____________________________________________________
60,5,0.0000,
1,6,1,1,1,0,1,1,1,1,0,1,0,1
0,7,1,0,1,0,0,1,1,1,0,0,0,1
_____________________________________________________
_____________________________________________________
61,0,0.0000,
0,7,1,0,1,0,0,1,1,1,0,0,0,1
1,6,1,0,1,0,1,1,1,1,0,1,0,1
_____________________________________________________
_____________________________________________________
62,5,0.0000,
1,6,1,0,1,0,1,1,1,1,0,1,0,1
1,6,1,0,1,0,0,1,1,1,0,0,0,1
_____________________________________________________
_____________________________________________________
63,7,0.0000,
1,6,1,0,1,0,0,1,1,1,0,0,0,1
1,6,1,0,1,0,0,1,0,1,0,0,1,1
_____________________________________________________
_____________________________________________________
64,11,0.0000,
1,6,1,0,1,0,0,1,0,1,0,0,1,1
1,6,1,0,1,0,0,1,0,1,0,0,0,1
_____________________________________________________
_____________________________________________________
65,6,0.0000,
1,6,1,0,1,0,0,1,0,1,0,0,0,1
1,6,1,0,1,0,1,0,0,1,0,1,0,1
_____________________________________________________
_____________________________________________________
66,5,0.0000,
1,6,1,0,1,0,1,0,0,1,0,1,0,1
1,6,1,0,1,0,0,0,0,1,0,0,0,1
_____________________________________________________
_____________________________________________________
67,12,0.0000,
1,6,1,0,1,0,0,0,0,1,0,0,0,1
0,7,1,0,0,0,1,0,0,1,0,1,0,0
_____________________________________________________
_____________________________________________________
68,0,0.0000,
0,7,1,0,0,0,1,0,0,1,0,1,0,0
1,6,1,1,0,0,1,0,0,1,0,1,0,0
_____________________________________________________
_____________________________________________________
69,5,0.0000,
1,6,1,1,0,0,1,0,0,1,0,1,0,0
0,7,0,1,0,0,0,0,1,1,0,0,0,0
_____________________________________________________
_____________________________________________________
70,0,0.0000,
0,7,0,1,0,0,0,0,1,1,0,0,0,0
0,7,0,1,0,0,0,0,1,1,1,0,0,0
_____________________________________________________
_____________________________________________________
71,0,0.0000,
0,7,0,1,0,0,0,0,1,1,1,0,0,0
0,7,0,1,1,0,0,0,1,1,1,0,0,0
_____________________________________________________
_____________________________________________________
72,0,0.0000,
0,7,0,1,1,0,0,0,1,1,1,0,0,0
0,7,0,1,1,0,0,0,1,1,1,0,0,0
_____________________________________________________
_____________________________________________________
73,0,0.0000,
0,7,0,1,1,0,0,0,1,1,1,0,0,0
1,6,0,1,1,0,0,0,1,1,1,0,0,0
_____________________________________________________
_____________________________________________________
74,7,0.0000,
1,6,0,1,1,0,0,0,1,1,1,0,0,0
0,7,0,1,1,0,0,0,0,1,1,0,0,0
_____________________________________________________
_____________________________________________________
75,0,0.0000,
0,7,0,1,1,0,0,0,0,1,1,0,0,0
1,6,0,1,1,0,0,1,1,1,1,0,0,0
_____________________________________________________
_____________________________________________________
76,7,0.0000,
1,6,0,1,1,0,0,1,1,1,1,0,0,0
1,6,1,1,1,1,0,1,0,1,1,0,1,0
_____________________________________________________
_____________________________________________________
77,11,0.0000,
1,6,1,1,1,1,0,1,0,1,1,0,1,0
0,7,1,1,1,1,0,1,0,1,1,0,0,0
_____________________________________________________
_____________________________________________________
78,0,0.0000,
0,7,1,1,1,1,0,1,0,1,1,0,0,0
0,7,1,1,1,1,0,1,0,1,1,0,0,0
_____________________________________________________
_____________________________________________________
79,0,0.0000,
0,7,1,1,1,1,0,1,0,1,1,0,0,0
0,7,1,1,1,1,1,1,0,1,1,0,0,0
_____________________________________________________
_____________________________________________________
80,0,0.0000,
0,7,1,1,1,1,1,1,0,1,1,0,0,0
0,7,1,1,1,1,1,1,0,1,1,0,0,0
_____________________________________________________
_____________________________________________________
81,0,0.0000,
0,7,1,1,1,1,1,1,0,1,1,0,0,0
1,6,1,1,1,1,1,1,0,1,1,0,0,0
_____________________________________________________
_____________________________________________________
82,5,0.0000,
1,6,1,1,1,1,1,1,0,1,1,0,0,0
0,7,1,1,1,1,0,1,0,1,1,0,0,0
_____________________________________________________
_____________________________________________________
83,0,0.0000,
0,7,1,1,1,1,0,1,0,1,1,0,0,0
1,6,0,1,0,1,0,0,0,1,1,1,1,0
_____________________________________________________
_____________________________________________________
84,11,0.0000,
1,6,0,1,0,1,0,0,0,1,1,1,1,0
0,7,0,1,0,1,0,0,0,0,0,1,0,0
_____________________________________________________
_____________________________________________________
85,0,0.0000,
0,7,0,1,0,1,0,0,0,0,0,1,0,0
1,6,0,1,0,1,0,0,0,1,1,1,1,0
_____________________________________________________
_____________________________________________________
86,11,0.0000,
1,6,0,1,0,1,0,0,0,1,1,1,1,0
0,7,0,1,0,1,0,0,0,0,0,1,0,0
_____________________________________________________
_____________________________________________________
87,0,0.0000,
0,7,0,1,0,1,0,0,0,0,0,1,0,0
1,6,0,1,0,1,0,0,0,1,1,1,1,0
_____________________________________________________
_____________________________________________________
88,11,0.0000,
1,6,0,1,0,1,0,0,0,1,1,1,1,0
1,6,0,1,0,1,1,0,0,0,0,1,1,1
_____________________________________________________
_____________________________________________________
89,11,0.0000,
1,6,0,1,0,1,1,0,0,0,0,1,1,1
1,6,1,1,1,1,1,0,1,0,0,1,0,1
_____________________________________________________
_____________________________________________________
90,5,0.0000,
1,6,1,1,1,1,1,0,1,0,0,1,0,1
1,6,0,1,0,1,0,1,1,0,0,1,1,1
_____________________________________________________
_____________________________________________________
91,11,0.0000,
1,6,0,1,0,1,0,1,1,0,0,1,1,1
0,7,0,1,0,1,0,1,1,0,0,1,0,1
_____________________________________________________
_____________________________________________________
92,0,0.0000,
0,7,0,1,0,1,0,1,1,0,0,1,0,1
1,6,0,1,0,1,0,1,1,0,0,1,0,1
_____________________________________________________
_____________________________________________________
93,7,0.0000,
1,6,0,1,0,1,0,1,1,0,0,1,0,1
1,6,0,1,0,1,0,1,1,1,1,1,1,1
_____________________________________________________
_____________________________________________________
94,11,0.0000,
1,6,0,1,0,1,0,1,1,1,1,1,1,1
0,7,0,1,0,1,0,1,1,0,0,1,0,1
_____________________________________________________
_____________________________________________________
95,0,0.0000,
0,7,0,1,0,1,0,1,1,0,0,1,0,1
1,6,0,1,0,1,0,1,1,0,1,1,1,1
_____________________________________________________
_____________________________________________________
96,11,0.0000,
1,6,0,1,0,1,0,1,1,0,1,1,1,1
0,7,0,1,0,1,0,1,1,0,0,1,0,1
_____________________________________________________
_____________________________________________________
97,0,0.0000,
0,7,0,1,0,1,0,1,1,0,0,1,0,1
1,6,1,1,0,0,1,0,0,1,0,1,0,0
_____________________________________________________
_____________________________________________________
98,5,0.0000,
1,6,1,1,0,0,1,0,0,1,0,1,0,0
1,6,1,0,0,0,0,1,0,1,0,1,0,0
_____________________________________________________
_____________________________________________________
99,6,0.0000,
1,6,1,0,0,0,0,1,0,1,0,1,0,0
1,6,1,0,0,0,0,0,0,1,0,1,0,0
_____________________________________________________
_____________________________________________________
100,8,0.0000,
1,6,1,0,0,0,0,0,0,1,0,1,0,0
1,6,1,0,0,0,0,0,0,0,0,1,0,0
_____________________________________________________
_____________________________________________________
101,1,0.0000,
1,6,1,0,0,0,0,0,0,0,0,1,0,0
0,7,0,0,0,0,0,0,0,0,0,1,1,0
_____________________________________________________
_____________________________________________________
102,0,0.0000,
0,7,0,0,0,0,0,0,0,0,0,1,1,0
1,6,1,0,1,1,0,0,1,0,0,1,1,0
_____________________________________________________
_____________________________________________________
103,11,0.0000,
1,6,1,0,1,1,0,0,1,0,0,1,1,0
1,6,1,0,0,0,0,0,0,1,0,1,0,0
_____________________________________________________
_____________________________________________________
104,10,0.0000,
1,6,1,0,0,0,0,0,0,1,0,1,0,0
1,6,1,0,0,0,0,0,0,1,0,1,0,0
_____________________________________________________
_____________________________________________________
105,10,0.0000,
1,6,1,0,0,0,0,0,0,1,0,1,0,0
1,6,1,0,0,0,0,1,0,1,0,0,0,0
_____________________________________________________
_____________________________________________________
106,6,0.0000,
1,6,1,0,0,0,0,1,0,1,0,0,0,0
0,7,1,0,0,0,0,0,0,1,0,0,0,0
_____________________________________________________
_____________________________________________________
107,0,0.0000,
0,7,1,0,0,0,0,0,0,1,0,0,0,0
1,6,1,0,0,0,0,0,0,1,0,0,0,0
_____________________________________________________
_____________________________________________________
108,8,0.0000,
1,6,1,0,0,0,0,0,0,1,0,0,0,0
1,6,1,0,0,1,0,0,1,0,0,0,1,0
_____________________________________________________
_____________________________________________________
109,11,0.0000,
1,6,1,0,0,1,0,0,1,0,0,0,1,0
1,6,1,0,0,0,0,1,0,0,0,0,0,0
_____________________________________________________
_____________________________________________________
110,6,0.0000,
1,6,1,0,0,0,0,1,0,0,0,0,0,0
1,6,1,0,0,0,0,0,0,0,0,0,0,0
_____________________________________________________
_____________________________________________________
111,1,0.0000,
1,6,1,0,0,0,0,0,0,0,0,0,0,0
1,6,0,1,0,0,1,0,1,0,0,0,1,0
_____________________________________________________
_____________________________________________________
112,7,0.0000,
1,6,0,1,0,0,1,0,1,0,0,0,1,0
1,6,0,1,0,0,0,0,0,0,0,0,0,0
_____________________________________________________
_____________________________________________________
113,2,0.0000,
1,6,0,1,0,0,0,0,0,0,0,0,0,0
1,6,0,0,0,0,0,0,0,0,0,1,0,0
_____________________________________________________
_____________________________________________________
114,10,0.0000,
1,6,0,0,0,0,0,0,0,0,0,1,0,0
1,6,0,0,0,0,0,0,0,0,0,0,0,0
_____________________________________________________
_____________________________________________________
115,0,0.0000,
1,6,0,0,0,0,0,0,0,0,0,0,0,0
1,5,0,0,0,0,0,0,0,0,0,0,0,1
_____________________________________________________
_____________________________________________________
116,12,0.0000,
1,5,0,0,0,0,0,0,0,0,0,0,0,1
1,6,0,1,0,0,0,0,0,0,0,0,1,0
_____________________________________________________
_____________________________________________________
117,11,0.0000,
1,6,0,1,0,0,0,0,0,0,0,0,1,0
0,7,0,1,0,0,0,0,0,0,0,0,0,0
_____________________________________________________
_____________________________________________________
118,0,0.0000,
0,7,0,1,0,0,0,0,0,0,0,0,0,0
0,7,0,1,0,0,0,0,0,0,0,0,0,0
_____________________________________________________
_____________________________________________________
119,0,0.0000,
0,7,0,1,0,0,0,0,0,0,0,0,0,0
0,7,0,1,0,0,0,0,0,0,0,0,0,0
_____________________________________________________
_____________________________________________________
120,0,0.0000,
0,7,0,1,0,0,0,0,0,0,0,0,0,0
1,6,0,1,0,0,0,0,0,0,0,0,0,0
_____________________________________________________
_____________________________________________________
121,2,0.0000,
1,6,0,1,0,0,0,0,0,0,0,0,0,0
1,6,0,0,0,0,0,0,1,0,0,0,1,0
_____________________________________________________
_____________________________________________________
122,11,0.0000,
1,6,0,0,0,0,0,0,1,0,0,0,1,0
0,7,0,0,0,0,0,0,0,0,0,0,0,0
_____________________________________________________
_____________________________________________________
123,0,0.0000,
0,7,0,0,0,0,0,0,0,0,0,0,0,0
1,6,0,0,0,0,0,1,0,1,0,1,0,0
_____________________________________________________
_____________________________________________________
124,6,0.0000,
1,6,0,0,0,0,0,1,0,1,0,1,0,0
1,6,0,0,1,1,0,0,0,0,0,0,0,0
_____________________________________________________
_____________________________________________________
125,3,0.0000,
1,6,0,0,1,1,0,0,0,0,0,0,0,0
0,7,0,0,0,0,0,0,1,0,0,0,0,0
_____________________________________________________
_____________________________________________________
126,0,0.0000,
0,7,0,0,0,0,0,0,1,0,0,0,0,0
0,7,0,0,0,0,0,1,1,0,1,0,0,0
_____________________________________________________
_____________________________________________________
127,0,0.0000,
0,7,0,0,0,0,0,1,1,0,1,0,0,0
1,6,0,0,0,0,0,1,1,0,1,0,0,0
_____________________________________________________
_____________________________________________________
128,7,0.0000,
1,6,0,0,0,0,0,1,1,0,1,0,0,0
1,6,0,0,0,0,0,1,0,0,1,0,0,0
_____________________________________________________
_____________________________________________________
129,6,0.0000,
1,6,0,0,0,0,0,1,0,0,1,0,0,0
1,6,0,1,0,0,0,0,0,0,0,0,0,0
_____________________________________________________
_____________________________________________________
130,2,0.0000,
1,6,0,1,0,0,0,0,0,0,0,0,0,0
1,6,1,0,0,0,1,0,0,0,1,0,0,0
_____________________________________________________
_____________________________________________________
131,5,0.0000,
1,6,1,0,0,0,1,0,0,0,1,0,0,0
0,7,0,0,0,0,0,1,0,0,1,0,0,0
_____________________________________________________
_____________________________________________________
132,0,0.0000,
0,7,0,0,0,0,0,1,0,0,1,0,0,0
1,6,0,0,0,0,0,1,1,0,1,0,0,0
_____________________________________________________
_____________________________________________________
133,7,0.0000,
1,6,0,0,0,0,0,1,1,0,1,0,0,0
0,7,0,0,0,0,0,1,0,0,1,0,0,0
_____________________________________________________
_____________________________________________________
134,0,0.0000,
0,7,0,0,0,0,0,1,0,0,1,0,0,0
1,6,0,0,0,0,0,1,0,0,1,0,0,0
_____________________________________________________
_____________________________________________________
135,6,0.0000,
1,6,0,0,0,0,0,1,0,0,1,0,0,0
1,6,0,0,0,0,0,0,0,0,1,0,0,0
_____________________________________________________
_____________________________________________________
136,9,0.0000,
1,6,0,0,0,0,0,0,0,0,1,0,0,0
0,7,0,0,0,0,0,0,0,0,0,0,0,0
_____________________________________________________
_____________________________________________________
137,0,0.0000,
0,7,0,0,0,0,0,0,0,0,0,0,0,0
0,7,0,0,0,0,0,0,0,0,0,0,0,0
_____________________________________________________
_____________________________________________________
138,0,0.0000,
0,7,0,0,0,0,0,0,0,0,0,0,0,0
1,6,0,0,0,0,0,0,0,0,0,0,0,0
_____________________________________________________
_____________________________________________________
139,0,0.0000,
1,6,0,0,0,0,0,0,0,0,0,0,0,0
1,6,0,0,0,0,0,0,0,0,0,0,0,0
_____________________________________________________
