_____________________________________________________
0,11,0.0000,
1,6,0,1,0,1,0,0,1,0,1,0,1,1
1,6,0,0,0,1,0,0,1,0,1,0,0,1
_____________________________________________________
_____________________________________________________
1,7,0.0000,
1,6,0,0,0,1,0,0,1,0,1,0,0,1
1,6,0,0,0,1,0,0,0,0,1,0,0,1
_____________________________________________________
_____________________________________________________
2,12,0.0000,
1,6,0,0,0,1,0,0,0,0,1,0,0,1
1,6,0,0,0,1,0,0,0,0,1,0,0,0
_____________________________________________________
_____________________________________________________
3,9,0.0000,
1,6,0,0,0,1,0,0,0,0,1,0,0,0
1,6,0,0,0,0,0,0,0,0,0,0,0,0
_____________________________________________________
_____________________________________________________
4,0,0.0000,
1,6,0,0,0,0,0,0,0,0,0,0,0,0
1,5,0,0,0,0,0,0,0,0,0,0,0,0
_____________________________________________________
_____________________________________________________
5,0,0.0000,
1,5,0,0,0,0,0,0,0,0,0,0,0,0
1,4,0,0,0,0,1,0,0,0,0,0,1,0
_____________________________________________________
_____________________________________________________
6,11,0.0000,
1,4,0,0,0,0,1,0,0,0,0,0,1,0
1,6,0,0,0,0,1,0,0,0,0,0,0,0
_____________________________________________________
_____________________________________________________
7,5,0.0000,
1,6,0,0,0,0,1,0,0,0,0,0,0,0
1,6,0,0,0,0,0,0,0,0,0,0,0,0
_____________________________________________________
_____________________________________________________
8,0,0.0000,
1,6,0,0,0,0,0,0,0,0,0,0,0,0
2,5,0,0,0,0,0,0,0,0,0,0,0,0
_____________________________________________________
_____________________________________________________
9,9,-1.0000,
2,5,0,0,0,0,0,0,0,0,0,0,0,0
1,5,0,0,0,-1,0,0,0,0,0,0,0,1
_____________________________________________________
_____________________________________________________
10,12,0.0000,
1,5,0,0,0,-1,0,0,0,0,0,0,0,1
0,7,0,0,0,0,1,0,1,0,0,0,0,0
_____________________________________________________
_____________________________________________________
11,0,0.0000,
0,7,0,0,0,0,1,0,1,0,0,0,0,0
1,6,0,0,0,0,1,0,1,0,0,0,0,0
_____________________________________________________
_____________________________________________________
12,7,0.0000,
1,6,0,0,0,0,1,0,1,0,0,0,0,0
1,6,0,0,0,0,1,0,0,0,0,0,0,0
_____________________________________________________
_____________________________________________________
13,5,0.0000,
1,6,0,0,0,0,1,0,0,0,0,0,0,0
1,6,0,0,0,0,0,0,0,0,0,0,0,0
_____________________________________________________
_____________________________________________________
14,0,0.0000,
1,6,0,0,0,0,0,0,0,0,0,0,0,0
1,5,0,0,0,0,0,0,0,0,0,0,0,0
_____________________________________________________
_____________________________________________________
15,0,0.0000,
1,5,0,0,0,0,0,0,0,0,0,0,0,0
2,4,0,0,0,0,0,0,0,0,0,0,0,0
_____________________________________________________
_____________________________________________________
16,9,-1.0000,
2,4,0,0,0,0,0,0,0,0,0,0,0,0
1,5,-1,-1,0,0,0,0,-1,0,-1,0,0,0
_____________________________________________________
_____________________________________________________
17,9,0.0000,
1,5,-1,-1,0,0,0,0,-1,0,-1,0,0,0
1,6,-1,-1,0,0,0,0,-1,0,-1,0,0,0
_____________________________________________________
_____________________________________________________
18,9,0.0000,
1,6,-1,-1,0,0,0,0,-1,0,-1,0,0,0
1,6,-1,-1,0,0,0,0,-1,0,-1,0,0,0
_____________________________________________________
_____________________________________________________
19,9,0.0000,
1,6,-1,-1,0,0,0,0,-1,0,-1,0,0,0
1,6,-1,-1,0,0,0,0,-1,0,-1,0,0,0
_____________________________________________________
_____________________________________________________
20,9,0.0000,
1,6,-1,-1,0,0,0,0,-1,0,-1,0,0,0
1,6,-1,-1,0,0,0,0,-1,0,-1,0,0,0
_____________________________________________________
_____________________________________________________
21,9,0.0000,
1,6,-1,-1,0,0,0,0,-1,0,-1,0,0,0
0,7,-1,-1,0,0,0,1,-1,0,-1,0,1,0
_____________________________________________________
_____________________________________________________
22,0,0.0000,
0,7,-1,-1,0,0,0,1,-1,0,-1,0,1,0
1,6,-1,1,1,1,0,1,1,0,1,1,1,0
_____________________________________________________
_____________________________________________________
23,11,0.0000,
1,6,-1,1,1,1,0,1,1,0,1,1,1,0
1,6,1,1,0,0,0,0,1,0,1,1,0,0
_____________________________________________________
_____________________________________________________
24,7,0.0000,
1,6,1,1,0,0,0,0,1,0,1,1,0,0
0,7,0,0,0,0,0,0,0,0,0,1,0,0
_____________________________________________________
_____________________________________________________
25,0,0.0000,
0,7,0,0,0,0,0,0,0,0,0,1,0,0
1,6,0,0,0,0,0,0,0,0,0,1,0,0
_____________________________________________________
_____________________________________________________
26,0,0.0000,
1,6,0,0,0,0,0,0,0,0,0,1,0,0
2,5,0,0,0,0,0,0,0,0,0,1,0,0
_____________________________________________________
_____________________________________________________
27,10,0.0000,
2,5,0,0,0,0,0,0,0,0,0,1,0,0
1,5,0,0,0,0,0,0,0,0,0,0,0,0
_____________________________________________________
_____________________________________________________
28,0,0.0000,
1,5,0,0,0,0,0,0,0,0,0,0,0,0
2,4,0,0,0,0,0,0,0,0,0,0,0,0
_____________________________________________________
_____________________________________________________
29,9,-1.0000,
2,4,0,0,0,0,0,0,0,0,0,0,0,0
1,5,0,0,0,0,0,0,0,-1,-1,0,1,0
_____________________________________________________
_____________________________________________________
30,9,0.0000,
1,5,0,0,0,0,0,0,0,-1,-1,0,1,0
1,6,0,0,0,0,0,0,0,-1,-1,0,1,0
_____________________________________________________
_____________________________________________________
31,9,0.0000,
1,6,0,0,0,0,0,0,0,-1,-1,0,1,0
0,7,0,0,1,1,0,1,0,-1,-1,0,1,0
_____________________________________________________
_____________________________________________________
32,0,0.0000,
0,7,0,0,1,1,0,1,0,-1,-1,0,1,0
1,6,0,1,1,1,1,1,0,-1,-1,0,1,0
_____________________________________________________
_____________________________________________________
33,9,0.0000,
1,6,0,1,1,1,1,1,0,-1,-1,0,1,0
1,6,0,1,1,1,1,1,0,-1,-1,0,1,0
_____________________________________________________
_____________________________________________________
34,9,0.0000,
1,6,0,1,1,1,1,1,0,-1,-1,0,1,0
0,7,0,1,1,1,1,1,0,-1,-1,0,0,0
_____________________________________________________
_____________________________________________________
35,0,0.0000,
0,7,0,1,1,1,1,1,0,-1,-1,0,0,0
0,7,0,1,1,1,1,1,0,-1,-1,0,0,0
_____________________________________________________
_____________________________________________________
36,0,0.0000,
0,7,0,1,1,1,1,1,0,-1,-1,0,0,0
0,7,0,1,1,0,1,0,0,-1,-1,0,0,0
_____________________________________________________
_____________________________________________________
37,0,0.0000,
0,7,0,1,1,0,1,0,0,-1,-1,0,0,0
0,7,0,1,0,0,1,0,0,-1,-1,1,0,0
_____________________________________________________
_____________________________________________________
38,0,0.0000,
0,7,0,1,0,0,1,0,0,-1,-1,1,0,0
1,6,0,1,0,0,1,0,0,-1,1,1,0,0
_____________________________________________________
_____________________________________________________
39,5,0.0000,
1,6,0,1,0,0,1,0,0,-1,1,1,0,0
1,6,0,0,0,0,0,0,0,1,1,1,0,0
_____________________________________________________
_____________________________________________________
40,9,0.0000,
1,6,0,0,0,0,0,0,0,1,1,1,0,0
1,6,0,0,0,0,0,0,0,0,0,1,0,0
_____________________________________________________
_____________________________________________________
41,10,0.0000,
1,6,0,0,0,0,0,0,0,0,0,1,0,0
0,7,0,0,0,0,0,0,0,0,0,1,0,0
_____________________________________________________
_____________________________________________________
42,0,0.0000,
0,7,0,0,0,0,0,0,0,0,0,1,0,0
0,7,0,0,0,0,0,0,0,0,0,1,0,0
_____________________________________________________
_____________________________________________________
43,0,0.0000,
0,7,0,0,0,0,0,0,0,0,0,1,0,0
1,6,0,0,0,0,0,0,0,0,0,1,1,0
_____________________________________________________
_____________________________________________________
44,11,0.0000,
1,6,0,0,0,0,0,0,0,0,0,1,1,0
1,6,0,0,0,0,0,0,0,0,0,1,0,0
_____________________________________________________
_____________________________________________________
45,10,0.0000,
1,6,0,0,0,0,0,0,0,0,0,1,0,0
0,7,0,0,0,0,0,0,0,0,0,0,0,0
_____________________________________________________
_____________________________________________________
46,0,0.0000,
0,7,0,0,0,0,0,0,0,0,0,0,0,0
1,6,0,0,0,1,0,0,0,0,0,0,0,0
_____________________________________________________
_____________________________________________________
47,0,0.0000,
1,6,0,0,0,1,0,0,0,0,0,0,0,0
2,5,1,0,0,1,0,0,0,0,0,0,0,0
_____________________________________________________
_____________________________________________________
48,1,0.0000,
2,5,1,0,0,1,0,0,0,0,0,0,0,0
1,5,0,0,0,0,0,0,0,0,0,1,0,0
_____________________________________________________
_____________________________________________________
49,10,0.0000,
1,5,0,0,0,0,0,0,0,0,0,1,0,0
1,6,0,0,1,0,0,0,0,0,0,0,0,0
_____________________________________________________
_____________________________________________________
50,3,0.0000,
1,6,0,0,1,0,0,0,0,0,0,0,0,0
1,6,1,1,0,1,0,1,0,0,0,0,0,0
_____________________________________________________
_____________________________________________________
51,6,0.0000,
1,6,1,1,0,1,0,1,0,0,0,0,0,0
0,7,1,0,0,1,0,0,0,0,0,0,0,0
_____________________________________________________
_____________________________________________________
52,0,0.0000,
0,7,1,0,0,1,0,0,0,0,0,0,0,0
1,6,1,0,0,1,0,0,0,0,0,0,0,0
_____________________________________________________
_____________________________________________________
53,1,0.0000,
1,6,1,0,0,1,0,0,0,0,0,0,0,0
0,7,1,0,0,1,0,0,0,0,0,0,0,0
_____________________________________________________
_____________________________________________________
54,0,0.0000,
0,7,1,0,0,1,0,0,0,0,0,0,0,0
0,7,1,0,0,1,0,0,0,0,0,0,0,0
_____________________________________________________
_____________________________________________________
55,0,0.0000,
0,7,1,0,0,1,0,0,0,0,0,0,0,0
1,6,1,0,0,0,1,0,1,0,0,1,0,0
_____________________________________________________
_____________________________________________________
56,5,0.0000,
1,6,1,0,0,0,1,0,1,0,0,1,0,0
1,6,1,0,0,0,1,0,1,0,0,1,0,0
_____________________________________________________
_____________________________________________________
57,5,0.0000,
1,6,1,0,0,0,1,0,1,0,0,1,0,0
1,6,1,0,0,0,0,0,0,0,0,0,0,0
_____________________________________________________
_____________________________________________________
58,1,0.0000,
1,6,1,0,0,0,0,0,0,0,0,0,0,0
1,6,0,0,0,0,0,0,0,0,0,0,0,0
_____________________________________________________
_____________________________________________________
59,0,0.0000,
1,6,0,0,0,0,0,0,0,0,0,0,0,0
1,5,0,0,0,0,0,0,0,0,0,0,0,0
_____________________________________________________
_____________________________________________________
60,0,0.0000,
1,5,0,0,0,0,0,0,0,0,0,0,0,0
2,4,0,0,0,0,1,0,1,0,0,1,0,0
_____________________________________________________
_____________________________________________________
61,7,0.0000,
2,4,0,0,0,0,1,0,1,0,0,1,0,0
2,5,0,0,0,0,0,0,0,0,0,0,0,0
_____________________________________________________
_____________________________________________________
62,9,-1.0000,
2,5,0,0,0,0,0,0,0,0,0,0,0,0
2,5,0,-1,0,0,0,0,0,0,-1,1,0,0
_____________________________________________________
_____________________________________________________
63,9,0.0000,
2,5,0,-1,0,0,0,0,0,0,-1,1,0,0
2,5,0,-1,0,0,1,0,1,0,0,1,0,0
_____________________________________________________
_____________________________________________________
64,7,0.0000,
2,5,0,-1,0,0,1,0,1,0,0,1,0,0
2,5,0,0,0,0,0,0,0,0,0,0,0,0
_____________________________________________________
_____________________________________________________
65,9,-1.0000,
2,5,0,0,0,0,0,0,0,0,0,0,0,0
1,5,0,-1,0,0,0,0,1,0,-1,1,0,0
_____________________________________________________
_____________________________________________________
66,9,0.0000,
1,5,0,-1,0,0,0,0,1,0,-1,1,0,0
1,6,0,-1,0,0,1,0,1,0,-1,1,0,0
_____________________________________________________
_____________________________________________________
67,9,0.0000,
1,6,0,-1,0,0,1,0,1,0,-1,1,0,0
1,6,0,-1,0,0,1,0,1,0,-1,1,0,0
_____________________________________________________
_____________________________________________________
68,9,0.0000,
1,6,0,-1,0,0,1,0,1,0,-1,1,0,0
1,6,0,-1,0,0,1,0,0,0,-1,0,0,0
_____________________________________________________
_____________________________________________________
69,9,0.0000,
1,6,0,-1,0,0,1,0,0,0,-1,0,0,0
1,6,0,0,0,-1,0,0,0,0,0,0,0,0
_____________________________________________________
_____________________________________________________
70,0,0.0000,
1,6,0,0,0,-1,0,0,0,0,0,0,0,0
2,5,0,0,0,-1,0,0,0,0,0,0,0,0
_____________________________________________________
_____________________________________________________
71,9,-1.0000,
2,5,0,0,0,-1,0,0,0,0,0,0,0,0
2,5,0,0,0,-1,0,0,0,0,-1,0,0,0
_____________________________________________________
_____________________________________________________
72,9,0.0000,
2,5,0,0,0,-1,0,0,0,0,-1,0,0,0
1,5,0,0,0,-1,0,0,0,0,-1,0,0,0
_____________________________________________________
_____________________________________________________
73,9,0.0000,
1,5,0,0,0,-1,0,0,0,0,-1,0,0,0
1,6,0,0,0,-1,0,0,0,0,-1,0,0,0
_____________________________________________________
_____________________________________________________
74,9,0.0000,
1,6,0,0,0,-1,0,0,0,0,-1,0,0,0
0,7,0,0,0,-1,0,0,0,0,-1,0,0,0
_____________________________________________________
_____________________________________________________
75,0,0.0000,
0,7,0,0,0,-1,0,0,0,0,-1,0,0,0
1,6,0,0,0,-1,0,0,0,0,-1,0,0,0
_____________________________________________________
_____________________________________________________
76,9,0.0000,
1,6,0,0,0,-1,0,0,0,0,-1,0,0,0
0,7,0,0,0,-1,0,0,0,0,-1,0,0,0
_____________________________________________________
_____________________________________________________
77,0,0.0000,
0,7,0,0,0,-1,0,0,0,0,-1,0,0,0
0,7,0,0,0,-1,0,0,0,0,-1,0,0,0
_____________________________________________________
_____________________________________________________
78,0,0.0000,
0,7,0,0,0,-1,0,0,0,0,-1,0,0,0
1,6,0,0,0,-1,0,0,0,0,-1,0,1,0
_____________________________________________________
_____________________________________________________
79,9,0.0000,
1,6,0,0,0,-1,0,0,0,0,-1,0,1,0
0,7,0,0,0,-1,0,1,0,0,-1,1,1,0
_____________________________________________________
_____________________________________________________
80,0,0.0000,
0,7,0,0,0,-1,0,1,0,0,-1,1,1,0
0,7,0,0,0,1,0,1,0,0,-1,1,1,0
_____________________________________________________
_____________________________________________________
81,0,0.0000,
0,7,0,0,0,1,0,1,0,0,-1,1,1,0
1,6,0,0,0,1,0,1,0,0,-1,1,1,0
_____________________________________________________
_____________________________________________________
82,11,0.0000,
1,6,0,0,0,1,0,1,0,0,-1,1,1,0
1,6,0,0,0,1,0,0,0,0,-1,0,0,0
_____________________________________________________
_____________________________________________________
83,9,0.0000,
1,6,0,0,0,1,0,0,0,0,-1,0,0,0
1,6,1,0,0,0,0,0,0,0,0,0,0,0
_____________________________________________________
_____________________________________________________
84,1,0.0000,
1,6,1,0,0,0,0,0,0,0,0,0,0,0
0,7,0,0,0,0,0,0,0,0,0,0,0,0
_____________________________________________________
_____________________________________________________
85,0,0.0000,
0,7,0,0,0,0,0,0,0,0,0,0,0,0
1,6,0,0,0,0,0,1,0,0,0,0,0,0
_____________________________________________________
_____________________________________________________
86,6,0.0000,
1,6,0,0,0,0,0,1,0,0,0,0,0,0
0,7,0,0,0,0,0,0,0,0,0,0,0,0
_____________________________________________________
_____________________________________________________
87,0,0.0000,
0,7,0,0,0,0,0,0,0,0,0,0,0,0
1,6,0,0,0,0,0,0,0,0,0,0,0,0
_____________________________________________________
_____________________________________________________
88,0,0.0000,
1,6,0,0,0,0,0,0,0,0,0,0,0,0
2,5,0,0,0,0,0,0,0,0,0,0,0,0
_____________________________________________________
_____________________________________________________
89,9,-1.0000,
2,5,0,0,0,0,0,0,0,0,0,0,0,0
1,5,0,-1,-1,0,1,1,0,0,-1,0,0,0
_____________________________________________________
_____________________________________________________
90,9,0.0000,
1,5,0,-1,-1,0,1,1,0,0,-1,0,0,0
1,6,0,-1,-1,0,1,1,0,0,-1,0,0,0
_____________________________________________________
_____________________________________________________
91,9,0.0000,
1,6,0,-1,-1,0,1,1,0,0,-1,0,0,0
0,7,0,-1,-1,0,1,1,1,0,-1,0,0,0
_____________________________________________________
_____________________________________________________
92,0,0.0000,
0,7,0,-1,-1,0,1,1,1,0,-1,0,0,0
0,7,0,-1,-1,0,0,0,1,0,-1,0,0,1
_____________________________________________________
_____________________________________________________
93,0,0.0000,
0,7,0,-1,-1,0,0,0,1,0,-1,0,0,1
0,7,0,-1,1,0,0,0,1,1,1,0,0,1
_____________________________________________________
_____________________________________________________
94,0,0.0000,
0,7,0,-1,1,0,0,0,1,1,1,0,0,1
1,6,0,1,1,0,0,0,1,1,1,0,0,1
_____________________________________________________
_____________________________________________________
95,7,0.0000,
1,6,0,1,1,0,0,0,1,1,1,0,0,1
1,6,0,1,1,0,0,0,0,1,1,0,0,1
_____________________________________________________
_____________________________________________________
96,2,0.0000,
1,6,0,1,1,0,0,0,0,1,1,0,0,1
0,7,0,0,0,0,0,0,0,1,0,0,0,1
_____________________________________________________
_____________________________________________________
97,0,0.0000,
0,7,0,0,0,0,0,0,0,1,0,0,0,1
1,6,0,0,0,0,0,1,0,0,0,0,0,1
_____________________________________________________
_____________________________________________________
98,6,0.0000,
1,6,0,0,0,0,0,1,0,0,0,0,0,1
0,7,0,0,0,0,0,0,0,0,0,0,0,0
_____________________________________________________
_____________________________________________________
99,0,0.0000,
0,7,0,0,0,0,0,0,0,0,0,0,0,0
1,6,0,0,0,0,0,0,0,0,0,0,0,0
_____________________________________________________
_____________________________________________________
100,0,0.0000,
1,6,0,0,0,0,0,0,0,0,0,0,0,0
1,5,0,0,0,0,0,0,0,0,0,0,0,1
_____________________________________________________
_____________________________________________________
101,12,0.0000,
1,5,0,0,0,0,0,0,0,0,0,0,0,1
0,7,1,0,0,0,0,0,0,0,0,1,0,0
_____________________________________________________
_____________________________________________________
102,0,0.0000,
0,7,1,0,0,0,0,0,0,0,0,1,0,0
1,6,1,0,0,0,0,0,0,0,0,1,0,0
_____________________________________________________
_____________________________________________________
103,1,0.0000,
1,6,1,0,0,0,0,0,0,0,0,1,0,0
0,7,0,0,0,0,0,1,0,0,0,0,0,1
_____________________________________________________
_____________________________________________________
104,0,0.0000,
0,7,0,0,0,0,0,1,0,0,0,0,0,1
0,7,0,0,0,0,0,1,0,0,0,0,0,1
_____________________________________________________
_____________________________________________________
105,0,0.0000,
0,7,0,0,0,0,0,1,0,0,0,0,0,1
0,7,0,0,0,0,0,1,0,0,0,0,0,1
_____________________________________________________
_____________________________________________________
106,0,0.0000,
0,7,0,0,0,0,0,1,0,0,0,0,0,1
0,7,0,0,0,0,1,1,1,0,0,0,1,1
_____________________________________________________
_____________________________________________________
107,0,0.0000,
0,7,0,0,0,0,1,1,1,0,0,0,1,1
0,7,0,0,0,0,1,1,1,0,0,0,1,1
_____________________________________________________
_____________________________________________________
108,0,0.0000,
0,7,0,0,0,0,1,1,1,0,0,0,1,1
1,6,0,0,0,0,1,1,1,0,0,0,1,1
_____________________________________________________
_____________________________________________________
109,11,0.0000,
1,6,0,0,0,0,1,1,1,0,0,0,1,1
1,6,0,0,0,0,0,1,0,0,0,0,0,1
_____________________________________________________
_____________________________________________________
110,6,0.0000,
1,6,0,0,0,0,0,1,0,0,0,0,0,1
0,7,0,0,0,0,0,0,0,0,0,0,0,0
_____________________________________________________
_____________________________________________________
111,0,0.0000,
0,7,0,0,0,0,0,0,0,0,0,0,0,0
1,6,0,1,0,0,0,0,0,1,0,0,0,0
_____________________________________________________
_____________________________________________________
112,2,0.0000,
1,6,0,1,0,0,0,0,0,1,0,0,0,0
1,6,0,0,0,0,0,0,0,0,0,0,0,0
_____________________________________________________
_____________________________________________________
113,0,0.0000,
1,6,0,0,0,0,0,0,0,0,0,0,0,0
1,5,0,0,0,0,0,0,0,1,0,0,0,0
_____________________________________________________
_____________________________________________________
114,8,0.0000,
1,5,0,0,0,0,0,0,0,1,0,0,0,0
1,6,1,0,0,1,1,0,0,0,0,0,0,0
_____________________________________________________
_____________________________________________________
115,5,0.0000,
1,6,1,0,0,1,1,0,0,0,0,0,0,0
1,6,0,0,0,0,0,0,0,0,0,0,0,0
_____________________________________________________
_____________________________________________________
116,0,0.0000,
1,6,0,0,0,0,0,0,0,0,0,0,0,0
2,5,0,0,0,0,0,0,0,1,0,0,0,0
_____________________________________________________
_____________________________________________________
117,10,-1.0000,
2,5,0,0,0,0,0,0,0,1,0,0,0,0
1,5,0,1,0,0,0,0,0,1,0,-1,0,0
_____________________________________________________
_____________________________________________________
118,10,0.0000,
1,5,0,1,0,0,0,0,0,1,0,-1,0,0
0,7,0,1,0,0,0,0,0,1,0,-1,0,0
_____________________________________________________
_____________________________________________________
119,0,0.0000,
0,7,0,1,0,0,0,0,0,1,0,-1,0,0
0,7,0,1,0,0,0,0,0,1,0,-1,0,0
_____________________________________________________
_____________________________________________________
120,0,0.0000,
0,7,0,1,0,0,0,0,0,1,0,-1,0,0
0,7,0,1,0,0,0,0,0,1,0,-1,0,0
_____________________________________________________
_____________________________________________________
121,0,0.0000,
0,7,0,1,0,0,0,0,0,1,0,-1,0,0
1,6,0,1,0,0,0,0,0,1,0,1,0,0
_____________________________________________________
_____________________________________________________
122,2,0.0000,
1,6,0,1,0,0,0,0,0,1,0,1,0,0
1,6,0,0,0,0,0,0,0,0,0,1,0,0
_____________________________________________________
_____________________________________________________
123,0,0.0000,
1,6,0,0,0,0,0,0,0,0,0,1,0,0
1,5,0,1,1,0,0,1,0,1,0,1,0,0
_____________________________________________________
_____________________________________________________
124,6,0.0000,
1,5,0,1,1,0,0,1,0,1,0,1,0,0
0,7,0,1,0,0,0,0,0,1,0,1,0,0
_____________________________________________________
_____________________________________________________
125,0,0.0000,
0,7,0,1,0,0,0,0,0,1,0,1,0,0
0,7,0,1,0,0,0,1,0,0,0,0,0,0
_____________________________________________________
_____________________________________________________
126,0,0.0000,
0,7,0,1,0,0,0,1,0,0,0,0,0,0
0,7,0,1,0,1,0,0,0,0,0,0,0,1
_____________________________________________________
_____________________________________________________
127,0,0.0000,
0,7,0,1,0,1,0,0,0,0,0,0,0,1
1,6,0,1,0,1,0,0,0,0,0,0,0,1
_____________________________________________________
_____________________________________________________
128,12,0.0000,
1,6,0,1,0,1,0,0,0,0,0,0,0,1
0,7,0,1,0,0,0,1,0,0,0,1,0,0
_____________________________________________________
_____________________________________________________
129,0,0.0000,
0,7,0,1,0,0,0,1,0,0,0,1,0,0
0,7,0,1,1,0,0,1,0,0,0,1,0,0
_____________________________________________________
_____________________________________________________
130,0,0.0000,
0,7,0,1,1,0,0,1,0,0,0,1,0,0
1,6,0,1,1,0,0,0,0,0,0,0,0,0
_____________________________________________________
_____________________________________________________
131,2,0.0000,
1,6,0,1,1,0,0,0,0,0,0,0,0,0
1,6,0,0,1,0,0,0,0,0,0,0,0,0
_____________________________________________________
_____________________________________________________
132,3,0.0000,
1,6,0,0,1,0,0,0,0,0,0,0,0,0
1,6,0,1,0,0,0,0,0,0,0,0,0,0
_____________________________________________________
_____________________________________________________
133,2,0.0000,
1,6,0,1,0,0,0,0,0,0,0,0,0,0
0,7,0,0,0,0,0,0,0,0,0,0,0,0
_____________________________________________________
_____________________________________________________
134,0,0.0000,
0,7,0,0,0,0,0,0,0,0,0,0,0,0
0,7,0,0,0,0,0,0,0,0,0,0,0,0
_____________________________________________________
_____________________________________________________
135,0,0.0000,
0,7,0,0,0,0,0,0,0,0,0,0,0,0
0,7,0,0,0,1,0,0,0,0,0,0,1,1
_____________________________________________________
_____________________________________________________
136,0,0.0000,
0,7,0,0,0,1,0,0,0,0,0,0,1,1
0,7,0,0,0,1,0,0,0,0,0,0,1,1
_____________________________________________________
_____________________________________________________
137,0,0.0000,
0,7,0,0,0,1,0,0,0,0,0,0,1,1
1,6,0,0,0,1,0,0,0,0,0,0,1,1
_____________________________________________________
_____________________________________________________
138,11,0.0000,
1,6,0,0,0,1,0,0,0,0,0,0,1,1
1,6,0,0,0,1,0,0,0,0,0,0,0,1
_____________________________________________________
_____________________________________________________
139,12,0.0000,
1,6,0,0,0,1,0,0,0,0,0,0,0,1
0,6,0,0,0,0,0,0,0,0,0,0,0,0
_____________________________________________________
