_____________________________________________________
0,5,0.0000,
3,5,1,1,1,1,1,1,1,1,1,0,1,1
2,5,1,1,1,0,0,1,1,0,1,0,1,1
_____________________________________________________
_____________________________________________________
1,11,0.0000,
2,5,1,1,1,0,0,1,1,0,1,0,1,1
1,4,1,1,1,0,0,1,0,0,1,0,0,1
_____________________________________________________
_____________________________________________________
2,2,0.0000,
1,4,1,1,1,0,0,1,0,0,1,0,0,1
0,7,0,0,1,1,1,1,0,1,0,0,0,1
_____________________________________________________
_____________________________________________________
3,0,0.0000,
0,7,0,0,1,1,1,1,0,1,0,0,0,1
0,7,0,0,1,1,1,1,0,1,0,0,0,1
_____________________________________________________
_____________________________________________________
4,0,0.0000,
0,7,0,0,1,1,1,1,0,1,0,0,0,1
1,6,0,0,1,1,1,1,0,1,0,0,0,1
_____________________________________________________
_____________________________________________________
5,5,0.0000,
1,6,0,0,1,1,1,1,0,1,0,0,0,1
1,6,0,0,1,0,0,1,0,0,0,0,0,1
_____________________________________________________
_____________________________________________________
6,6,0.0000,
1,6,0,0,1,0,0,1,0,0,0,0,0,1
1,6,0,0,1,0,0,0,0,1,0,0,0,1
_____________________________________________________
_____________________________________________________
7,12,0.0000,
1,6,0,0,1,0,0,0,0,1,0,0,0,1
1,6,0,0,0,1,1,0,0,1,0,0,0,0
_____________________________________________________
_____________________________________________________
8,5,0.0000,
1,6,0,0,0,1,1,0,0,1,0,0,0,0
0,7,0,0,0,0,0,0,0,0,0,0,0,0
_____________________________________________________
_____________________________________________________
9,0,0.0000,
0,7,0,0,0,0,0,0,0,0,0,0,0,0
0,7,0,0,0,0,0,0,0,1,0,0,0,0
_____________________________________________________
_____________________________________________________
10,0,0.0000,
0,7,0,0,0,0,0,0,0,1,0,0,0,0
0,7,0,0,1,1,1,0,0,1,0,0,0,1
_____________________________________________________
_____________________________________________________
11,0,0.0000,
0,7,0,0,1,1,1,0,0,1,0,0,0,1
1,6,0,0,1,1,1,0,0,1,0,0,0,1
_____________________________________________________
_____________________________________________________
12,5,0.0000,
1,6,0,0,1,1,1,0,0,1,0,0,0,1
0,7,0,0,1,0,0,0,0,0,0,0,0,1
_____________________________________________________
_____________________________________________________
13,0,0.0000,
0,7,0,0,1,0,0,0,0,0,0,0,0,1
0,7,0,0,0,0,0,1,0,1,0,0,0,0
_____________________________________________________
_____________________________________________________
14,0,0.0000,
0,7,0,0,0,0,0,1,0,1,0,0,0,0
1,6,0,0,0,0,0,1,0,1,0,0,0,0
_____________________________________________________
_____________________________________________________
15,6,0.0000,
1,6,0,0,0,0,0,1,0,1,0,0,0,0
1,6,1,0,0,0,0,0,0,1,0,0,0,0
_____________________________________________________
_____________________________________________________
16,8,0.0000,
1,6,1,0,0,0,0,0,0,1,0,0,0,0
0,7,1,0,0,0,0,0,1,0,0,0,0,1
_____________________________________________________
_____________________________________________________
17,0,0.0000,
0,7,1,0,0,0,0,0,1,0,0,0,0,1
0,7,1,0,1,1,0,0,1,0,1,0,0,1
_____________________________________________________
_____________________________________________________
18,0,0.0000,
0,7,1,0,1,1,0,0,1,0,1,0,0,1
0,7,1,1,1,1,0,0,1,0,1,0,1,1
_____________________________________________________
_____________________________________________________
19,0,0.0000,
0,7,1,1,1,1,0,0,1,0,1,0,1,1
0,7,1,1,1,1,0,0,1,0,1,0,1,1
_____________________________________________________
_____________________________________________________
20,0,0.0000,
0,7,1,1,1,1,0,0,1,0,1,0,1,1
1,6,1,1,1,1,0,0,1,0,1,0,1,1
_____________________________________________________
_____________________________________________________
21,11,0.0000,
1,6,1,1,1,1,0,0,1,0,1,0,1,1
0,7,1,1,1,1,0,0,1,0,1,0,0,1
_____________________________________________________
_____________________________________________________
22,0,0.0000,
0,7,1,1,1,1,0,0,1,0,1,0,0,1
1,6,1,1,1,0,0,0,1,0,0,0,0,1
_____________________________________________________
_____________________________________________________
23,7,0.0000,
1,6,1,1,1,0,0,0,1,0,0,0,0,1
1,6,1,0,0,0,0,0,0,0,0,0,0,0
_____________________________________________________
_____________________________________________________
24,1,0.0000,
1,6,1,0,0,0,0,0,0,0,0,0,0,0
1,6,0,0,0,0,0,0,0,0,0,0,0,0
_____________________________________________________
_____________________________________________________
25,0,0.0000,
1,6,0,0,0,0,0,0,0,0,0,0,0,0
1,5,0,0,0,1,0,0,0,1,1,0,0,0
_____________________________________________________
_____________________________________________________
26,9,0.0000,
1,5,0,0,0,1,0,0,0,1,1,0,0,0
0,7,0,0,0,0,0,0,0,1,0,0,0,0
_____________________________________________________
_____________________________________________________
27,0,0.0000,
0,7,0,0,0,0,0,0,0,1,0,0,0,0
0,7,0,1,0,1,0,1,1,1,1,1,0,0
_____________________________________________________
_____________________________________________________
28,0,0.0000,
0,7,0,1,0,1,0,1,1,1,1,1,0,0
0,7,0,1,0,1,0,1,1,1,1,1,0,0
_____________________________________________________
_____________________________________________________
29,0,0.0000,
0,7,0,1,0,1,0,1,1,1,1,1,0,0
1,6,0,1,0,1,0,1,1,1,1,1,0,0
_____________________________________________________
_____________________________________________________
30,7,0.0000,
1,6,0,1,0,1,0,1,1,1,1,1,0,0
0,7,0,1,0,1,0,1,1,1,1,1,0,0
_____________________________________________________
_____________________________________________________
31,0,0.0000,
0,7,0,1,0,1,0,1,1,1,1,1,0,0
1,6,0,1,0,1,1,1,1,1,1,1,1,1
_____________________________________________________
_____________________________________________________
32,11,0.0000,
1,6,0,1,0,1,1,1,1,1,1,1,1,1
0,7,0,1,0,1,0,1,1,1,1,1,0,0
_____________________________________________________
_____________________________________________________
33,0,0.0000,
0,7,0,1,0,1,0,1,1,1,1,1,0,0
1,6,0,1,0,1,0,1,1,1,1,1,0,0
_____________________________________________________
_____________________________________________________
34,7,0.0000,
1,6,0,1,0,1,0,1,1,1,1,1,0,0
0,7,0,0,0,1,0,1,1,1,1,1,0,0
_____________________________________________________
_____________________________________________________
35,0,0.0000,
0,7,0,0,0,1,0,1,1,1,1,1,0,0
0,7,0,1,0,1,0,1,1,1,1,1,0,0
_____________________________________________________
_____________________________________________________
36,0,0.0000,
0,7,0,1,0,1,0,1,1,1,1,1,0,0
0,7,0,1,0,1,0,1,1,1,1,1,0,0
_____________________________________________________
_____________________________________________________
37,0,0.0000,
0,7,0,1,0,1,0,1,1,1,1,1,0,0
0,7,0,1,0,1,0,1,1,1,1,1,0,0
_____________________________________________________
_____________________________________________________
38,0,0.0000,
0,7,0,1,0,1,0,1,1,1,1,1,0,0
1,6,0,1,0,1,0,1,1,1,1,1,0,0
_____________________________________________________
_____________________________________________________
39,7,0.0000,
1,6,0,1,0,1,0,1,1,1,1,1,0,0
1,6,0,1,0,1,0,1,1,1,1,1,0,0
_____________________________________________________
_____________________________________________________
40,7,0.0000,
1,6,0,1,0,1,0,1,1,1,1,1,0,0
1,6,0,0,0,1,0,0,0,0,1,1,0,1
_____________________________________________________
_____________________________________________________
41,12,0.0000,
1,6,0,0,0,1,0,0,0,0,1,1,0,1
1,6,0,0,0,0,0,0,0,1,0,0,0,0
_____________________________________________________
_____________________________________________________
42,8,0.0000,
1,6,0,0,0,0,0,0,0,1,0,0,0,0
0,7,0,0,0,0,1,0,1,1,0,0,0,0
_____________________________________________________
_____________________________________________________
43,0,0.0000,
0,7,0,0,0,0,1,0,1,1,0,0,0,0
0,7,0,1,1,0,1,1,1,1,0,0,0,0
_____________________________________________________
_____________________________________________________
44,0,0.0000,
0,7,0,1,1,0,1,1,1,1,0,0,0,0
0,7,0,1,1,0,1,1,1,1,0,0,0,0
_____________________________________________________
_____________________________________________________
45,0,0.0000,
0,7,0,1,1,0,1,1,1,1,0,0,0,0
0,7,0,1,1,0,1,1,1,1,0,0,0,0
_____________________________________________________
_____________________________________________________
46,0,0.0000,
0,7,0,1,1,0,1,1,1,1,0,0,0,0
1,6,0,1,1,0,1,1,1,1,0,0,0,0
_____________________________________________________
_____________________________________________________
47,5,0.0000,
1,6,0,1,1,0,1,1,1,1,0,0,0,0
1,6,0,0,1,0,0,1,1,1,0,0,0,0
_____________________________________________________
_____________________________________________________
48,7,0.0000,
1,6,0,0,1,0,0,1,1,1,0,0,0,0
0,7,0,0,0,0,0,0,0,1,0,0,0,0
_____________________________________________________
_____________________________________________________
49,0,0.0000,
0,7,0,0,0,0,0,0,0,1,0,0,0,0
1,6,0,1,0,0,1,0,0,1,0,0,0,0
_____________________________________________________
_____________________________________________________
50,5,0.0000,
1,6,0,1,0,0,1,0,0,1,0,0,0,0
0,7,0,0,0,0,0,0,0,1,0,0,0,0
_____________________________________________________
_____________________________________________________
51,0,0.0000,
0,7,0,0,0,0,0,0,0,1,0,0,0,0
0,7,0,0,0,0,0,0,0,1,0,0,0,0
_____________________________________________________
_____________________________________________________
52,0,0.0000,
0,7,0,0,0,0,0,0,0,1,0,0,0,0
0,7,0,0,0,0,0,0,0,1,0,1,0,0
_____________________________________________________
_____________________________________________________
53,0,0.0000,
0,7,0,0,0,0,0,0,0,1,0,1,0,0
0,7,1,0,1,0,0,1,1,1,0,1,0,0
_____________________________________________________
_____________________________________________________
54,0,0.0000,
0,7,1,0,1,0,0,1,1,1,0,1,0,0
0,7,1,1,1,0,1,1,1,1,0,1,0,0
_____________________________________________________
_____________________________________________________
55,0,0.0000,
0,7,1,1,1,0,1,1,1,1,0,1,0,0
1,6,1,1,0,1,1,0,1,0,1,1,1,1
_____________________________________________________
_____________________________________________________
56,11,0.0000,
1,6,1,1,0,1,1,0,1,0,1,1,1,1
0,7,1,1,1,1,1,0,1,0,1,1,0,1
_____________________________________________________
_____________________________________________________
57,0,0.0000,
0,7,1,1,1,1,1,0,1,0,1,1,0,1
1,6,1,1,1,1,1,0,1,0,0,1,0,1
_____________________________________________________
_____________________________________________________
58,5,0.0000,
1,6,1,1,1,1,1,0,1,0,0,1,0,1
0,7,1,1,1,1,0,0,0,0,0,1,0,1
_____________________________________________________
_____________________________________________________
59,0,0.0000,
0,7,1,1,1,1,0,0,0,0,0,1,0,1
0,7,1,1,1,1,1,0,0,0,0,1,0,1
_____________________________________________________
_____________________________________________________
60,0,0.0000,
0,7,1,1,1,1,1,0,0,0,0,1,0,1
1,6,1,1,1,1,1,0,0,0,0,1,0,1
_____________________________________________________
_____________________________________________________
61,5,0.0000,
1,6,1,1,1,1,1,0,0,0,0,1,0,1
1,6,1,1,1,1,0,0,0,0,0,1,0,1
_____________________________________________________
_____________________________________________________
62,2,0.0000,
1,6,1,1,1,1,0,0,0,0,0,1,0,1
0,7,1,0,1,1,0,0,0,0,1,0,0,1
_____________________________________________________
_____________________________________________________
63,0,0.0000,
0,7,1,0,1,1,0,0,0,0,1,0,0,1
1,6,1,0,1,1,0,0,1,0,1,0,0,1
_____________________________________________________
_____________________________________________________
64,7,0.0000,
1,6,1,0,1,1,0,0,1,0,1,0,0,1
1,6,1,0,1,1,0,0,0,0,0,1,0,1
_____________________________________________________
_____________________________________________________
65,12,0.0000,
1,6,1,0,1,1,0,0,0,0,0,1,0,1
0,7,1,1,0,1,1,0,1,0,1,1,0,0
_____________________________________________________
_____________________________________________________
66,0,0.0000,
0,7,1,1,0,1,1,0,1,0,1,1,0,0
0,7,1,1,0,1,1,0,1,0,1,1,1,0
_____________________________________________________
_____________________________________________________
67,0,0.0000,
0,7,1,1,0,1,1,0,1,0,1,1,1,0
0,7,1,1,0,1,1,0,1,0,1,1,1,0
_____________________________________________________
_____________________________________________________
68,0,0.0000,
0,7,1,1,0,1,1,0,1,0,1,1,1,0
0,7,1,1,0,1,1,0,1,0,1,1,1,0
_____________________________________________________
_____________________________________________________
69,0,0.0000,
0,7,1,1,0,1,1,0,1,0,1,1,1,0
1,6,1,1,1,0,1,1,1,1,0,0,1,0
_____________________________________________________
_____________________________________________________
70,5,0.0000,
1,6,1,1,1,0,1,1,1,1,0,0,1,0
0,7,1,1,1,0,0,0,1,1,0,0,0,0
_____________________________________________________
_____________________________________________________
71,0,0.0000,
0,7,1,1,1,0,0,0,1,1,0,0,0,0
0,7,1,1,1,0,0,0,1,1,0,0,0,0
_____________________________________________________
_____________________________________________________
72,0,0.0000,
0,7,1,1,1,0,0,0,1,1,0,0,0,0
0,7,1,1,1,0,0,0,1,1,0,0,0,0
_____________________________________________________
_____________________________________________________
73,0,0.0000,
0,7,1,1,1,0,0,0,1,1,0,0,0,0
0,7,1,1,1,0,0,0,1,1,0,0,0,0
_____________________________________________________
_____________________________________________________
74,0,0.0000,
0,7,1,1,1,0,0,0,1,1,0,0,0,0
1,6,1,1,1,0,0,1,1,1,0,0,1,0
_____________________________________________________
_____________________________________________________
75,11,0.0000,
1,6,1,1,1,0,0,1,1,1,0,0,1,0
1,6,1,1,1,0,0,0,1,1,0,0,0,0
_____________________________________________________
_____________________________________________________
76,7,0.0000,
1,6,1,1,1,0,0,0,1,1,0,0,0,0
0,7,1,1,1,0,0,0,1,1,0,0,0,0
_____________________________________________________
_____________________________________________________
77,0,0.0000,
0,7,1,1,1,0,0,0,1,1,0,0,0,0
1,6,1,1,1,0,0,0,1,1,0,0,0,0
_____________________________________________________
_____________________________________________________
78,7,0.0000,
1,6,1,1,1,0,0,0,1,1,0,0,0,0
1,6,1,0,1,0,0,0,0,1,0,0,0,0
_____________________________________________________
_____________________________________________________
79,8,0.0000,
1,6,1,0,1,0,0,0,0,1,0,0,0,0
1,6,1,0,0,0,0,0,0,0,0,0,0,0
_____________________________________________________
_____________________________________________________
80,1,0.0000,
1,6,1,0,0,0,0,0,0,0,0,0,0,0
0,7,0,0,0,0,0,0,0,0,0,0,0,0
_____________________________________________________
_____________________________________________________
81,0,0.0000,
0,7,0,0,0,0,0,0,0,0,0,0,0,0
0,7,0,0,0,0,0,1,0,0,0,0,1,0
_____________________________________________________
_____________________________________________________
82,0,0.0000,
0,7,0,0,0,0,0,1,0,0,0,0,1,0
1,6,0,0,0,0,1,1,0,0,0,0,1,0
_____________________________________________________
_____________________________________________________
83,11,0.0000,
1,6,0,0,0,0,1,1,0,0,0,0,1,0
1,6,0,0,1,1,0,0,0,1,0,0,0,1
_____________________________________________________
_____________________________________________________
84,12,0.0000,
1,6,0,0,1,1,0,0,0,1,0,0,0,1
0,7,0,0,1,1,0,0,0,1,1,0,0,0
_____________________________________________________
_____________________________________________________
85,0,0.0000,
0,7,0,0,1,1,0,0,0,1,1,0,0,0
1,6,1,0,1,1,0,0,0,1,1,0,0,0
_____________________________________________________
_____________________________________________________
86,9,0.0000,
1,6,1,0,1,1,0,0,0,1,1,0,0,0
0,7,0,0,1,1,0,0,0,0,0,0,0,0
_____________________________________________________
_____________________________________________________
87,0,0.0000,
0,7,0,0,1,1,0,0,0,0,0,0,0,0
0,7,0,0,1,0,0,0,0,0,0,0,0,1
_____________________________________________________
_____________________________________________________
88,0,0.0000,
0,7,0,0,1,0,0,0,0,0,0,0,0,1
0,7,0,0,1,0,1,0,1,0,0,1,0,1
_____________________________________________________
_____________________________________________________
89,0,0.0000,
0,7,0,0,1,0,1,0,1,0,0,1,0,1
1,6,0,0,1,0,1,1,1,0,1,1,0,1
_____________________________________________________
_____________________________________________________
90,5,0.0000,
1,6,0,0,1,0,1,1,1,0,1,1,0,1
0,7,1,0,1,1,0,1,1,1,1,1,0,0
_____________________________________________________
_____________________________________________________
91,0,0.0000,
0,7,1,0,1,1,0,1,1,1,1,1,0,0
0,7,1,0,1,1,0,1,1,1,1,1,0,0
_____________________________________________________
_____________________________________________________
92,0,0.0000,
0,7,1,0,1,1,0,1,1,1,1,1,0,0
1,6,1,0,1,1,0,1,1,1,1,1,0,0
_____________________________________________________
_____________________________________________________
93,7,0.0000,
1,6,1,0,1,1,0,1,1,1,1,1,0,0
1,6,1,0,1,1,0,0,0,1,1,0,0,0
_____________________________________________________
_____________________________________________________
94,9,0.0000,
1,6,1,0,1,1,0,0,0,1,1,0,0,0
1,6,0,0,1,1,1,0,0,1,0,0,0,1
_____________________________________________________
_____________________________________________________
95,5,0.0000,
1,6,0,0,1,1,1,0,0,1,0,0,0,1
1,6,0,0,1,1,0,0,0,1,1,0,0,0
_____________________________________________________
_____________________________________________________
96,9,0.0000,
1,6,0,0,1,1,0,0,0,1,1,0,0,0
0,7,0,0,1,1,0,0,0,1,0,0,0,0
_____________________________________________________
_____________________________________________________
97,0,0.0000,
0,7,0,0,1,1,0,0,0,1,0,0,0,0
0,7,0,0,0,0,0,1,0,0,0,0,0,1
_____________________________________________________
_____________________________________________________
98,0,0.0000,
0,7,0,0,0,0,0,1,0,0,0,0,0,1
1,6,0,0,1,0,0,1,0,0,0,0,0,1
_____________________________________________________
_____________________________________________________
99,6,0.0000,
1,6,0,0,1,0,0,1,0,0,0,0,0,1
0,7,0,0,1,0,0,0,0,0,0,0,0,0
_____________________________________________________
_____________________________________________________
100,0,0.0000,
0,7,0,0,1,0,0,0,0,0,0,0,0,0
1,6,0,0,1,0,1,0,1,1,0,1,0,0
_____________________________________________________
_____________________________________________________
101,5,0.0000,
1,6,0,0,1,0,1,0,1,1,0,1,0,0
0,7,0,0,1,0,0,1,0,0,0,0,0,1
_____________________________________________________
_____________________________________________________
102,0,0.0000,
0,7,0,0,1,0,0,1,0,0,0,0,0,1
0,7,0,0,1,0,0,1,0,0,0,0,0,1
_____________________________________________________
_____________________________________________________
103,0,0.0000,
0,7,0,0,1,0,0,1,0,0,0,0,0,1
1,6,0,0,1,0,0,1,0,0,0,0,0,1
_____________________________________________________
_____________________________________________________
104,6,0.0000,
1,6,0,0,1,0,0,1,0,0,0,0,0,1
1,6,0,1,1,1,0,1,0,0,0,0,0,1
_____________________________________________________
_____________________________________________________
105,6,0.0000,
1,6,0,1,1,1,0,1,0,0,0,0,0,1
1,6,0,1,1,1,0,0,0,0,0,0,0,0
_____________________________________________________
_____________________________________________________
106,2,0.0000,
1,6,0,1,1,1,0,0,0,0,0,0,0,0
1,6,0,0,1,0,0,0,0,0,0,0,0,0
_____________________________________________________
_____________________________________________________
107,3,0.0000,
1,6,0,0,1,0,0,0,0,0,0,0,0,0
1,6,0,0,0,0,0,0,0,0,0,0,0,0
_____________________________________________________
_____________________________________________________
108,0,0.0000,
1,6,0,0,0,0,0,0,0,0,0,0,0,0
1,5,0,1,0,1,0,0,0,0,0,0,0,0
_____________________________________________________
_____________________________________________________
109,2,0.0000,
1,5,0,1,0,1,0,0,0,0,0,0,0,0
0,7,0,0,0,0,0,1,0,0,0,0,0,1
_____________________________________________________
_____________________________________________________
110,0,0.0000,
0,7,0,0,0,0,0,1,0,0,0,0,0,1
1,6,0,0,0,0,0,1,0,0,0,0,0,1
_____________________________________________________
_____________________________________________________
111,6,0.0000,
1,6,0,0,0,0,0,1,0,0,0,0,0,1
0,7,0,0,0,0,0,0,0,0,0,0,1,0
_____________________________________________________
_____________________________________________________
112,0,0.0000,
0,7,0,0,0,0,0,0,0,0,0,0,1,0
1,6,0,0,0,0,0,0,0,0,0,0,1,0
_____________________________________________________
_____________________________________________________
113,11,0.0000,
1,6,0,0,0,0,0,0,0,0,0,0,1,0
0,7,1,0,0,0,0,1,0,0,0,0,0,0
_____________________________________________________
_____________________________________________________
114,0,0.0000,
0,7,1,0,0,0,0,1,0,0,0,0,0,0
0,7,1,0,0,1,0,1,0,0,0,0,0,0
_____________________________________________________
_____________________________________________________
115,0,0.0000,
0,7,1,0,0,1,0,1,0,0,0,0,0,0
1,6,1,0,0,1,0,1,0,0,0,1,0,0
_____________________________________________________
_____________________________________________________
116,6,0.0000,
1,6,1,0,0,1,0,1,0,0,0,1,0,0
1,6,1,0,0,0,0,0,0,1,0,1,0,0
_____________________________________________________
_____________________________________________________
117,8,0.0000,
1,6,1,0,0,0,0,0,0,1,0,1,0,0
0,7,1,0,0,0,0,0,0,0,0,1,0,0
_____________________________________________________
_____________________________________________________
118,0,0.0000,
0,7,1,0,0,0,0,0,0,0,0,1,0,0
1,6,1,0,1,1,1,1,0,1,0,1,0,1
_____________________________________________________
_____________________________________________________
119,5,0.0000,
1,6,1,0,1,1,1,1,0,1,0,1,0,1
0,7,0,0,0,1,0,1,0,1,0,1,0,0
_____________________________________________________
_____________________________________________________
120,0,0.0000,
0,7,0,0,0,1,0,1,0,1,0,1,0,0
1,6,0,0,0,1,0,1,0,1,0,1,1,0
_____________________________________________________
_____________________________________________________
121,11,0.0000,
1,6,0,0,0,1,0,1,0,1,0,1,1,0
1,6,0,0,0,1,0,1,0,1,0,1,0,0
_____________________________________________________
_____________________________________________________
122,6,0.0000,
1,6,0,0,0,1,0,1,0,1,0,1,0,0
1,6,0,0,0,0,0,0,0,1,0,1,0,0
_____________________________________________________
_____________________________________________________
123,8,0.0000,
1,6,0,0,0,0,0,0,0,1,0,1,0,0
0,7,0,0,0,0,0,0,0,0,0,0,0,0
_____________________________________________________
_____________________________________________________
124,0,0.0000,
0,7,0,0,0,0,0,0,0,0,0,0,0,0
1,6,0,0,0,0,0,0,0,0,0,1,0,0
_____________________________________________________
_____________________________________________________
125,10,0.0000,
1,6,0,0,0,0,0,0,0,0,0,1,0,0
0,7,0,0,0,0,1,1,0,0,0,0,0,1
_____________________________________________________
_____________________________________________________
126,0,0.0000,
0,7,0,0,0,0,1,1,0,0,0,0,0,1
0,7,0,0,0,0,1,1,0,0,0,0,0,1
_____________________________________________________
_____________________________________________________
127,0,0.0000,
0,7,0,0,0,0,1,1,0,0,0,0,0,1
1,6,0,0,0,0,1,1,0,0,0,0,0,1
_____________________________________________________
_____________________________________________________
128,5,0.0000,
1,6,0,0,0,0,1,1,0,0,0,0,0,1
1,6,0,0,0,0,0,1,0,0,0,0,0,0
_____________________________________________________
_____________________________________________________
129,6,0.0000,
1,6,0,0,0,0,0,1,0,0,0,0,0,0
0,7,0,0,0,1,0,0,0,0,0,1,0,0
_____________________________________________________
_____________________________________________________
130,0,0.0000,
0,7,0,0,0,1,0,0,0,0,0,1,0,0
0,7,0,0,0,1,0,0,0,0,1,1,0,0
_____________________________________________________
_____________________________________________________
131,0,0.0000,
0,7,0,0,0,1,0,0,0,0,1,1,0,0
0,7,0,0,0,1,0,0,0,0,1,1,0,0
_____________________________________________________
_____________________________________________________
132,0,0.0000,
0,7,0,0,0,1,0,0,0,0,1,1,0,0
1,6,0,0,0,1,0,0,0,0,1,1,0,0
_____________________________________________________
_____________________________________________________
133,9,0.0000,
1,6,0,0,0,1,0,0,0,0,1,1,0,0
0,7,0,0,0,1,0,0,0,0,0,0,0,0
_____________________________________________________
_____________________________________________________
134,0,0.0000,
0,7,0,0,0,1,0,0,0,0,0,0,0,0
1,6,0,0,0,1,0,0,0,0,0,0,0,0
_____________________________________________________
_____________________________________________________
135,0,0.0000,
1,6,0,0,0,1,0,0,0,0,0,0,0,0
2,5,0,1,0,1,1,0,1,0,0,0,0,1
_____________________________________________________
_____________________________________________________
136,7,0.0000,
2,5,0,1,0,1,1,0,1,0,0,0,0,1
1,5,0,0,1,1,1,0,0,0,0,1,0,1
_____________________________________________________
_____________________________________________________
137,5,0.0000,
1,5,0,0,1,1,1,0,0,0,0,1,0,1
0,7,1,0,1,1,0,0,0,0,1,1,0,0
_____________________________________________________
_____________________________________________________
138,0,0.0000,
0,7,1,0,1,1,0,0,0,0,1,1,0,0
1,6,1,0,1,1,0,0,0,0,1,1,0,0
_____________________________________________________
_____________________________________________________
139,9,0.0000,
1,6,1,0,1,1,0,0,0,0,1,1,0,0
0,6,0,0,0,0,0,0,0,0,0,0,0,0
_____________________________________________________
