_____________________________________________________
0,11,0.0000,
1,6,1,1,1,1,1,1,1,1,1,1,1,1
0,7,1,1,1,1,1,1,1,1,1,1,0,1
_____________________________________________________
_____________________________________________________
1,0,0.0000,
0,7,1,1,1,1,1,1,1,1,1,1,0,1
0,7,1,1,1,1,1,1,1,1,1,1,0,1
_____________________________________________________
_____________________________________________________
2,0,0.0000,
0,7,1,1,1,1,1,1,1,1,1,1,0,1
1,6,1,1,1,1,1,1,1,1,1,1,0,1
_____________________________________________________
_____________________________________________________
3,2,0.0000,
1,6,1,1,1,1,1,1,1,1,1,1,0,1
1,6,1,0,1,1,1,1,1,1,1,1,0,1
_____________________________________________________
_____________________________________________________
4,5,0.0000,
1,6,1,0,1,1,1,1,1,1,1,1,0,1
1,6,1,0,0,1,0,1,1,0,0,1,0,1
_____________________________________________________
_____________________________________________________
5,7,0.0000,
1,6,1,0,0,1,0,1,1,0,0,1,0,1
0,7,1,0,0,1,0,1,0,0,0,1,0,0
_____________________________________________________
_____________________________________________________
6,0,0.0000,
0,7,1,0,0,1,0,1,0,0,0,1,0,0
1,6,1,0,0,1,0,1,0,0,0,1,0,0
_____________________________________________________
_____________________________________________________
7,6,0.0000,
1,6,1,0,0,1,0,1,0,0,0,1,0,0
1,6,1,1,0,1,0,0,0,0,0,1,0,0
_____________________________________________________
_____________________________________________________
8,2,0.0000,
1,6,1,1,0,1,0,0,0,0,0,1,0,0
0,7,1,0,0,1,0,0,1,0,0,1,0,1
_____________________________________________________
_____________________________________________________
9,0,0.0000,
0,7,1,0,0,1,0,0,1,0,0,1,0,1
0,7,1,0,0,1,0,0,1,0,0,1,0,1
_____________________________________________________
_____________________________________________________
10,0,0.0000,
0,7,1,0,0,1,0,0,1,0,0,1,0,1
1,6,1,0,0,1,0,0,1,0,0,1,0,1
_____________________________________________________
_____________________________________________________
11,12,0.0000,
1,6,1,0,0,1,0,0,1,0,0,1,0,1
1,6,1,0,0,1,0,0,0,0,0,1,0,1
_____________________________________________________
_____________________________________________________
12,12,0.0000,
1,6,1,0,0,1,0,0,0,0,0,1,0,1
0,7,1,0,0,1,0,0,0,0,0,1,0,0
_____________________________________________________
_____________________________________________________
13,0,0.0000,
0,7,1,0,0,1,0,0,0,0,0,1,0,0
0,7,1,0,0,0,0,1,1,0,0,1,0,1
_____________________________________________________
_____________________________________________________
14,0,0.0000,
0,7,1,0,0,0,0,1,1,0,0,1,0,1
1,6,1,1,0,0,0,1,1,0,0,1,0,1
_____________________________________________________
_____________________________________________________
15,7,0.0000,
1,6,1,1,0,0,0,1,1,0,0,1,0,1
1,6,1,1,0,0,1,1,0,1,0,1,0,0
_____________________________________________________
_____________________________________________________
16,5,0.0000,
1,6,1,1,0,0,1,1,0,1,0,1,0,0
0,7,1,1,0,0,0,1,0,1,0,1,0,0
_____________________________________________________
_____________________________________________________
17,0,0.0000,
0,7,1,1,0,0,0,1,0,1,0,1,0,0
0,7,1,1,0,0,0,1,0,1,0,1,0,0
_____________________________________________________
_____________________________________________________
18,0,0.0000,
0,7,1,1,0,0,0,1,0,1,0,1,0,0
1,6,1,1,0,0,0,1,0,1,0,1,1,0
_____________________________________________________
_____________________________________________________
19,11,0.0000,
1,6,1,1,0,0,0,1,0,1,0,1,1,0
0,7,1,1,0,0,0,1,0,1,0,1,0,0
_____________________________________________________
_____________________________________________________
20,0,0.0000,
0,7,1,1,0,0,0,1,0,1,0,1,0,0
1,6,1,1,0,1,0,1,0,1,0,1,0,0
_____________________________________________________
_____________________________________________________
21,6,0.0000,
1,6,1,1,0,1,0,1,0,1,0,1,0,0
1,6,1,1,0,1,0,0,0,1,0,1,0,0
_____________________________________________________
_____________________________________________________
22,2,0.0000,
1,6,1,1,0,1,0,0,0,1,0,1,0,0
1,6,1,0,0,1,0,0,0,1,0,1,0,0
_____________________________________________________
_____________________________________________________
23,10,0.0000,
1,6,1,0,0,1,0,0,0,1,0,1,0,0
1,6,1,0,0,1,0,0,0,1,0,0,0,0
_____________________________________________________
_____________________________________________________
24,8,0.0000,
1,6,1,0,0,1,0,0,0,1,0,0,0,0
1,6,1,0,0,1,0,1,0,1,0,0,0,0
_____________________________________________________
_____________________________________________________
25,6,0.0000,
1,6,1,0,0,1,0,1,0,1,0,0,0,0
1,6,1,0,0,1,0,0,0,1,0,0,0,0
_____________________________________________________
_____________________________________________________
26,8,0.0000,
1,6,1,0,0,1,0,0,0,1,0,0,0,0
0,7,1,0,0,1,0,0,0,0,0,1,0,0
_____________________________________________________
_____________________________________________________
27,0,0.0000,
0,7,1,0,0,1,0,0,0,0,0,1,0,0
1,6,1,1,1,1,0,0,1,1,1,0,1,0
_____________________________________________________
_____________________________________________________
28,11,0.0000,
1,6,1,1,1,1,0,0,1,1,1,0,1,0
1,6,1,1,1,1,0,0,1,1,1,0,0,0
_____________________________________________________
_____________________________________________________
29,7,0.0000,
1,6,1,1,1,1,0,0,1,1,1,0,0,0
1,6,0,0,1,1,0,0,0,1,1,0,0,0
_____________________________________________________
_____________________________________________________
30,9,0.0000,
1,6,0,0,1,1,0,0,0,1,1,0,0,0
0,7,0,0,1,0,1,1,0,0,0,0,0,0
_____________________________________________________
_____________________________________________________
31,0,0.0000,
0,7,0,0,1,0,1,1,0,0,0,0,0,0
0,7,1,1,1,0,1,1,1,0,0,0,0,0
_____________________________________________________
_____________________________________________________
32,0,0.0000,
0,7,1,1,1,0,1,1,1,0,0,0,0,0
0,7,1,1,1,0,1,1,1,0,0,0,1,0
_____________________________________________________
_____________________________________________________
33,0,0.0000,
0,7,1,1,1,0,1,1,1,0,0,0,1,0
1,6,1,1,1,0,1,1,1,0,0,0,1,0
_____________________________________________________
_____________________________________________________
34,11,0.0000,
1,6,1,1,1,0,1,1,1,0,0,0,1,0
0,7,1,1,1,0,1,1,1,0,0,0,0,0
_____________________________________________________
_____________________________________________________
35,0,0.0000,
0,7,1,1,1,0,1,1,1,0,0,0,0,0
1,6,1,1,1,0,1,1,1,0,0,0,0,0
_____________________________________________________
_____________________________________________________
36,5,0.0000,
1,6,1,1,1,0,1,1,1,0,0,0,0,0
1,6,1,1,1,0,0,0,1,0,0,0,0,0
_____________________________________________________
_____________________________________________________
37,7,0.0000,
1,6,1,1,1,0,0,0,1,0,0,0,0,0
1,6,0,0,1,0,0,0,0,0,0,0,0,0
_____________________________________________________
_____________________________________________________
38,3,0.0000,
1,6,0,0,1,0,0,0,0,0,0,0,0,0
1,6,0,1,0,0,1,1,1,0,0,0,0,0
_____________________________________________________
_____________________________________________________
39,7,0.0000,
1,6,0,1,0,0,1,1,1,0,0,0,0,0
1,6,0,0,0,0,1,1,0,0,0,0,0,0
_____________________________________________________
_____________________________________________________
40,5,0.0000,
1,6,0,0,0,0,1,1,0,0,0,0,0,0
1,6,0,0,0,0,0,1,0,0,0,0,0,0
_____________________________________________________
_____________________________________________________
41,6,0.0000,
1,6,0,0,0,0,0,1,0,0,0,0,0,0
0,7,0,0,0,0,1,0,1,0,0,0,1,1
_____________________________________________________
_____________________________________________________
42,0,0.0000,
0,7,0,0,0,0,1,0,1,0,0,0,1,1
0,7,1,0,0,0,1,0,1,0,0,0,1,1
_____________________________________________________
_____________________________________________________
43,0,0.0000,
0,7,1,0,0,0,1,0,1,0,0,0,1,1
1,6,1,1,1,1,1,0,1,0,1,0,1,1
_____________________________________________________
_____________________________________________________
44,11,0.0000,
1,6,1,1,1,1,1,0,1,0,1,0,1,1
1,6,1,1,1,1,1,0,1,0,1,1,0,1
_____________________________________________________
_____________________________________________________
45,5,0.0000,
1,6,1,1,1,1,1,0,1,0,1,1,0,1
1,6,1,1,1,1,0,0,1,1,1,1,0,0
_____________________________________________________
_____________________________________________________
46,7,0.0000,
1,6,1,1,1,1,0,0,1,1,1,1,0,0
0,7,0,1,1,1,0,0,1,1,1,1,0,0
_____________________________________________________
_____________________________________________________
47,0,0.0000,
0,7,0,1,1,1,0,0,1,1,1,1,0,0
0,7,1,1,1,1,0,0,1,1,1,1,0,0
_____________________________________________________
_____________________________________________________
48,0,0.0000,
0,7,1,1,1,1,0,0,1,1,1,1,0,0
1,6,1,1,1,1,0,0,1,1,1,1,0,0
_____________________________________________________
_____________________________________________________
49,2,0.0000,
1,6,1,1,1,1,0,0,1,1,1,1,0,0
1,6,1,1,1,1,0,0,1,1,1,1,0,0
_____________________________________________________
_____________________________________________________
50,7,0.0000,
1,6,1,1,1,1,0,0,1,1,1,1,0,0
0,7,0,1,1,1,0,0,1,1,1,1,0,0
_____________________________________________________
_____________________________________________________
51,0,0.0000,
0,7,0,1,1,1,0,0,1,1,1,1,0,0
0,7,1,1,1,1,0,0,1,1,1,1,0,1
_____________________________________________________
_____________________________________________________
52,0,0.0000,
0,7,1,1,1,1,0,0,1,1,1,1,0,1
0,7,1,1,1,1,1,0,1,1,1,1,1,1
_____________________________________________________
_____________________________________________________
53,0,0.0000,
0,7,1,1,1,1,1,0,1,1,1,1,1,1
1,6,1,1,1,1,1,0,1,1,1,1,1,1
_____________________________________________________
_____________________________________________________
54,11,0.0000,
1,6,1,1,1,1,1,0,1,1,1,1,1,1
0,7,1,1,1,1,1,0,1,1,1,1,0,1
_____________________________________________________
_____________________________________________________
55,0,0.0000,
0,7,1,1,1,1,1,0,1,1,1,1,0,1
1,6,1,0,0,0,0,0,0,0,0,1,0,1
_____________________________________________________
_____________________________________________________
56,12,0.0000,
1,6,1,0,0,0,0,0,0,0,0,1,0,1
1,6,0,0,0,0,0,0,0,0,0,1,0,1
_____________________________________________________
_____________________________________________________
57,12,0.0000,
1,6,0,0,0,0,0,0,0,0,0,1,0,1
1,6,0,0,0,0,0,0,0,0,0,1,0,0
_____________________________________________________
_____________________________________________________
58,10,0.0000,
1,6,0,0,0,0,0,0,0,0,0,1,0,0
0,7,0,0,0,0,0,0,0,0,0,0,0,1
_____________________________________________________
_____________________________________________________
59,0,0.0000,
0,7,0,0,0,0,0,0,0,0,0,0,0,1
1,6,1,0,0,0,0,0,0,0,0,0,0,1
_____________________________________________________
_____________________________________________________
60,12,0.0000,
1,6,1,0,0,0,0,0,0,0,0,0,0,1
0,7,0,0,0,0,0,0,0,0,0,0,0,0
_____________________________________________________
_____________________________________________________
61,0,0.0000,
0,7,0,0,0,0,0,0,0,0,0,0,0,0
0,7,0,0,0,0,0,0,0,0,0,0,1,0
_____________________________________________________
_____________________________________________________
62,0,0.0000,
0,7,0,0,0,0,0,0,0,0,0,0,1,0
0,7,0,1,0,1,1,1,1,0,0,0,1,1
_____________________________________________________
_____________________________________________________
63,0,0.0000,
0,7,0,1,0,1,1,1,1,0,0,0,1,1
0,7,1,1,0,1,1,1,1,0,0,0,1,1
_____________________________________________________
_____________________________________________________
64,0,0.0000,
0,7,1,1,0,1,1,1,1,0,0,0,1,1
1,6,1,1,0,1,1,1,1,0,0,0,1,1
_____________________________________________________
_____________________________________________________
65,11,0.0000,
1,6,1,1,0,1,1,1,1,0,0,0,1,1
1,6,1,1,0,0,0,1,1,0,0,0,0,1
_____________________________________________________
_____________________________________________________
66,7,0.0000,
1,6,1,1,0,0,0,1,1,0,0,0,0,1
0,7,1,0,0,0,0,0,0,0,0,0,0,1
_____________________________________________________
_____________________________________________________
67,0,0.0000,
0,7,1,0,0,0,0,0,0,0,0,0,0,1
1,6,1,0,0,0,0,0,0,0,0,1,0,1
_____________________________________________________
_____________________________________________________
68,12,0.0000,
1,6,1,0,0,0,0,0,0,0,0,1,0,1
0,7,0,0,0,0,0,0,0,0,0,1,0,0
_____________________________________________________
_____________________________________________________
69,0,0.0000,
0,7,0,0,0,0,0,0,0,0,0,1,0,0
0,7,0,1,0,0,0,0,1,1,1,1,1,0
_____________________________________________________
_____________________________________________________
70,0,0.0000,
0,7,0,1,0,0,0,0,1,1,1,1,1,0
1,6,0,1,0,0,1,0,1,1,1,1,1,0
_____________________________________________________
_____________________________________________________
71,5,0.0000,
1,6,0,1,0,0,1,0,1,1,1,1,1,0
1,6,0,1,0,0,0,0,1,1,1,1,1,0
_____________________________________________________
_____________________________________________________
72,11,0.0000,
1,6,0,1,0,0,0,0,1,1,1,1,1,0
1,6,0,0,0,0,0,0,0,1,1,1,0,1
_____________________________________________________
_____________________________________________________
73,12,0.0000,
1,6,0,0,0,0,0,0,0,1,1,1,0,1
0,7,0,0,0,0,0,0,0,1,1,1,0,0
_____________________________________________________
_____________________________________________________
74,0,0.0000,
0,7,0,0,0,0,0,0,0,1,1,1,0,0
0,7,0,0,0,0,0,0,0,1,1,1,1,0
_____________________________________________________
_____________________________________________________
75,0,0.0000,
0,7,0,0,0,0,0,0,0,1,1,1,1,0
0,7,0,1,0,0,0,0,1,1,1,1,1,0
_____________________________________________________
_____________________________________________________
76,0,0.0000,
0,7,0,1,0,0,0,0,1,1,1,1,1,0
0,7,0,1,0,0,0,1,1,1,1,1,1,0
_____________________________________________________
_____________________________________________________
77,0,0.0000,
0,7,0,1,0,0,0,1,1,1,1,1,1,0
0,7,0,1,1,1,0,1,1,1,1,1,1,0
_____________________________________________________
_____________________________________________________
78,0,0.0000,
0,7,0,1,1,1,0,1,1,1,1,1,1,0
0,7,0,1,1,1,0,1,1,1,1,1,1,0
_____________________________________________________
_____________________________________________________
79,0,0.0000,
0,7,0,1,1,1,0,1,1,1,1,1,1,0
0,7,0,1,1,1,1,1,1,1,1,1,1,0
_____________________________________________________
_____________________________________________________
80,0,0.0000,
0,7,0,1,1,1,1,1,1,1,1,1,1,0
0,7,1,1,1,1,1,1,1,1,1,1,1,0
_____________________________________________________
_____________________________________________________
81,0,0.0000,
0,7,1,1,1,1,1,1,1,1,1,1,1,0
0,7,1,1,1,1,1,1,1,1,1,1,1,0
_____________________________________________________
_____________________________________________________
82,0,0.0000,
0,7,1,1,1,1,1,1,1,1,1,1,1,0
0,7,1,1,1,1,1,1,1,1,1,1,1,1
_____________________________________________________
_____________________________________________________
83,0,0.0000,
0,7,1,1,1,1,1,1,1,1,1,1,1,1
1,6,1,1,1,0,1,0,1,1,1,1,1,0
_____________________________________________________
_____________________________________________________
84,11,0.0000,
1,6,1,1,1,0,1,0,1,1,1,1,1,0
0,7,1,1,1,0,1,0,1,1,1,1,0,0
_____________________________________________________
_____________________________________________________
85,0,0.0000,
0,7,1,1,1,0,1,0,1,1,1,1,0,0
0,7,1,1,1,0,1,0,1,1,1,1,0,0
_____________________________________________________
_____________________________________________________
86,0,0.0000,
0,7,1,1,1,0,1,0,1,1,1,1,0,0
0,7,1,1,1,0,1,0,1,1,1,1,0,0
_____________________________________________________
_____________________________________________________
87,0,0.0000,
0,7,1,1,1,0,1,0,1,1,1,1,0,0
1,6,1,1,1,0,1,0,1,1,1,1,0,0
_____________________________________________________
_____________________________________________________
88,5,0.0000,
1,6,1,1,1,0,1,0,1,1,1,1,0,0
0,7,1,1,1,0,0,0,1,1,1,1,0,0
_____________________________________________________
_____________________________________________________
89,0,0.0000,
0,7,1,1,1,0,0,0,1,1,1,1,0,0
0,7,1,1,1,0,0,1,1,1,1,1,0,1
_____________________________________________________
_____________________________________________________
90,0,0.0000,
0,7,1,1,1,0,0,1,1,1,1,1,0,1
0,7,1,1,1,1,0,1,1,1,1,1,0,1
_____________________________________________________
_____________________________________________________
91,0,0.0000,
0,7,1,1,1,1,0,1,1,1,1,1,0,1
0,7,1,1,1,1,0,1,1,1,1,1,0,1
_____________________________________________________
_____________________________________________________
92,0,0.0000,
0,7,1,1,1,1,0,1,1,1,1,1,0,1
1,6,1,1,1,1,1,1,1,1,1,1,0,1
_____________________________________________________
_____________________________________________________
93,5,0.0000,
1,6,1,1,1,1,1,1,1,1,1,1,0,1
1,6,1,1,1,1,0,1,1,1,1,1,0,1
_____________________________________________________
_____________________________________________________
94,2,0.0000,
1,6,1,1,1,1,0,1,1,1,1,1,0,1
0,7,1,0,1,1,0,1,1,1,1,0,0,1
_____________________________________________________
_____________________________________________________
95,0,0.0000,
0,7,1,0,1,1,0,1,1,1,1,0,0,1
1,6,1,0,1,1,0,1,1,1,1,0,0,1
_____________________________________________________
_____________________________________________________
96,7,0.0000,
1,6,1,0,1,1,0,1,1,1,1,0,0,1
1,6,1,0,1,1,0,1,0,1,1,0,0,1
_____________________________________________________
_____________________________________________________
97,6,0.0000,
1,6,1,0,1,1,0,1,0,1,1,0,0,1
1,6,1,1,1,1,1,1,0,1,1,0,1,0
_____________________________________________________
_____________________________________________________
98,11,0.0000,
1,6,1,1,1,1,1,1,0,1,1,0,1,0
1,6,1,1,0,1,1,1,0,1,1,0,0,0
_____________________________________________________
_____________________________________________________
99,5,0.0000,
1,6,1,1,0,1,1,1,0,1,1,0,0,0
0,7,1,1,0,1,1,1,0,1,1,0,0,0
_____________________________________________________
_____________________________________________________
100,0,0.0000,
0,7,1,1,0,1,1,1,0,1,1,0,0,0
0,7,1,1,0,1,1,1,1,1,1,0,0,0
_____________________________________________________
_____________________________________________________
101,0,0.0000,
0,7,1,1,0,1,1,1,1,1,1,0,0,0
1,6,1,1,0,1,1,1,1,1,1,0,0,0
_____________________________________________________
_____________________________________________________
102,5,0.0000,
1,6,1,1,0,1,1,1,1,1,1,0,0,0
1,6,1,1,0,1,1,1,1,1,1,0,0,1
_____________________________________________________
_____________________________________________________
103,5,0.0000,
1,6,1,1,0,1,1,1,1,1,1,0,0,1
1,6,0,1,0,1,1,1,1,1,1,0,0,1
_____________________________________________________
_____________________________________________________
104,5,0.0000,
1,6,0,1,0,1,1,1,1,1,1,0,0,1
1,6,0,0,0,0,0,1,1,0,1,0,0,1
_____________________________________________________
_____________________________________________________
105,7,0.0000,
1,6,0,0,0,0,0,1,1,0,1,0,0,1
1,6,0,0,0,0,0,1,0,0,1,0,0,1
_____________________________________________________
_____________________________________________________
106,6,0.0000,
1,6,0,0,0,0,0,1,0,0,1,0,0,1
0,7,1,1,0,1,1,0,1,1,1,0,0,1
_____________________________________________________
_____________________________________________________
107,0,0.0000,
0,7,1,1,0,1,1,0,1,1,1,0,0,1
1,6,1,1,0,1,1,0,1,1,1,0,0,1
_____________________________________________________
_____________________________________________________
108,5,0.0000,
1,6,1,1,0,1,1,0,1,1,1,0,0,1
0,7,0,0,0,0,0,1,1,0,1,0,0,1
_____________________________________________________
_____________________________________________________
109,0,0.0000,
0,7,0,0,0,0,0,1,1,0,1,0,0,1
1,6,0,0,0,0,0,1,1,1,1,0,0,1
_____________________________________________________
_____________________________________________________
110,7,0.0000,
1,6,0,0,0,0,0,1,1,1,1,0,0,1
1,6,1,1,0,1,1,1,0,1,1,0,0,1
_____________________________________________________
_____________________________________________________
111,5,0.0000,
1,6,1,1,0,1,1,1,0,1,1,0,0,1
0,7,1,1,1,1,0,0,0,1,1,0,0,1
_____________________________________________________
_____________________________________________________
112,0,0.0000,
0,7,1,1,1,1,0,0,0,1,1,0,0,1
0,7,1,1,1,1,0,0,0,1,1,0,0,1
_____________________________________________________
_____________________________________________________
113,0,0.0000,
0,7,1,1,1,1,0,0,0,1,1,0,0,1
0,7,1,1,1,1,0,0,0,1,1,0,1,1
_____________________________________________________
_____________________________________________________
114,0,0.0000,
0,7,1,1,1,1,0,0,0,1,1,0,1,1
1,6,1,1,1,1,0,0,1,1,1,0,1,1
_____________________________________________________
_____________________________________________________
115,11,0.0000,
1,6,1,1,1,1,0,0,1,1,1,0,1,1
1,6,1,1,1,1,0,0,0,1,1,0,0,1
_____________________________________________________
_____________________________________________________
116,2,0.0000,
1,6,1,1,1,1,0,0,0,1,1,0,0,1
0,7,1,0,1,1,0,0,0,1,1,0,0,1
_____________________________________________________
_____________________________________________________
117,0,0.0000,
0,7,1,0,1,1,0,0,0,1,1,0,0,1
1,6,1,0,1,1,0,0,0,1,1,0,1,1
_____________________________________________________
_____________________________________________________
118,11,0.0000,
1,6,1,0,1,1,0,0,0,1,1,0,1,1
1,6,1,0,1,1,0,0,0,1,1,0,0,1
_____________________________________________________
_____________________________________________________
119,12,0.0000,
1,6,1,0,1,1,0,0,0,1,1,0,0,1
0,7,0,0,1,1,0,0,0,0,1,0,0,0
_____________________________________________________
_____________________________________________________
120,0,0.0000,
0,7,0,0,1,1,0,0,0,0,1,0,0,0
0,7,0,0,1,1,0,0,0,0,1,0,0,0
_____________________________________________________
_____________________________________________________
121,0,0.0000,
0,7,0,0,1,1,0,0,0,0,1,0,0,0
1,6,0,0,1,1,0,0,0,0,1,0,0,0
_____________________________________________________
_____________________________________________________
122,9,0.0000,
1,6,0,0,1,1,0,0,0,0,1,0,0,0
1,6,0,0,0,0,0,0,0,0,1,0,0,0
_____________________________________________________
_____________________________________________________
123,9,0.0000,
1,6,0,0,0,0,0,0,0,0,1,0,0,0
0,7,0,1,0,0,0,0,0,0,0,0,0,0
_____________________________________________________
_____________________________________________________
124,0,0.0000,
0,7,0,1,0,0,0,0,0,0,0,0,0,0
1,6,0,1,0,0,0,0,0,0,0,0,0,0
_____________________________________________________
_____________________________________________________
125,2,0.0000,
1,6,0,1,0,0,0,0,0,0,0,0,0,0
1,6,0,0,0,1,1,0,0,0,0,1,0,0
_____________________________________________________
_____________________________________________________
126,5,0.0000,
1,6,0,0,0,1,1,0,0,0,0,1,0,0
1,6,0,0,0,0,0,1,0,0,0,1,0,1
_____________________________________________________
_____________________________________________________
127,6,0.0000,
1,6,0,0,0,0,0,1,0,0,0,1,0,1
0,7,0,0,0,1,1,0,0,0,1,1,1,0
_____________________________________________________
_____________________________________________________
128,0,0.0000,
0,7,0,0,0,1,1,0,0,0,1,1,1,0
1,6,0,0,1,1,1,0,0,0,1,1,1,0
_____________________________________________________
_____________________________________________________
129,11,0.0000,
1,6,0,0,1,1,1,0,0,0,1,1,1,0
0,7,0,0,0,1,1,0,0,0,0,1,0,0
_____________________________________________________
_____________________________________________________
130,0,0.0000,
0,7,0,0,0,1,1,0,0,0,0,1,0,0
1,6,0,0,0,1,1,0,0,0,0,1,0,1
_____________________________________________________
_____________________________________________________
131,5,0.0000,
1,6,0,0,0,1,1,0,0,0,0,1,0,1
1,6,0,0,0,0,0,1,0,0,0,0,0,1
_____________________________________________________
_____________________________________________________
132,6,0.0000,
1,6,0,0,0,0,0,1,0,0,0,0,0,1
1,6,0,0,0,0,0,0,0,1,0,1,0,0
_____________________________________________________
_____________________________________________________
133,10,0.0000,
1,6,0,0,0,0,0,0,0,1,0,1,0,0
0,7,0,0,0,0,0,0,0,1,0,0,0,0
_____________________________________________________
_____________________________________________________
134,0,0.0000,
0,7,0,0,0,0,0,0,0,1,0,0,0,0
0,7,0,0,0,0,0,1,0,1,0,0,0,1
_____________________________________________________
_____________________________________________________
135,0,0.0000,
0,7,0,0,0,0,0,1,0,1,0,0,0,1
1,6,0,0,1,0,1,1,0,1,1,1,1,1
_____________________________________________________
_____________________________________________________
136,11,0.0000,
1,6,0,0,1,0,1,1,0,1,1,1,1,1
1,6,0,0,0,1,1,1,0,1,0,1,0,1
_____________________________________________________
_____________________________________________________
137,5,0.0000,
1,6,0,0,0,1,1,1,0,1,0,1,0,1
1,6,0,0,0,1,1,1,0,1,0,1,0,1
_____________________________________________________
_____________________________________________________
138,5,0.0000,
1,6,0,0,0,1,1,1,0,1,0,1,0,1
0,7,0,0,0,0,0,1,0,1,0,0,0,1
_____________________________________________________
_____________________________________________________
139,0,0.0000,
0,7,0,0,0,0,0,1,0,1,0,0,0,1
0,7,0,0,0,0,0,0,0,0,0,0,0,0
_____________________________________________________
