_____________________________________________________
0,11,0.0000,
3,5,1,1,1,1,1,1,1,1,1,1,1,1
2,5,1,1,1,1,1,1,1,1,1,1,0,1
_____________________________________________________
_____________________________________________________
1,5,0.0000,
2,5,1,1,1,1,1,1,1,1,1,1,0,1
2,4,1,1,1,1,0,1,1,1,1,1,0,1
_____________________________________________________
_____________________________________________________
2,2,0.0000,
2,4,1,1,1,1,0,1,1,1,1,1,0,1
1,5,1,0,1,1,0,1,1,1,1,1,0,1
_____________________________________________________
_____________________________________________________
3,7,0.0000,
1,5,1,0,1,1,0,1,1,1,1,1,0,1
0,7,1,1,1,1,0,1,0,1,1,1,0,1
_____________________________________________________
_____________________________________________________
4,0,0.0000,
0,7,1,1,1,1,0,1,0,1,1,1,0,1
0,7,1,1,1,1,0,1,1,1,1,1,0,1
_____________________________________________________
_____________________________________________________
5,0,0.0000,
0,7,1,1,1,1,0,1,1,1,1,1,0,1
0,7,1,1,1,1,0,1,1,1,1,1,0,1
_____________________________________________________
_____________________________________________________
6,0,0.0000,
0,7,1,1,1,1,0,1,1,1,1,1,0,1
0,7,1,1,1,1,0,1,1,1,1,1,0,1
_____________________________________________________
_____________________________________________________
7,0,0.0000,
0,7,1,1,1,1,0,1,1,1,1,1,0,1
0,7,1,1,1,1,0,1,1,1,1,1,0,1
_____________________________________________________
_____________________________________________________
8,0,0.0000,
0,7,1,1,1,1,0,1,1,1,1,1,0,1
1,6,1,1,1,1,0,1,1,1,1,1,0,1
_____________________________________________________
_____________________________________________________
9,7,0.0000,
1,6,1,1,1,1,0,1,1,1,1,1,0,1
1,6,1,1,1,1,1,1,0,1,1,1,0,1
_____________________________________________________
_____________________________________________________
10,5,0.0000,
1,6,1,1,1,1,1,1,0,1,1,1,0,1
0,7,1,1,1,1,0,1,0,1,1,1,0,1
_____________________________________________________
_____________________________________________________
11,0,0.0000,
0,7,1,1,1,1,0,1,0,1,1,1,0,1
1,6,1,1,1,1,0,1,0,1,1,1,1,1
_____________________________________________________
_____________________________________________________
12,11,0.0000,
1,6,1,1,1,1,0,1,0,1,1,1,1,1
0,7,1,1,1,1,0,1,0,1,1,1,0,1
_____________________________________________________
_____________________________________________________
13,0,0.0000,
0,7,1,1,1,1,0,1,0,1,1,1,0,1
1,6,1,1,0,1,0,1,1,0,1,1,1,1
_____________________________________________________
_____________________________________________________
14,11,0.0000,
1,6,1,1,0,1,0,1,1,0,1,1,1,1
0,7,1,1,0,1,0,1,1,0,1,1,0,1
_____________________________________________________
_____________________________________________________
15,0,0.0000,
0,7,1,1,0,1,0,1,1,0,1,1,0,1
1,6,1,1,0,1,0,1,1,0,1,1,0,1
_____________________________________________________
_____________________________________________________
16,7,0.0000,
1,6,1,1,0,1,0,1,1,0,1,1,0,1
0,7,1,1,0,1,0,1,0,0,1,1,0,1
_____________________________________________________
_____________________________________________________
17,0,0.0000,
0,7,1,1,0,1,0,1,0,0,1,1,0,1
0,7,1,1,1,1,0,1,0,0,1,1,0,1
_____________________________________________________
_____________________________________________________
18,0,0.0000,
0,7,1,1,1,1,0,1,0,0,1,1,0,1
0,7,1,1,1,1,0,1,1,0,1,1,0,1
_____________________________________________________
_____________________________________________________
19,0,0.0000,
0,7,1,1,1,1,0,1,1,0,1,1,0,1
0,7,1,1,1,1,0,1,1,0,1,1,0,1
_____________________________________________________
_____________________________________________________
20,0,0.0000,
0,7,1,1,1,1,0,1,1,0,1,1,0,1
1,6,1,1,1,1,1,1,1,1,1,1,0,1
_____________________________________________________
_____________________________________________________
21,2,0.0000,
1,6,1,1,1,1,1,1,1,1,1,1,0,1
0,7,1,0,1,1,1,1,1,1,1,1,0,1
_____________________________________________________
_____________________________________________________
22,0,0.0000,
0,7,1,0,1,1,1,1,1,1,1,1,0,1
0,7,1,0,1,1,1,1,1,1,1,1,1,1
_____________________________________________________
_____________________________________________________
23,0,0.0000,
0,7,1,0,1,1,1,1,1,1,1,1,1,1
1,6,1,0,1,1,1,1,1,1,1,1,1,1
_____________________________________________________
_____________________________________________________
24,11,0.0000,
1,6,1,0,1,1,1,1,1,1,1,1,1,1
0,7,1,0,1,1,1,1,1,1,1,1,0,1
_____________________________________________________
_____________________________________________________
25,0,0.0000,
0,7,1,0,1,1,1,1,1,1,1,1,0,1
0,7,1,0,1,1,1,1,1,1,1,1,0,1
_____________________________________________________
_____________________________________________________
26,0,0.0000,
0,7,1,0,1,1,1,1,1,1,1,1,0,1
1,6,1,0,1,1,1,1,1,1,1,1,0,1
_____________________________________________________
_____________________________________________________
27,5,0.0000,
1,6,1,0,1,1,1,1,1,1,1,1,0,1
1,6,1,1,0,1,1,1,0,1,0,0,0,1
_____________________________________________________
_____________________________________________________
28,5,0.0000,
1,6,1,1,0,1,1,1,0,1,0,0,0,1
1,6,0,1,0,1,0,1,0,1,1,1,0,1
_____________________________________________________
_____________________________________________________
29,6,0.0000,
1,6,0,1,0,1,0,1,0,1,1,1,0,1
0,7,0,1,0,1,0,0,0,1,1,1,0,0
_____________________________________________________
_____________________________________________________
30,0,0.0000,
0,7,0,1,0,1,0,0,0,1,1,1,0,0
1,6,0,1,0,1,0,0,1,1,1,1,1,0
_____________________________________________________
_____________________________________________________
31,11,0.0000,
1,6,0,1,0,1,0,0,1,1,1,1,1,0
1,6,0,1,0,1,0,0,0,1,1,1,0,0
_____________________________________________________
_____________________________________________________
32,9,0.0000,
1,6,0,1,0,1,0,0,0,1,1,1,0,0
0,7,0,1,0,1,0,0,0,1,0,0,0,0
_____________________________________________________
_____________________________________________________
33,0,0.0000,
0,7,0,1,0,1,0,0,0,1,0,0,0,0
0,7,0,1,1,1,0,0,1,1,0,0,1,0
_____________________________________________________
_____________________________________________________
34,0,0.0000,
0,7,0,1,1,1,0,0,1,1,0,0,1,0
1,6,0,1,1,1,0,0,1,1,0,0,1,0
_____________________________________________________
_____________________________________________________
35,11,0.0000,
1,6,0,1,1,1,0,0,1,1,0,0,1,0
1,6,0,1,0,1,1,0,1,1,0,0,1,0
_____________________________________________________
_____________________________________________________
36,11,0.0000,
1,6,0,1,0,1,1,0,1,1,0,0,1,0
1,6,1,1,0,1,1,0,0,1,0,0,0,0
_____________________________________________________
_____________________________________________________
37,5,0.0000,
1,6,1,1,0,1,1,0,0,1,0,0,0,0
1,6,0,1,0,1,0,0,0,1,0,0,0,0
_____________________________________________________
_____________________________________________________
38,2,0.0000,
1,6,0,1,0,1,0,0,0,1,0,0,0,0
1,6,0,0,0,1,0,0,0,1,0,0,0,0
_____________________________________________________
_____________________________________________________
39,8,0.0000,
1,6,0,0,0,1,0,0,0,1,0,0,0,0
0,7,0,0,0,1,0,0,0,0,0,0,0,0
_____________________________________________________
_____________________________________________________
40,0,0.0000,
0,7,0,0,0,1,0,0,0,0,0,0,0,0
0,7,1,0,0,1,1,0,0,0,0,0,0,0
_____________________________________________________
_____________________________________________________
41,0,0.0000,
0,7,1,0,0,1,1,0,0,0,0,0,0,0
1,6,0,0,0,0,1,1,0,0,1,0,0,1
_____________________________________________________
_____________________________________________________
42,5,0.0000,
1,6,0,0,0,0,1,1,0,0,1,0,0,1
1,6,0,1,0,0,0,1,1,0,1,1,1,1
_____________________________________________________
_____________________________________________________
43,11,0.0000,
1,6,0,1,0,0,0,1,1,0,1,1,1,1
0,7,1,1,0,0,1,1,0,1,1,1,0,1
_____________________________________________________
_____________________________________________________
44,0,0.0000,
0,7,1,1,0,0,1,1,0,1,1,1,0,1
0,7,1,1,0,0,1,1,0,1,1,1,0,1
_____________________________________________________
_____________________________________________________
45,0,0.0000,
0,7,1,1,0,0,1,1,0,1,1,1,0,1
0,7,1,1,0,1,1,1,0,1,1,1,0,1
_____________________________________________________
_____________________________________________________
46,0,0.0000,
0,7,1,1,0,1,1,1,0,1,1,1,0,1
1,6,1,1,1,1,1,1,0,1,1,1,1,1
_____________________________________________________
_____________________________________________________
47,11,0.0000,
1,6,1,1,1,1,1,1,0,1,1,1,1,1
1,6,1,1,1,1,1,1,0,1,1,1,0,1
_____________________________________________________
_____________________________________________________
48,5,0.0000,
1,6,1,1,1,1,1,1,0,1,1,1,0,1
1,6,1,1,1,1,0,1,0,1,1,1,0,1
_____________________________________________________
_____________________________________________________
49,2,0.0000,
1,6,1,1,1,1,0,1,0,1,1,1,0,1
0,7,1,0,1,1,0,0,0,1,1,1,0,1
_____________________________________________________
_____________________________________________________
50,0,0.0000,
0,7,1,0,1,1,0,0,0,1,1,1,0,1
0,7,1,0,1,1,0,0,0,1,1,1,0,1
_____________________________________________________
_____________________________________________________
51,0,0.0000,
0,7,1,0,1,1,0,0,0,1,1,1,0,1
0,7,1,0,1,1,0,0,0,1,1,1,0,1
_____________________________________________________
_____________________________________________________
52,0,0.0000,
0,7,1,0,1,1,0,0,0,1,1,1,0,1
0,7,1,0,1,1,1,0,0,1,1,1,0,1
_____________________________________________________
_____________________________________________________
53,0,0.0000,
0,7,1,0,1,1,1,0,0,1,1,1,0,1
0,7,1,0,1,1,1,0,0,1,1,1,0,1
_____________________________________________________
_____________________________________________________
54,0,0.0000,
0,7,1,0,1,1,1,0,0,1,1,1,0,1
1,6,1,0,1,1,1,0,0,1,1,1,0,1
_____________________________________________________
_____________________________________________________
55,5,0.0000,
1,6,1,0,1,1,1,0,0,1,1,1,0,1
1,6,1,1,1,0,1,0,1,1,0,0,0,0
_____________________________________________________
_____________________________________________________
56,5,0.0000,
1,6,1,1,1,0,1,0,1,1,0,0,0,0
0,7,1,0,0,0,0,0,0,1,0,0,0,0
_____________________________________________________
_____________________________________________________
57,0,0.0000,
0,7,1,0,0,0,0,0,0,1,0,0,0,0
1,6,1,0,0,0,0,1,0,1,0,1,1,1
_____________________________________________________
_____________________________________________________
58,11,0.0000,
1,6,1,0,0,0,0,1,0,1,0,1,1,1
0,7,1,0,0,0,0,0,0,1,0,0,0,1
_____________________________________________________
_____________________________________________________
59,0,0.0000,
0,7,1,0,0,0,0,0,0,1,0,0,0,1
0,7,1,0,0,0,0,1,0,1,0,1,1,1
_____________________________________________________
_____________________________________________________
60,0,0.0000,
0,7,1,0,0,0,0,1,0,1,0,1,1,1
1,6,1,0,0,1,0,1,0,1,0,1,1,1
_____________________________________________________
_____________________________________________________
61,11,0.0000,
1,6,1,0,0,1,0,1,0,1,0,1,1,1
0,7,1,0,1,0,1,0,1,1,0,0,0,1
_____________________________________________________
_____________________________________________________
62,0,0.0000,
0,7,1,0,1,0,1,0,1,1,0,0,0,1
1,6,1,1,1,0,1,0,1,1,0,1,1,1
_____________________________________________________
_____________________________________________________
63,11,0.0000,
1,6,1,1,1,0,1,0,1,1,0,1,1,1
1,6,1,1,1,0,1,0,1,1,0,0,0,1
_____________________________________________________
_____________________________________________________
64,5,0.0000,
1,6,1,1,1,0,1,0,1,1,0,0,0,1
0,7,1,1,1,0,1,0,1,1,0,0,0,1
_____________________________________________________
_____________________________________________________
65,0,0.0000,
0,7,1,1,1,0,1,0,1,1,0,0,0,1
0,7,1,1,1,1,1,1,1,1,0,1,1,1
_____________________________________________________
_____________________________________________________
66,0,0.0000,
0,7,1,1,1,1,1,1,1,1,0,1,1,1
1,6,1,1,1,1,1,1,1,1,1,1,1,1
_____________________________________________________
_____________________________________________________
67,2,0.0000,
1,6,1,1,1,1,1,1,1,1,1,1,1,1
1,6,1,0,0,1,0,1,1,1,1,1,1,1
_____________________________________________________
_____________________________________________________
68,11,0.0000,
1,6,1,0,0,1,0,1,1,1,1,1,1,1
1,6,1,1,1,0,1,0,1,1,1,0,0,1
_____________________________________________________
_____________________________________________________
69,5,0.0000,
1,6,1,1,1,0,1,0,1,1,1,0,0,1
0,7,1,1,1,1,1,1,1,0,1,1,1,1
_____________________________________________________
_____________________________________________________
70,0,0.0000,
0,7,1,1,1,1,1,1,1,0,1,1,1,1
1,6,1,1,1,1,1,1,1,0,1,1,1,1
_____________________________________________________
_____________________________________________________
71,2,0.0000,
1,6,1,1,1,1,1,1,1,0,1,1,1,1
1,6,0,0,1,1,1,1,1,0,1,0,1,1
_____________________________________________________
_____________________________________________________
72,5,0.0000,
1,6,0,0,1,1,1,1,1,0,1,0,1,1
1,6,0,0,0,0,0,0,1,0,1,0,0,1
_____________________________________________________
_____________________________________________________
73,7,0.0000,
1,6,0,0,0,0,0,0,1,0,1,0,0,1
0,7,0,0,0,1,1,1,0,0,1,0,1,0
_____________________________________________________
_____________________________________________________
74,0,0.0000,
0,7,0,0,0,1,1,1,0,0,1,0,1,0
0,7,0,0,1,1,1,1,0,0,1,0,1,0
_____________________________________________________
_____________________________________________________
75,0,0.0000,
0,7,0,0,1,1,1,1,0,0,1,0,1,0
1,6,0,0,1,1,1,1,0,1,1,0,1,0
_____________________________________________________
_____________________________________________________
76,11,0.0000,
1,6,0,0,1,1,1,1,0,1,1,0,1,0
1,6,0,0,0,0,0,0,0,1,1,0,0,0
_____________________________________________________
_____________________________________________________
77,9,0.0000,
1,6,0,0,0,0,0,0,0,1,1,0,0,0
1,6,1,1,0,0,0,0,0,1,0,1,0,0
_____________________________________________________
_____________________________________________________
78,2,0.0000,
1,6,1,1,0,0,0,0,0,1,0,1,0,0
1,6,0,0,0,0,0,0,0,1,0,0,0,0
_____________________________________________________
_____________________________________________________
79,8,0.0000,
1,6,0,0,0,0,0,0,0,1,0,0,0,0
1,6,0,0,0,0,0,0,0,0,0,0,1,0
_____________________________________________________
_____________________________________________________
80,11,0.0000,
1,6,0,0,0,0,0,0,0,0,0,0,1,0
0,7,0,0,0,0,0,0,0,0,1,1,0,1
_____________________________________________________
_____________________________________________________
81,0,0.0000,
0,7,0,0,0,0,0,0,0,0,1,1,0,1
0,7,1,1,0,0,0,0,1,0,1,1,0,1
_____________________________________________________
_____________________________________________________
82,0,0.0000,
0,7,1,1,0,0,0,0,1,0,1,1,0,1
1,6,1,1,0,1,1,1,1,1,1,1,1,1
_____________________________________________________
_____________________________________________________
83,5,0.0000,
1,6,1,1,0,1,1,1,1,1,1,1,1,1
1,6,1,1,1,1,1,0,0,0,1,0,1,1
_____________________________________________________
_____________________________________________________
84,11,0.0000,
1,6,1,1,1,1,1,0,0,0,1,0,1,1
0,7,1,1,1,1,1,0,0,0,0,0,0,1
_____________________________________________________
_____________________________________________________
85,0,0.0000,
0,7,1,1,1,1,1,0,0,0,0,0,0,1
0,7,1,1,1,1,1,0,0,0,0,0,0,1
_____________________________________________________
_____________________________________________________
86,0,0.0000,
0,7,1,1,1,1,1,0,0,0,0,0,0,1
0,7,1,1,1,1,1,0,0,0,0,0,0,1
_____________________________________________________
_____________________________________________________
87,0,0.0000,
0,7,1,1,1,1,1,0,0,0,0,0,0,1
1,6,1,1,1,1,1,0,0,0,0,0,0,1
_____________________________________________________
_____________________________________________________
88,5,0.0000,
1,6,1,1,1,1,1,0,0,0,0,0,0,1
1,6,1,1,1,0,0,0,0,1,0,1,0,1
_____________________________________________________
_____________________________________________________
89,2,0.0000,
1,6,1,1,1,0,0,0,0,1,0,1,0,1
0,7,1,0,1,0,0,0,0,1,0,1,0,1
_____________________________________________________
_____________________________________________________
90,0,0.0000,
0,7,1,0,1,0,0,0,0,1,0,1,0,1
0,7,1,0,1,1,1,0,0,1,0,1,0,1
_____________________________________________________
_____________________________________________________
91,0,0.0000,
0,7,1,0,1,1,1,0,0,1,0,1,0,1
0,7,1,0,1,1,1,0,0,1,0,1,0,1
_____________________________________________________
_____________________________________________________
92,0,0.0000,
0,7,1,0,1,1,1,0,0,1,0,1,0,1
0,7,1,0,1,1,1,0,0,1,0,1,0,1
_____________________________________________________
_____________________________________________________
93,0,0.0000,
0,7,1,0,1,1,1,0,0,1,0,1,0,1
0,7,1,0,1,1,1,0,0,1,0,1,0,1
_____________________________________________________
_____________________________________________________
94,0,0.0000,
0,7,1,0,1,1,1,0,0,1,0,1,0,1
1,6,1,0,1,1,1,0,0,1,0,1,0,1
_____________________________________________________
_____________________________________________________
95,5,0.0000,
1,6,1,0,1,1,1,0,0,1,0,1,0,1
0,7,1,0,1,0,0,0,1,1,0,1,0,1
_____________________________________________________
_____________________________________________________
96,0,0.0000,
0,7,1,0,1,0,0,0,1,1,0,1,0,1
0,7,1,0,1,0,0,0,1,1,0,1,0,1
_____________________________________________________
_____________________________________________________
97,0,0.0000,
0,7,1,0,1,0,0,0,1,1,0,1,0,1
1,6,1,0,1,0,1,1,1,1,1,0,1,1
_____________________________________________________
_____________________________________________________
98,5,0.0000,
1,6,1,0,1,0,1,1,1,1,1,0,1,1
1,6,1,1,0,0,0,1,1,1,1,0,1,1
_____________________________________________________
_____________________________________________________
99,11,0.0000,
1,6,1,1,0,0,0,1,1,1,1,0,1,1
1,6,1,1,0,0,0,1,1,1,1,0,0,1
_____________________________________________________
_____________________________________________________
100,7,0.0000,
1,6,1,1,0,0,0,1,1,1,1,0,0,1
0,7,1,1,0,0,1,0,0,1,1,0,0,1
_____________________________________________________
_____________________________________________________
101,0,0.0000,
0,7,1,1,0,0,1,0,0,1,1,0,0,1
0,7,1,1,1,0,1,0,0,1,1,0,1,1
_____________________________________________________
_____________________________________________________
102,0,0.0000,
0,7,1,1,1,0,1,0,0,1,1,0,1,1
0,7,1,1,1,0,1,1,1,1,1,0,1,1
_____________________________________________________
_____________________________________________________
103,0,0.0000,
0,7,1,1,1,0,1,1,1,1,1,0,1,1
1,6,1,1,1,0,1,1,1,1,1,0,1,1
_____________________________________________________
_____________________________________________________
104,5,0.0000,
1,6,1,1,1,0,1,1,1,1,1,0,1,1
0,7,1,1,0,0,0,1,1,1,1,0,1,1
_____________________________________________________
_____________________________________________________
105,0,0.0000,
0,7,1,1,0,0,0,1,1,1,1,0,1,1
1,6,1,1,0,1,1,1,1,1,1,1,1,1
_____________________________________________________
_____________________________________________________
106,11,0.0000,
1,6,1,1,0,1,1,1,1,1,1,1,1,1
1,6,1,1,1,1,1,1,1,1,1,1,0,1
_____________________________________________________
_____________________________________________________
107,2,0.0000,
1,6,1,1,1,1,1,1,1,1,1,1,0,1
1,6,1,0,1,1,1,1,1,0,1,1,0,1
_____________________________________________________
_____________________________________________________
108,5,0.0000,
1,6,1,0,1,1,1,1,1,0,1,1,0,1
1,6,1,0,0,1,0,1,1,0,1,1,0,1
_____________________________________________________
_____________________________________________________
109,7,0.0000,
1,6,1,0,0,1,0,1,1,0,1,1,0,1
1,6,1,0,0,1,0,0,0,0,1,1,0,1
_____________________________________________________
_____________________________________________________
110,12,0.0000,
1,6,1,0,0,1,0,0,0,0,1,1,0,1
0,7,1,1,1,1,1,0,0,1,1,1,0,0
_____________________________________________________
_____________________________________________________
111,0,0.0000,
0,7,1,1,1,1,1,0,0,1,1,1,0,0
1,6,1,1,0,1,1,1,1,1,1,1,1,1
_____________________________________________________
_____________________________________________________
112,2,0.0000,
1,6,1,1,0,1,1,1,1,1,1,1,1,1
1,6,1,0,1,1,1,1,1,1,1,1,0,1
_____________________________________________________
_____________________________________________________
113,5,0.0000,
1,6,1,0,1,1,1,1,1,1,1,1,0,1
1,6,1,0,1,1,0,0,0,1,1,1,0,1
_____________________________________________________
_____________________________________________________
114,12,0.0000,
1,6,1,0,1,1,0,0,0,1,1,1,0,1
0,7,1,0,0,1,0,0,0,1,1,1,0,0
_____________________________________________________
_____________________________________________________
115,0,0.0000,
0,7,1,0,0,1,0,0,0,1,1,1,0,0
1,6,1,0,1,1,0,0,0,1,1,1,0,1
_____________________________________________________
_____________________________________________________
116,12,0.0000,
1,6,1,0,1,1,0,0,0,1,1,1,0,1
0,7,1,0,0,1,0,0,0,1,1,1,0,0
_____________________________________________________
_____________________________________________________
117,0,0.0000,
0,7,1,0,0,1,0,0,0,1,1,1,0,0
1,6,1,0,0,1,0,0,0,1,1,1,0,0
_____________________________________________________
_____________________________________________________
118,9,0.0000,
1,6,1,0,0,1,0,0,0,1,1,1,0,0
0,7,0,0,0,1,0,0,0,1,0,1,0,0
_____________________________________________________
_____________________________________________________
119,0,0.0000,
0,7,0,0,0,1,0,0,0,1,0,1,0,0
1,6,0,0,0,1,0,0,0,1,0,1,0,0
_____________________________________________________
_____________________________________________________
120,10,0.0000,
1,6,0,0,0,1,0,0,0,1,0,1,0,0
0,7,0,0,0,0,0,0,0,0,0,0,0,0
_____________________________________________________
_____________________________________________________
121,0,0.0000,
0,7,0,0,0,0,0,0,0,0,0,0,0,0
0,7,0,0,0,0,0,0,0,0,1,0,0,0
_____________________________________________________
_____________________________________________________
122,0,0.0000,
0,7,0,0,0,0,0,0,0,0,1,0,0,0
1,6,1,0,0,0,0,0,0,0,1,0,1,0
_____________________________________________________
_____________________________________________________
123,11,0.0000,
1,6,1,0,0,0,0,0,0,0,1,0,1,0
1,6,1,0,0,0,0,0,0,0,1,0,0,0
_____________________________________________________
_____________________________________________________
124,9,0.0000,
1,6,1,0,0,0,0,0,0,0,1,0,0,0
1,6,0,0,0,0,0,0,0,0,0,0,0,0
_____________________________________________________
_____________________________________________________
125,0,0.0000,
1,6,0,0,0,0,0,0,0,0,0,0,0,0
1,5,0,0,1,0,0,0,1,1,0,1,0,0
_____________________________________________________
_____________________________________________________
126,7,0.0000,
1,5,0,0,1,0,0,0,1,1,0,1,0,0
1,6,0,1,1,1,0,0,0,0,0,1,0,0
_____________________________________________________
_____________________________________________________
127,2,0.0000,
1,6,0,1,1,1,0,0,0,0,0,1,0,0
0,7,1,0,1,1,0,0,0,0,0,1,1,1
_____________________________________________________
_____________________________________________________
128,0,0.0000,
0,7,1,0,1,1,0,0,0,0,0,1,1,1
0,7,1,1,1,1,0,0,0,0,0,1,1,1
_____________________________________________________
_____________________________________________________
129,0,0.0000,
0,7,1,1,1,1,0,0,0,0,0,1,1,1
0,7,1,1,1,1,0,0,0,1,0,1,1,1
_____________________________________________________
_____________________________________________________
130,0,0.0000,
0,7,1,1,1,1,0,0,0,1,0,1,1,1
1,6,1,1,1,1,1,1,1,1,0,1,1,1
_____________________________________________________
_____________________________________________________
131,11,0.0000,
1,6,1,1,1,1,1,1,1,1,0,1,1,1
1,6,1,1,1,1,1,1,1,1,0,1,0,0
_____________________________________________________
_____________________________________________________
132,5,0.0000,
1,6,1,1,1,1,1,1,1,1,0,1,0,0
0,7,1,1,1,1,0,1,0,0,0,1,0,0
_____________________________________________________
_____________________________________________________
133,0,0.0000,
0,7,1,1,1,1,0,1,0,0,0,1,0,0
0,7,1,1,1,1,0,1,0,0,0,1,0,0
_____________________________________________________
_____________________________________________________
134,0,0.0000,
0,7,1,1,1,1,0,1,0,0,0,1,0,0
1,6,1,1,1,1,0,1,0,0,0,1,0,0
_____________________________________________________
_____________________________________________________
135,6,0.0000,
1,6,1,1,1,1,0,1,0,0,0,1,0,0
0,7,1,1,1,1,0,0,0,0,0,1,0,0
_____________________________________________________
_____________________________________________________
136,0,0.0000,
0,7,1,1,1,1,0,0,0,0,0,1,0,0
0,7,1,1,1,1,0,0,0,0,0,1,0,0
_____________________________________________________
_____________________________________________________
137,0,0.0000,
0,7,1,1,1,1,0,0,0,0,0,1,0,0
0,7,1,1,1,1,0,0,0,0,0,1,0,0
_____________________________________________________
_____________________________________________________
138,0,0.0000,
0,7,1,1,1,1,0,0,0,0,0,1,0,0
0,7,1,1,1,1,0,0,0,0,0,1,0,0
_____________________________________________________
_____________________________________________________
139,0,0.0000,
0,7,1,1,1,1,0,0,0,0,0,1,0,0
0,7,0,0,0,0,0,0,0,0,0,0,0,0
_____________________________________________________
