_____________________________________________________
0,11,0.0000,
5,2,1,1,1,0,0,1,1,1,0,1,1,1
5,2,1,1,1,0,0,1,1,1,0,1,0,1
_____________________________________________________
_____________________________________________________
1,7,0.0000,
5,2,1,1,1,0,0,1,1,1,0,1,0,1
5,2,1,0,1,0,0,1,0,1,0,1,0,0
_____________________________________________________
_____________________________________________________
2,5,-1.0000,
5,2,1,0,1,0,0,1,0,1,0,1,0,0
4,2,1,0,1,-1,-1,1,0,1,0,1,0,0
_____________________________________________________
_____________________________________________________
3,5,0.0000,
4,2,1,0,1,-1,-1,1,0,1,0,1,0,0
3,2,1,0,1,-1,-1,1,0,0,0,0,0,0
_____________________________________________________
_____________________________________________________
4,5,0.0000,
3,2,1,0,1,-1,-1,1,0,0,0,0,0,0
2,2,1,0,0,-1,-1,1,0,0,0,0,0,0
_____________________________________________________
_____________________________________________________
5,5,0.0000,
2,2,1,0,0,-1,-1,1,0,0,0,0,0,0
1,2,1,0,1,-1,-1,1,0,1,0,1,0,0
_____________________________________________________
_____________________________________________________
6,5,0.0000,
1,2,1,0,1,-1,-1,1,0,1,0,1,0,0
1,6,1,0,1,-1,-1,1,0,1,0,1,0,1
_____________________________________________________
_____________________________________________________
7,5,0.0000,
1,6,1,0,1,-1,-1,1,0,1,0,1,0,1
1,6,1,1,1,-1,-1,1,1,1,0,1,0,1
_____________________________________________________
_____________________________________________________
8,5,0.0000,
1,6,1,1,1,-1,-1,1,1,1,0,1,0,1
0,7,1,1,1,-1,-1,1,1,1,0,1,0,1
_____________________________________________________
_____________________________________________________
9,0,0.0000,
0,7,1,1,1,-1,-1,1,1,1,0,1,0,1
0,7,1,1,1,-1,-1,1,1,1,0,1,0,1
_____________________________________________________
_____________________________________________________
10,0,0.0000,
0,7,1,1,1,-1,-1,1,1,1,0,1,0,1
1,6,1,1,1,-1,-1,1,1,1,0,1,0,1
_____________________________________________________
_____________________________________________________
11,5,0.0000,
1,6,1,1,1,-1,-1,1,1,1,0,1,0,1
1,6,1,1,1,-1,-1,1,1,1,0,1,0,1
_____________________________________________________
_____________________________________________________
12,5,0.0000,
1,6,1,1,1,-1,-1,1,1,1,0,1,0,1
0,7,1,1,1,-1,-1,1,1,1,0,1,0,1
_____________________________________________________
_____________________________________________________
13,0,0.0000,
0,7,1,1,1,-1,-1,1,1,1,0,1,0,1
1,6,0,1,0,1,1,1,0,1,1,1,1,1
_____________________________________________________
_____________________________________________________
14,11,0.0000,
1,6,0,1,0,1,1,1,0,1,1,1,1,1
0,7,0,0,0,1,1,1,0,1,0,0,0,1
_____________________________________________________
_____________________________________________________
15,0,0.0000,
0,7,0,0,0,1,1,1,0,1,0,0,0,1
1,6,1,0,1,1,1,1,1,1,0,0,0,1
_____________________________________________________
_____________________________________________________
16,7,0.0000,
1,6,1,0,1,1,1,1,1,1,0,0,0,1
0,7,0,0,0,1,1,1,0,1,0,0,0,1
_____________________________________________________
_____________________________________________________
17,0,0.0000,
0,7,0,0,0,1,1,1,0,1,0,0,0,1
0,7,0,0,0,1,1,1,0,1,0,0,0,1
_____________________________________________________
_____________________________________________________
18,0,0.0000,
0,7,0,0,0,1,1,1,0,1,0,0,0,1
0,7,0,0,0,1,1,1,0,1,0,0,0,1
_____________________________________________________
_____________________________________________________
19,0,0.0000,
0,7,0,0,0,1,1,1,0,1,0,0,0,1
1,6,0,0,0,1,0,1,0,1,0,0,0,0
_____________________________________________________
_____________________________________________________
20,6,0.0000,
1,6,0,0,0,1,0,1,0,1,0,0,0,0
1,6,0,0,0,0,0,0,0,0,0,0,0,0
_____________________________________________________
_____________________________________________________
21,0,0.0000,
1,6,0,0,0,0,0,0,0,0,0,0,0,0
1,5,0,0,0,0,0,0,0,0,0,0,0,0
_____________________________________________________
_____________________________________________________
22,0,0.0000,
1,5,0,0,0,0,0,0,0,0,0,0,0,0
2,4,0,0,0,1,0,1,0,1,0,0,0,0
_____________________________________________________
_____________________________________________________
23,6,0.0000,
2,4,0,0,0,1,0,1,0,1,0,0,0,0
1,5,0,0,0,0,0,0,0,0,0,0,0,0
_____________________________________________________
_____________________________________________________
24,0,0.0000,
1,5,0,0,0,0,0,0,0,0,0,0,0,0
1,4,0,0,0,0,0,0,0,0,0,0,0,0
_____________________________________________________
_____________________________________________________
25,1,-1.0000,
1,4,0,0,0,0,0,0,0,0,0,0,0,0
0,7,-1,0,-1,0,0,0,-1,0,0,0,0,0
_____________________________________________________
_____________________________________________________
26,0,0.0000,
0,7,-1,0,-1,0,0,0,-1,0,0,0,0,0
1,6,-1,0,-1,0,1,0,-1,0,0,0,0,1
_____________________________________________________
_____________________________________________________
27,1,0.0000,
1,6,-1,0,-1,0,1,0,-1,0,0,0,0,1
0,7,-1,0,0,1,0,-1,0,1,0,0,-1,1
_____________________________________________________
_____________________________________________________
28,0,0.0000,
0,7,-1,0,0,1,0,-1,0,1,0,0,-1,1
1,6,-1,0,0,1,0,-1,0,1,0,0,-1,1
_____________________________________________________
_____________________________________________________
29,1,0.0000,
1,6,-1,0,0,1,0,-1,0,1,0,0,-1,1
0,7,-1,0,0,1,0,-1,0,1,0,0,-1,1
_____________________________________________________
_____________________________________________________
30,0,0.0000,
0,7,-1,0,0,1,0,-1,0,1,0,0,-1,1
1,6,-1,0,0,1,0,-1,0,1,0,0,-1,1
_____________________________________________________
_____________________________________________________
31,1,0.0000,
1,6,-1,0,0,1,0,-1,0,1,0,0,-1,1
0,7,-1,0,0,1,0,-1,0,1,0,0,-1,1
_____________________________________________________
_____________________________________________________
32,0,0.0000,
0,7,-1,0,0,1,0,-1,0,1,0,0,-1,1
1,6,-1,0,0,1,0,-1,0,1,0,0,-1,1
_____________________________________________________
_____________________________________________________
33,1,0.0000,
1,6,-1,0,0,1,0,-1,0,1,0,0,-1,1
0,7,-1,1,0,1,0,-1,0,1,0,0,-1,1
_____________________________________________________
_____________________________________________________
34,0,0.0000,
0,7,-1,1,0,1,0,-1,0,1,0,0,-1,1
0,7,-1,1,0,1,0,-1,0,1,0,0,-1,1
_____________________________________________________
_____________________________________________________
35,0,0.0000,
0,7,-1,1,0,1,0,-1,0,1,0,0,-1,1
0,7,-1,1,0,1,0,-1,0,1,0,0,-1,1
_____________________________________________________
_____________________________________________________
36,0,0.0000,
0,7,-1,1,0,1,0,-1,0,1,0,0,-1,1
0,7,-1,1,0,1,0,-1,0,1,0,0,-1,1
_____________________________________________________
_____________________________________________________
37,0,0.0000,
0,7,-1,1,0,1,0,-1,0,1,0,0,-1,1
1,6,-1,1,0,1,0,-1,0,1,0,0,-1,1
_____________________________________________________
_____________________________________________________
38,1,0.0000,
1,6,-1,1,0,1,0,-1,0,1,0,0,-1,1
0,7,-1,1,0,1,0,-1,0,1,0,0,-1,1
_____________________________________________________
_____________________________________________________
39,0,0.0000,
0,7,-1,1,0,1,0,-1,0,1,0,0,-1,1
1,6,-1,1,0,1,0,-1,0,1,0,0,-1,1
_____________________________________________________
_____________________________________________________
40,1,0.0000,
1,6,-1,1,0,1,0,-1,0,1,0,0,-1,1
1,6,-1,1,0,1,0,-1,0,1,0,0,-1,1
_____________________________________________________
_____________________________________________________
41,1,0.0000,
1,6,-1,1,0,1,0,-1,0,1,0,0,-1,1
1,6,0,1,0,1,1,0,1,0,1,1,1,1
_____________________________________________________
_____________________________________________________
42,11,0.0000,
1,6,0,1,0,1,1,0,1,0,1,1,1,1
1,6,0,1,0,0,1,0,1,0,1,0,0,1
_____________________________________________________
_____________________________________________________
43,7,0.0000,
1,6,0,1,0,0,1,0,1,0,1,0,0,1
0,7,0,1,0,0,1,0,1,0,1,0,0,1
_____________________________________________________
_____________________________________________________
44,0,0.0000,
0,7,0,1,0,0,1,0,1,0,1,0,0,1
1,6,0,1,0,0,1,0,1,0,1,0,0,1
_____________________________________________________
_____________________________________________________
45,7,0.0000,
1,6,0,1,0,0,1,0,1,0,1,0,0,1
1,6,0,1,0,0,1,0,1,0,1,0,0,1
_____________________________________________________
_____________________________________________________
46,7,0.0000,
1,6,0,1,0,0,1,0,1,0,1,0,0,1
1,6,0,1,0,0,1,0,0,0,0,0,0,0
_____________________________________________________
_____________________________________________________
47,5,0.0000,
1,6,0,1,0,0,1,0,0,0,0,0,0,0
1,6,0,0,0,0,0,0,0,0,1,0,0,1
_____________________________________________________
_____________________________________________________
48,12,0.0000,
1,6,0,0,0,0,0,0,0,0,1,0,0,1
1,6,0,0,0,0,0,0,0,0,0,0,0,0
_____________________________________________________
_____________________________________________________
49,0,0.0000,
1,6,0,0,0,0,0,0,0,0,0,0,0,0
1,5,0,0,0,0,0,0,1,0,1,0,0,1
_____________________________________________________
_____________________________________________________
50,7,0.0000,
1,5,0,0,0,0,0,0,1,0,1,0,0,1
0,7,0,1,0,0,1,0,0,0,0,0,0,1
_____________________________________________________
_____________________________________________________
51,0,0.0000,
0,7,0,1,0,0,1,0,0,0,0,0,0,1
0,7,0,1,0,0,1,0,1,0,1,0,0,1
_____________________________________________________
_____________________________________________________
52,0,0.0000,
0,7,0,1,0,0,1,0,1,0,1,0,0,1
0,7,0,1,0,0,1,0,1,0,1,0,0,1
_____________________________________________________
_____________________________________________________
53,0,0.0000,
0,7,0,1,0,0,1,0,1,0,1,0,0,1
0,7,0,1,1,0,1,0,1,1,1,0,0,1
_____________________________________________________
_____________________________________________________
54,0,0.0000,
0,7,0,1,1,0,1,0,1,1,1,0,0,1
1,6,1,1,1,0,1,0,1,1,1,0,0,1
_____________________________________________________
_____________________________________________________
55,5,0.0000,
1,6,1,1,1,0,1,0,1,1,1,0,0,1
0,7,0,1,1,-1,0,1,-1,0,1,0,0,1
_____________________________________________________
_____________________________________________________
56,0,0.0000,
0,7,0,1,1,-1,0,1,-1,0,1,0,0,1
0,7,0,1,1,-1,0,1,-1,0,1,0,0,1
_____________________________________________________
_____________________________________________________
57,0,0.0000,
0,7,0,1,1,-1,0,1,-1,0,1,0,0,1
1,6,0,1,1,-1,0,1,-1,1,1,0,0,1
_____________________________________________________
_____________________________________________________
58,7,0.0000,
1,6,0,1,1,-1,0,1,-1,1,1,0,0,1
0,7,0,0,0,-1,0,1,-1,1,1,0,0,1
_____________________________________________________
_____________________________________________________
59,0,0.0000,
0,7,0,0,0,-1,0,1,-1,1,1,0,0,1
0,7,0,0,0,-1,1,1,-1,1,1,0,0,1
_____________________________________________________
_____________________________________________________
60,0,0.0000,
0,7,0,0,0,-1,1,1,-1,1,1,0,0,1
1,6,1,0,1,-1,1,1,-1,1,1,0,0,1
_____________________________________________________
_____________________________________________________
61,7,0.0000,
1,6,1,0,1,-1,1,1,-1,1,1,0,0,1
1,6,1,1,1,-1,1,1,-1,1,1,0,0,1
_____________________________________________________
_____________________________________________________
62,7,0.0000,
1,6,1,1,1,-1,1,1,-1,1,1,0,0,1
1,6,1,1,1,-1,1,1,-1,1,1,0,0,1
_____________________________________________________
_____________________________________________________
63,7,0.0000,
1,6,1,1,1,-1,1,1,-1,1,1,0,0,1
1,6,1,1,1,-1,1,1,-1,1,1,0,0,1
_____________________________________________________
_____________________________________________________
64,7,0.0000,
1,6,1,1,1,-1,1,1,-1,1,1,0,0,1
0,7,1,1,1,-1,1,1,-1,1,1,1,1,1
_____________________________________________________
_____________________________________________________
65,0,0.0000,
0,7,1,1,1,-1,1,1,-1,1,1,1,1,1
0,7,1,1,1,-1,1,1,-1,1,1,1,1,1
_____________________________________________________
_____________________________________________________
66,0,0.0000,
0,7,1,1,1,-1,1,1,-1,1,1,1,1,1
1,6,1,1,1,-1,1,1,-1,1,1,1,1,1
_____________________________________________________
_____________________________________________________
67,7,0.0000,
1,6,1,1,1,-1,1,1,-1,1,1,1,1,1
0,7,1,1,1,-1,1,0,-1,1,1,1,1,0
_____________________________________________________
_____________________________________________________
68,0,0.0000,
0,7,1,1,1,-1,1,0,-1,1,1,1,1,0
0,7,1,1,0,-1,1,0,-1,1,1,1,1,0
_____________________________________________________
_____________________________________________________
69,0,0.0000,
0,7,1,1,0,-1,1,0,-1,1,1,1,1,0
0,7,1,0,1,-1,1,1,1,0,0,0,1,0
_____________________________________________________
_____________________________________________________
70,0,0.0000,
0,7,1,0,1,-1,1,1,1,0,0,0,1,0
1,6,1,0,1,-1,1,1,1,0,0,1,1,0
_____________________________________________________
_____________________________________________________
71,5,0.0000,
1,6,1,0,1,-1,1,1,1,0,0,1,1,0
1,6,1,0,1,-1,0,1,1,1,1,1,0,1
_____________________________________________________
_____________________________________________________
72,7,0.0000,
1,6,1,0,1,-1,0,1,1,1,1,1,0,1
1,6,1,1,1,-1,1,1,0,1,1,1,0,1
_____________________________________________________
_____________________________________________________
73,5,0.0000,
1,6,1,1,1,-1,1,1,0,1,1,1,0,1
0,7,1,1,1,-1,0,1,0,1,1,1,0,1
_____________________________________________________
_____________________________________________________
74,0,0.0000,
0,7,1,1,1,-1,0,1,0,1,1,1,0,1
1,6,1,1,1,-1,0,1,0,1,1,1,0,1
_____________________________________________________
_____________________________________________________
75,2,0.0000,
1,6,1,1,1,-1,0,1,0,1,1,1,0,1
1,6,1,1,1,-1,0,1,0,1,1,1,0,1
_____________________________________________________
_____________________________________________________
76,2,0.0000,
1,6,1,1,1,-1,0,1,0,1,1,1,0,1
1,6,1,0,1,-1,0,1,0,1,1,1,0,0
_____________________________________________________
_____________________________________________________
77,6,0.0000,
1,6,1,0,1,-1,0,1,0,1,1,1,0,0
0,7,1,1,0,-1,0,0,0,1,1,1,1,1
_____________________________________________________
_____________________________________________________
78,0,0.0000,
0,7,1,1,0,-1,0,0,0,1,1,1,1,1
1,6,1,1,0,-1,0,0,0,1,1,1,1,1
_____________________________________________________
_____________________________________________________
79,11,0.0000,
1,6,1,1,0,-1,0,0,0,1,1,1,1,1
1,6,1,1,0,-1,0,0,0,1,1,1,0,1
_____________________________________________________
_____________________________________________________
80,2,0.0000,
1,6,1,1,0,-1,0,0,0,1,1,1,0,1
1,6,1,1,0,-1,0,0,0,1,1,1,0,1
_____________________________________________________
_____________________________________________________
81,2,0.0000,
1,6,1,1,0,-1,0,0,0,1,1,1,0,1
0,7,1,0,0,-1,0,0,0,1,1,1,0,0
_____________________________________________________
_____________________________________________________
82,0,0.0000,
0,7,1,0,0,-1,0,0,0,1,1,1,0,0
1,6,1,1,0,-1,0,0,0,1,1,1,0,1
_____________________________________________________
_____________________________________________________
83,2,0.0000,
1,6,1,1,0,-1,0,0,0,1,1,1,0,1
0,7,0,0,0,0,0,-1,0,0,-1,-1,1,0
_____________________________________________________
_____________________________________________________
84,0,0.0000,
0,7,0,0,0,0,0,-1,0,0,-1,-1,1,0
0,7,1,1,1,0,1,-1,0,1,-1,1,1,0
_____________________________________________________
_____________________________________________________
85,0,0.0000,
0,7,1,1,1,0,1,-1,0,1,-1,1,1,0
1,6,1,1,1,0,1,-1,0,1,-1,1,1,0
_____________________________________________________
_____________________________________________________
86,9,0.0000,
1,6,1,1,1,0,1,-1,0,1,-1,1,1,0
0,7,1,1,1,0,1,-1,1,1,-1,1,1,0
_____________________________________________________
_____________________________________________________
87,0,0.0000,
0,7,1,1,1,0,1,-1,1,1,-1,1,1,0
1,6,1,1,1,0,1,-1,1,1,-1,1,1,0
_____________________________________________________
_____________________________________________________
88,9,0.0000,
1,6,1,1,1,0,1,-1,1,1,-1,1,1,0
1,6,1,0,0,0,0,-1,1,0,-1,1,1,0
_____________________________________________________
_____________________________________________________
89,9,0.0000,
1,6,1,0,0,0,0,-1,1,0,-1,1,1,0
0,7,1,1,1,0,1,-1,1,1,-1,1,1,0
_____________________________________________________
_____________________________________________________
90,0,0.0000,
0,7,1,1,1,0,1,-1,1,1,-1,1,1,0
0,7,1,1,1,0,1,-1,1,1,-1,1,1,0
_____________________________________________________
_____________________________________________________
91,0,0.0000,
0,7,1,1,1,0,1,-1,1,1,-1,1,1,0
0,7,1,1,1,0,1,-1,1,1,-1,1,1,0
_____________________________________________________
_____________________________________________________
92,0,0.0000,
0,7,1,1,1,0,1,-1,1,1,-1,1,1,0
1,6,1,1,1,0,1,-1,1,1,-1,1,1,0
_____________________________________________________
_____________________________________________________
93,9,0.0000,
1,6,1,1,1,0,1,-1,1,1,-1,1,1,0
1,6,1,1,1,0,1,-1,1,1,-1,1,1,0
_____________________________________________________
_____________________________________________________
94,9,0.0000,
1,6,1,1,1,0,1,-1,1,1,-1,1,1,0
1,6,1,1,1,0,1,-1,1,1,-1,1,1,0
_____________________________________________________
_____________________________________________________
95,9,0.0000,
1,6,1,1,1,0,1,-1,1,1,-1,1,1,0
1,6,1,1,1,0,1,-1,1,1,-1,1,0,0
_____________________________________________________
_____________________________________________________
96,9,0.0000,
1,6,1,1,1,0,1,-1,1,1,-1,1,0,0
1,6,1,1,1,1,1,-1,1,1,-1,1,0,0
_____________________________________________________
_____________________________________________________
97,9,0.0000,
1,6,1,1,1,1,1,-1,1,1,-1,1,0,0
0,7,0,1,1,0,0,0,1,0,0,-1,0,1
_____________________________________________________
_____________________________________________________
98,0,0.0000,
0,7,0,1,1,0,0,0,1,0,0,-1,0,1
1,6,0,1,1,0,0,0,1,0,1,-1,1,1
_____________________________________________________
_____________________________________________________
99,11,0.0000,
1,6,0,1,1,0,0,0,1,0,1,-1,1,1
0,7,0,1,1,0,0,0,1,0,0,-1,0,1
_____________________________________________________
_____________________________________________________
100,0,0.0000,
0,7,0,1,1,0,0,0,1,0,0,-1,0,1
1,6,0,1,1,0,0,0,1,0,1,-1,1,1
_____________________________________________________
_____________________________________________________
101,11,0.0000,
1,6,0,1,1,0,0,0,1,0,1,-1,1,1
0,7,0,1,1,0,0,0,1,0,0,-1,0,1
_____________________________________________________
_____________________________________________________
102,0,0.0000,
0,7,0,1,1,0,0,0,1,0,0,-1,0,1
0,7,0,1,0,0,0,0,1,0,0,-1,1,1
_____________________________________________________
_____________________________________________________
103,0,0.0000,
0,7,0,1,0,0,0,0,1,0,0,-1,1,1
1,6,0,1,0,0,1,0,1,0,1,-1,1,1
_____________________________________________________
_____________________________________________________
104,11,0.0000,
1,6,0,1,0,0,1,0,1,0,1,-1,1,1
0,7,0,1,0,0,0,0,1,0,1,-1,1,1
_____________________________________________________
_____________________________________________________
105,0,0.0000,
0,7,0,1,0,0,0,0,1,0,1,-1,1,1
1,6,0,1,0,0,1,0,1,0,1,-1,1,1
_____________________________________________________
_____________________________________________________
106,11,0.0000,
1,6,0,1,0,0,1,0,1,0,1,-1,1,1
1,6,0,1,0,0,0,0,1,0,0,-1,1,1
_____________________________________________________
_____________________________________________________
107,11,0.0000,
1,6,0,1,0,0,0,0,1,0,0,-1,1,1
0,7,0,1,0,0,0,0,1,0,0,-1,0,1
_____________________________________________________
_____________________________________________________
108,0,0.0000,
0,7,0,1,0,0,0,0,1,0,0,-1,0,1
0,7,0,1,0,0,0,0,1,0,1,-1,1,1
_____________________________________________________
_____________________________________________________
109,0,0.0000,
0,7,0,1,0,0,0,0,1,0,1,-1,1,1
1,6,0,1,0,0,1,0,1,0,1,-1,1,1
_____________________________________________________
_____________________________________________________
110,11,0.0000,
1,6,0,1,0,0,1,0,1,0,1,-1,1,1
1,6,0,1,0,0,1,0,1,0,1,-1,1,1
_____________________________________________________
_____________________________________________________
111,11,0.0000,
1,6,0,1,0,0,1,0,1,0,1,-1,1,1
1,6,0,0,1,1,1,0,1,1,1,0,0,0
_____________________________________________________
_____________________________________________________
112,5,0.0000,
1,6,0,0,1,1,1,0,1,1,1,0,0,0
1,6,0,0,1,0,0,0,1,0,0,0,0,0
_____________________________________________________
_____________________________________________________
113,7,0.0000,
1,6,0,0,1,0,0,0,1,0,0,0,0,0
0,7,0,0,1,0,0,0,0,0,0,0,0,0
_____________________________________________________
_____________________________________________________
114,0,0.0000,
0,7,0,0,1,0,0,0,0,0,0,0,0,0
0,7,0,0,1,0,0,1,0,0,0,0,0,0
_____________________________________________________
_____________________________________________________
115,0,0.0000,
0,7,0,0,1,0,0,1,0,0,0,0,0,0
0,7,0,0,1,0,0,1,0,0,0,0,0,0
_____________________________________________________
_____________________________________________________
116,0,0.0000,
0,7,0,0,1,0,0,1,0,0,0,0,0,0
1,6,0,0,1,0,0,1,0,0,0,0,0,0
_____________________________________________________
_____________________________________________________
117,6,0.0000,
1,6,0,0,1,0,0,1,0,0,0,0,0,0
1,6,0,0,1,0,0,0,0,0,0,0,0,0
_____________________________________________________
_____________________________________________________
118,3,0.0000,
1,6,0,0,1,0,0,0,0,0,0,0,0,0
0,7,0,0,0,0,1,1,0,1,1,0,0,0
_____________________________________________________
_____________________________________________________
119,0,0.0000,
0,7,0,0,0,0,1,1,0,1,1,0,0,0
0,7,1,0,0,1,1,1,0,1,1,0,0,0
_____________________________________________________
_____________________________________________________
120,0,0.0000,
0,7,1,0,0,1,1,1,0,1,1,0,0,0
1,6,1,0,0,0,0,1,0,0,0,0,0,0
_____________________________________________________
_____________________________________________________
121,6,0.0000,
1,6,1,0,0,0,0,1,0,0,0,0,0,0
0,7,0,0,0,0,0,0,0,0,0,0,0,0
_____________________________________________________
_____________________________________________________
122,0,0.0000,
0,7,0,0,0,0,0,0,0,0,0,0,0,0
0,7,0,0,0,0,0,0,0,0,0,0,0,0
_____________________________________________________
_____________________________________________________
123,0,0.0000,
0,7,0,0,0,0,0,0,0,0,0,0,0,0
1,6,0,0,0,0,0,1,0,0,0,0,0,0
_____________________________________________________
_____________________________________________________
124,6,0.0000,
1,6,0,0,0,0,0,1,0,0,0,0,0,0
1,6,0,0,0,0,0,0,0,0,0,0,0,0
_____________________________________________________
_____________________________________________________
125,0,0.0000,
1,6,0,0,0,0,0,0,0,0,0,0,0,0
2,5,0,1,0,1,1,0,0,1,1,0,1,1
_____________________________________________________
_____________________________________________________
126,11,0.0000,
2,5,0,1,0,1,1,0,0,1,1,0,1,1
1,5,0,0,0,0,1,0,0,0,1,0,0,1
_____________________________________________________
_____________________________________________________
127,5,0.0000,
1,5,0,0,0,0,1,0,0,0,1,0,0,1
0,7,0,0,0,0,0,0,0,1,0,0,1,0
_____________________________________________________
_____________________________________________________
128,0,0.0000,
0,7,0,0,0,0,0,0,0,1,0,0,1,0
1,6,0,1,0,1,0,0,0,1,0,1,0,1
_____________________________________________________
_____________________________________________________
129,2,0.0000,
1,6,0,1,0,1,0,0,0,1,0,1,0,1
0,7,0,0,0,0,1,0,0,0,1,1,0,1
_____________________________________________________
_____________________________________________________
130,0,0.0000,
0,7,0,0,0,0,1,0,0,0,1,1,0,1
0,7,0,0,0,0,1,0,0,0,1,1,0,1
_____________________________________________________
_____________________________________________________
131,0,0.0000,
0,7,0,0,0,0,1,0,0,0,1,1,0,1
1,6,0,0,0,0,1,0,0,0,1,1,0,1
_____________________________________________________
_____________________________________________________
132,5,0.0000,
1,6,0,0,0,0,1,0,0,0,1,1,0,1
1,6,0,0,0,0,0,0,0,0,0,1,0,0
_____________________________________________________
_____________________________________________________
133,10,0.0000,
1,6,0,0,0,0,0,0,0,0,0,1,0,0
1,6,0,0,0,0,0,0,0,0,0,0,1,0
_____________________________________________________
_____________________________________________________
134,11,0.0000,
1,6,0,0,0,0,0,0,0,0,0,0,1,0
0,7,0,0,0,0,0,0,0,0,0,0,0,0
_____________________________________________________
_____________________________________________________
135,0,0.0000,
0,7,0,0,0,0,0,0,0,0,0,0,0,0
0,7,0,0,0,0,0,0,0,0,0,0,0,0
_____________________________________________________
_____________________________________________________
136,0,0.0000,
0,7,0,0,0,0,0,0,0,0,0,0,0,0
1,6,0,0,0,0,0,0,0,0,0,0,0,0
_____________________________________________________
_____________________________________________________
137,0,0.0000,
1,6,0,0,0,0,0,0,0,0,0,0,0,0
1,5,0,0,0,0,0,0,0,1,0,0,1,0
_____________________________________________________
_____________________________________________________
138,11,0.0000,
1,5,0,0,0,0,0,0,0,1,0,0,1,0
0,7,0,0,0,0,0,0,0,0,0,0,0,0
_____________________________________________________
_____________________________________________________
139,0,0.0000,
0,7,0,0,0,0,0,0,0,0,0,0,0,0
0,7,0,0,0,0,0,0,0,0,0,0,0,0
_____________________________________________________
