_____________________________________________________
0,9,-1.0000,
6,2,1,0,0,1,1,0,0,1,0,0,0,0
5,2,1,0,0,1,1,0,0,1,-1,0,0,-1
_____________________________________________________
_____________________________________________________
1,9,0.0000,
5,2,1,0,0,1,1,0,0,1,-1,0,0,-1
5,2,1,0,0,1,1,0,0,1,-1,0,0,-1
_____________________________________________________
_____________________________________________________
2,9,0.0000,
5,2,1,0,0,1,1,0,0,1,-1,0,0,-1
4,2,1,0,0,1,1,0,0,1,-1,0,0,-1
_____________________________________________________
_____________________________________________________
3,9,0.0000,
4,2,1,0,0,1,1,0,0,1,-1,0,0,-1
4,2,1,0,0,1,1,0,0,1,-1,0,0,-1
_____________________________________________________
_____________________________________________________
4,9,0.0000,
4,2,1,0,0,1,1,0,0,1,-1,0,0,-1
4,1,1,0,0,1,1,0,0,1,-1,0,0,-1
_____________________________________________________
_____________________________________________________
5,9,0.0000,
4,1,1,0,0,1,1,0,0,1,-1,0,0,-1
3,2,1,0,0,1,1,0,0,1,-1,0,0,-1
_____________________________________________________
_____________________________________________________
6,9,0.0000,
3,2,1,0,0,1,1,0,0,1,-1,0,0,-1
3,3,1,0,0,1,1,0,0,1,0,0,0,0
_____________________________________________________
_____________________________________________________
7,5,0.0000,
3,3,1,0,0,1,1,0,0,1,0,0,0,0
2,3,1,0,0,0,0,0,0,1,0,0,0,0
_____________________________________________________
_____________________________________________________
8,8,0.0000,
2,3,1,0,0,0,0,0,0,1,0,0,0,0
1,4,0,0,0,0,0,0,0,0,0,0,0,0
_____________________________________________________
_____________________________________________________
9,0,0.0000,
1,4,0,0,0,0,0,0,0,0,0,0,0,0
1,3,0,0,0,0,0,0,0,0,0,0,0,0
_____________________________________________________
_____________________________________________________
10,0,0.0000,
1,3,0,0,0,0,0,0,0,0,0,0,0,0
2,2,0,0,0,0,0,0,0,0,0,0,0,0
_____________________________________________________
_____________________________________________________
11,9,-1.0000,
2,2,0,0,0,0,0,0,0,0,0,0,0,0
2,5,0,0,0,0,0,0,0,0,-1,0,0,-1
_____________________________________________________
_____________________________________________________
12,9,0.0000,
2,5,0,0,0,0,0,0,0,0,-1,0,0,-1
2,5,0,0,0,0,0,0,0,0,-1,0,0,-1
_____________________________________________________
_____________________________________________________
13,9,0.0000,
2,5,0,0,0,0,0,0,0,0,-1,0,0,-1
1,5,-1,0,0,0,-1,1,0,0,0,0,0,-1
_____________________________________________________
_____________________________________________________
14,12,0.0000,
1,5,-1,0,0,0,-1,1,0,0,0,0,0,-1
0,7,-1,0,0,0,-1,1,0,0,0,0,0,0
_____________________________________________________
_____________________________________________________
15,0,0.0000,
0,7,-1,0,0,0,-1,1,0,0,0,0,0,0
1,6,0,0,0,0,0,1,1,0,0,0,1,0
_____________________________________________________
_____________________________________________________
16,11,0.0000,
1,6,0,0,0,0,0,1,1,0,0,0,1,0
0,7,0,0,0,0,0,1,0,0,0,0,0,0
_____________________________________________________
_____________________________________________________
17,0,0.0000,
0,7,0,0,0,0,0,1,0,0,0,0,0,0
1,6,0,0,0,0,0,1,0,0,0,0,0,0
_____________________________________________________
_____________________________________________________
18,6,0.0000,
1,6,0,0,0,0,0,1,0,0,0,0,0,0
1,6,0,0,0,0,0,0,0,0,0,0,0,0
_____________________________________________________
_____________________________________________________
19,0,0.0000,
1,6,0,0,0,0,0,0,0,0,0,0,0,0
1,5,0,0,0,0,0,0,0,0,0,0,0,0
_____________________________________________________
_____________________________________________________
20,0,0.0000,
1,5,0,0,0,0,0,0,0,0,0,0,0,0
2,4,0,0,0,1,0,0,1,0,0,0,1,0
_____________________________________________________
_____________________________________________________
21,11,0.0000,
2,4,0,0,0,1,0,0,1,0,0,0,1,0
1,5,0,0,0,0,0,0,0,0,0,0,0,0
_____________________________________________________
_____________________________________________________
22,0,0.0000,
1,5,0,0,0,0,0,0,0,0,0,0,0,0
1,4,0,0,0,0,0,0,0,0,0,0,0,0
_____________________________________________________
_____________________________________________________
23,0,0.0000,
1,4,0,0,0,0,0,0,0,0,0,0,0,0
1,3,0,0,0,0,0,0,0,0,0,0,0,0
_____________________________________________________
_____________________________________________________
24,0,0.0000,
1,3,0,0,0,0,0,0,0,0,0,0,0,0
2,2,0,0,1,0,0,0,0,0,1,1,1,0
_____________________________________________________
_____________________________________________________
25,11,0.0000,
2,2,0,0,1,0,0,0,0,0,1,1,1,0
2,5,0,0,1,0,0,0,0,0,1,1,0,0
_____________________________________________________
_____________________________________________________
26,9,0.0000,
2,5,0,0,1,0,0,0,0,0,1,1,0,0
1,5,0,0,0,0,0,1,0,0,0,0,0,0
_____________________________________________________
_____________________________________________________
27,6,0.0000,
1,5,0,0,0,0,0,1,0,0,0,0,0,0
0,7,0,0,0,0,0,0,0,0,0,0,0,0
_____________________________________________________
_____________________________________________________
28,0,0.0000,
0,7,0,0,0,0,0,0,0,0,0,0,0,0
0,7,0,0,0,0,0,0,0,0,0,0,0,0
_____________________________________________________
_____________________________________________________
29,0,0.0000,
0,7,0,0,0,0,0,0,0,0,0,0,0,0
1,6,0,0,0,0,0,0,0,0,0,0,0,0
_____________________________________________________
_____________________________________________________
30,0,0.0000,
1,6,0,0,0,0,0,0,0,0,0,0,0,0
2,5,0,0,0,0,0,0,0,0,0,0,0,0
_____________________________________________________
_____________________________________________________
31,9,-1.0000,
2,5,0,0,0,0,0,0,0,0,0,0,0,0
1,5,0,0,0,0,0,0,0,0,0,0,0,0
_____________________________________________________
_____________________________________________________
32,0,0.0000,
1,5,0,0,0,0,0,0,0,0,0,0,0,0
2,4,0,0,0,0,0,0,0,0,0,0,0,0
_____________________________________________________
_____________________________________________________
33,9,-1.0000,
2,4,0,0,0,0,0,0,0,0,0,0,0,0
2,5,0,0,0,0,-1,0,0,0,-1,0,-1,-1
_____________________________________________________
_____________________________________________________
34,9,0.0000,
2,5,0,0,0,0,-1,0,0,0,-1,0,-1,-1
1,5,0,0,0,0,-1,0,0,0,-1,0,-1,-1
_____________________________________________________
_____________________________________________________
35,9,0.0000,
1,5,0,0,0,0,-1,0,0,0,-1,0,-1,-1
1,6,0,0,0,0,-1,0,0,0,0,0,0,0
_____________________________________________________
_____________________________________________________
36,5,0.0000,
1,6,0,0,0,0,-1,0,0,0,0,0,0,0
0,7,0,0,0,0,0,0,0,0,0,0,0,0
_____________________________________________________
_____________________________________________________
37,0,0.0000,
0,7,0,0,0,0,0,0,0,0,0,0,0,0
0,7,0,0,0,0,0,0,0,0,0,0,0,0
_____________________________________________________
_____________________________________________________
38,0,0.0000,
0,7,0,0,0,0,0,0,0,0,0,0,0,0
0,7,0,0,0,0,0,0,0,0,0,0,0,0
_____________________________________________________
_____________________________________________________
39,0,0.0000,
0,7,0,0,0,0,0,0,0,0,0,0,0,0
1,6,0,0,0,0,0,0,0,0,0,0,0,0
_____________________________________________________
_____________________________________________________
40,0,0.0000,
1,6,0,0,0,0,0,0,0,0,0,0,0,0
1,5,0,0,0,0,0,0,0,0,0,0,0,0
_____________________________________________________
_____________________________________________________
41,0,0.0000,
1,5,0,0,0,0,0,0,0,0,0,0,0,0
2,4,0,0,0,0,0,1,0,0,0,0,0,0
_____________________________________________________
_____________________________________________________
42,6,0.0000,
2,4,0,0,0,0,0,1,0,0,0,0,0,0
2,5,0,0,0,0,0,0,0,0,0,0,0,0
_____________________________________________________
_____________________________________________________
43,9,-1.0000,
2,5,0,0,0,0,0,0,0,0,0,0,0,0
1,5,0,0,0,0,0,0,0,0,-1,0,0,0
_____________________________________________________
_____________________________________________________
44,9,0.0000,
1,5,0,0,0,0,0,0,0,0,-1,0,0,0
0,7,0,0,0,0,0,0,0,0,-1,0,0,0
_____________________________________________________
_____________________________________________________
45,0,0.0000,
0,7,0,0,0,0,0,0,0,0,-1,0,0,0
1,6,0,0,0,0,0,0,0,0,-1,0,0,0
_____________________________________________________
_____________________________________________________
46,9,0.0000,
1,6,0,0,0,0,0,0,0,0,-1,0,0,0
0,7,0,0,0,0,0,0,0,0,0,0,0,0
_____________________________________________________
_____________________________________________________
47,0,0.0000,
0,7,0,0,0,0,0,0,0,0,0,0,0,0
0,7,0,0,0,0,0,0,0,0,0,0,0,0
_____________________________________________________
_____________________________________________________
48,0,0.0000,
0,7,0,0,0,0,0,0,0,0,0,0,0,0
1,6,1,0,0,0,0,1,0,0,0,0,0,1
_____________________________________________________
_____________________________________________________
49,12,0.0000,
1,6,1,0,0,0,0,1,0,0,0,0,0,1
1,6,0,0,0,0,0,1,0,0,0,0,0,0
_____________________________________________________
_____________________________________________________
50,6,0.0000,
1,6,0,0,0,0,0,1,0,0,0,0,0,0
1,6,0,0,0,0,0,0,0,0,0,0,0,0
_____________________________________________________
_____________________________________________________
51,0,0.0000,
1,6,0,0,0,0,0,0,0,0,0,0,0,0
1,5,0,0,0,0,0,0,0,0,0,0,0,0
_____________________________________________________
_____________________________________________________
52,0,0.0000,
1,5,0,0,0,0,0,0,0,0,0,0,0,0
1,4,0,0,0,0,0,0,0,0,0,0,1,0
_____________________________________________________
_____________________________________________________
53,11,0.0000,
1,4,0,0,0,0,0,0,0,0,0,0,1,0
1,6,0,0,0,0,0,0,0,0,0,0,0,0
_____________________________________________________
_____________________________________________________
54,0,0.0000,
1,6,0,0,0,0,0,0,0,0,0,0,0,0
2,5,0,0,0,0,0,0,0,0,0,0,0,0
_____________________________________________________
_____________________________________________________
55,9,-1.0000,
2,5,0,0,0,0,0,0,0,0,0,0,0,0
1,5,0,0,0,0,0,0,0,0,0,0,0,0
_____________________________________________________
_____________________________________________________
56,0,0.0000,
1,5,0,0,0,0,0,0,0,0,0,0,0,0
2,4,0,0,0,0,0,0,0,0,0,0,0,0
_____________________________________________________
_____________________________________________________
57,9,-1.0000,
2,4,0,0,0,0,0,0,0,0,0,0,0,0
2,5,0,0,0,-1,0,0,0,-1,-1,0,0,0
_____________________________________________________
_____________________________________________________
58,9,0.0000,
2,5,0,0,0,-1,0,0,0,-1,-1,0,0,0
1,5,0,0,0,-1,0,0,0,-1,-1,0,0,0
_____________________________________________________
_____________________________________________________
59,9,0.0000,
1,5,0,0,0,-1,0,0,0,-1,-1,0,0,0
0,7,0,0,0,-1,0,0,0,-1,-1,0,0,0
_____________________________________________________
_____________________________________________________
60,0,0.0000,
0,7,0,0,0,-1,0,0,0,-1,-1,0,0,0
0,7,0,0,0,-1,0,0,0,-1,-1,0,0,0
_____________________________________________________
_____________________________________________________
61,0,0.0000,
0,7,0,0,0,-1,0,0,0,-1,-1,0,0,0
1,6,0,0,0,-1,0,0,0,-1,-1,0,0,0
_____________________________________________________
_____________________________________________________
62,9,0.0000,
1,6,0,0,0,-1,0,0,0,-1,-1,0,0,0
0,7,0,0,0,-1,0,1,0,-1,-1,0,1,0
_____________________________________________________
_____________________________________________________
63,0,0.0000,
0,7,0,0,0,-1,0,1,0,-1,-1,0,1,0
0,7,0,0,0,-1,1,1,0,-1,-1,0,1,0
_____________________________________________________
_____________________________________________________
64,0,0.0000,
0,7,0,0,0,-1,1,1,0,-1,-1,0,1,0
1,6,0,0,0,-1,1,1,0,-1,-1,0,1,0
_____________________________________________________
_____________________________________________________
65,9,0.0000,
1,6,0,0,0,-1,1,1,0,-1,-1,0,1,0
0,7,0,0,0,-1,1,1,0,-1,-1,0,0,0
_____________________________________________________
_____________________________________________________
66,0,0.0000,
0,7,0,0,0,-1,1,1,0,-1,-1,0,0,0
1,6,0,0,0,-1,0,0,0,-1,-1,0,0,0
_____________________________________________________
_____________________________________________________
67,9,0.0000,
1,6,0,0,0,-1,0,0,0,-1,-1,0,0,0
1,6,0,0,0,-1,0,0,0,-1,-1,0,0,0
_____________________________________________________
_____________________________________________________
68,9,0.0000,
1,6,0,0,0,-1,0,0,0,-1,-1,0,0,0
0,7,0,0,0,-1,0,0,0,-1,-1,0,0,0
_____________________________________________________
_____________________________________________________
69,0,0.0000,
0,7,0,0,0,-1,0,0,0,-1,-1,0,0,0
1,6,0,0,0,0,0,0,0,0,0,-1,0,-1
_____________________________________________________
_____________________________________________________
70,12,0.0000,
1,6,0,0,0,0,0,0,0,0,0,-1,0,-1
1,6,0,0,0,0,0,0,0,0,0,-1,0,-1
_____________________________________________________
_____________________________________________________
71,12,0.0000,
1,6,0,0,0,0,0,0,0,0,0,-1,0,-1
1,6,1,1,0,1,0,0,0,0,0,-1,0,-1
_____________________________________________________
_____________________________________________________
72,12,0.0000,
1,6,1,1,0,1,0,0,0,0,0,-1,0,-1
0,7,1,1,0,1,0,0,0,0,0,-1,0,-1
_____________________________________________________
_____________________________________________________
73,0,0.0000,
0,7,1,1,0,1,0,0,0,0,0,-1,0,-1
1,6,1,1,0,1,0,0,0,0,0,-1,0,-1
_____________________________________________________
_____________________________________________________
74,12,0.0000,
1,6,1,1,0,1,0,0,0,0,0,-1,0,-1
1,6,1,1,0,1,0,0,0,0,0,-1,0,-1
_____________________________________________________
_____________________________________________________
75,12,0.0000,
1,6,1,1,0,1,0,0,0,0,0,-1,0,-1
0,7,1,1,1,1,0,0,1,0,0,-1,1,-1
_____________________________________________________
_____________________________________________________
76,0,0.0000,
0,7,1,1,1,1,0,0,1,0,0,-1,1,-1
1,6,1,1,1,1,1,0,1,0,0,-1,1,-1
_____________________________________________________
_____________________________________________________
77,5,0.0000,
1,6,1,1,1,1,1,0,1,0,0,-1,1,-1
1,6,1,1,1,1,0,0,0,0,0,-1,0,-1
_____________________________________________________
_____________________________________________________
78,12,0.0000,
1,6,1,1,1,1,0,0,0,0,0,-1,0,-1
0,7,1,1,1,1,0,0,0,0,1,-1,0,-1
_____________________________________________________
_____________________________________________________
79,0,0.0000,
0,7,1,1,1,1,0,0,0,0,1,-1,0,-1
1,6,1,1,0,1,0,0,0,0,1,-1,0,-1
_____________________________________________________
_____________________________________________________
80,12,0.0000,
1,6,1,1,0,1,0,0,0,0,1,-1,0,-1
1,6,1,1,0,1,0,0,0,0,1,-1,0,-1
_____________________________________________________
_____________________________________________________
81,12,0.0000,
1,6,1,1,0,1,0,0,0,0,1,-1,0,-1
1,6,1,1,0,1,0,0,0,0,1,-1,0,-1
_____________________________________________________
_____________________________________________________
82,12,0.0000,
1,6,1,1,0,1,0,0,0,0,1,-1,0,-1
0,7,1,1,0,1,0,0,0,0,1,-1,0,-1
_____________________________________________________
_____________________________________________________
83,0,0.0000,
0,7,1,1,0,1,0,0,0,0,1,-1,0,-1
0,7,0,0,0,0,1,0,1,0,1,0,0,0
_____________________________________________________
_____________________________________________________
84,0,0.0000,
0,7,0,0,0,0,1,0,1,0,1,0,0,0
0,7,0,0,0,0,1,0,1,0,0,0,0,0
_____________________________________________________
_____________________________________________________
85,0,0.0000,
0,7,0,0,0,0,1,0,1,0,0,0,0,0
0,7,0,0,0,0,1,0,0,0,0,0,0,0
_____________________________________________________
_____________________________________________________
86,0,0.0000,
0,7,0,0,0,0,1,0,0,0,0,0,0,0
0,7,0,0,0,0,0,0,0,0,0,0,0,0
_____________________________________________________
_____________________________________________________
87,0,0.0000,
0,7,0,0,0,0,0,0,0,0,0,0,0,0
1,6,0,0,0,0,0,0,0,0,0,0,0,0
_____________________________________________________
_____________________________________________________
88,0,0.0000,
1,6,0,0,0,0,0,0,0,0,0,0,0,0
1,5,0,0,0,0,0,0,0,0,0,0,0,0
_____________________________________________________
_____________________________________________________
89,0,0.0000,
1,5,0,0,0,0,0,0,0,0,0,0,0,0
1,4,0,0,0,0,0,0,0,0,0,0,0,0
_____________________________________________________
_____________________________________________________
90,0,0.0000,
1,4,0,0,0,0,0,0,0,0,0,0,0,0
1,3,0,0,0,0,0,0,0,0,1,0,0,0
_____________________________________________________
_____________________________________________________
91,9,0.0000,
1,3,0,0,0,0,0,0,0,0,1,0,0,0
0,7,0,0,0,0,0,0,0,0,0,0,1,0
_____________________________________________________
_____________________________________________________
92,0,0.0000,
0,7,0,0,0,0,0,0,0,0,0,0,1,0
0,7,0,0,0,0,0,1,0,0,0,1,1,0
_____________________________________________________
_____________________________________________________
93,0,0.0000,
0,7,0,0,0,0,0,1,0,0,0,1,1,0
1,6,0,0,0,0,0,1,0,0,0,1,1,0
_____________________________________________________
_____________________________________________________
94,11,0.0000,
1,6,0,0,0,0,0,1,0,0,0,1,1,0
0,7,0,0,0,0,0,0,0,0,0,0,0,1
_____________________________________________________
_____________________________________________________
95,0,0.0000,
0,7,0,0,0,0,0,0,0,0,0,0,0,1
1,6,0,0,0,0,0,0,0,0,0,0,0,1
_____________________________________________________
_____________________________________________________
96,12,0.0000,
1,6,0,0,0,0,0,0,0,0,0,0,0,1
0,7,0,0,0,0,0,0,0,0,0,0,0,0
_____________________________________________________
_____________________________________________________
97,0,0.0000,
0,7,0,0,0,0,0,0,0,0,0,0,0,0
1,6,0,0,0,0,0,0,0,0,0,-1,0,0
_____________________________________________________
_____________________________________________________
98,10,0.0000,
1,6,0,0,0,0,0,0,0,0,0,-1,0,0
1,6,0,0,0,0,0,0,0,0,0,-1,0,0
_____________________________________________________
_____________________________________________________
99,10,0.0000,
1,6,0,0,0,0,0,0,0,0,0,-1,0,0
1,6,0,0,0,0,0,0,0,0,0,-1,0,0
_____________________________________________________
_____________________________________________________
100,10,0.0000,
1,6,0,0,0,0,0,0,0,0,0,-1,0,0
1,6,0,0,0,0,0,0,0,0,0,0,0,0
_____________________________________________________
_____________________________________________________
101,0,0.0000,
1,6,0,0,0,0,0,0,0,0,0,0,0,0
1,5,0,0,0,0,0,0,0,0,1,0,0,0
_____________________________________________________
_____________________________________________________
102,9,0.0000,
1,5,0,0,0,0,0,0,0,0,1,0,0,0
0,7,0,0,0,0,0,0,0,0,0,0,0,0
_____________________________________________________
_____________________________________________________
103,0,0.0000,
0,7,0,0,0,0,0,0,0,0,0,0,0,0
1,6,0,0,0,0,0,0,0,0,0,0,0,0
_____________________________________________________
_____________________________________________________
104,0,0.0000,
1,6,0,0,0,0,0,0,0,0,0,0,0,0
2,5,0,0,0,0,0,0,0,1,0,0,1,0
_____________________________________________________
_____________________________________________________
105,11,0.0000,
2,5,0,0,0,0,0,0,0,1,0,0,1,0
2,5,0,0,0,0,0,0,0,0,0,0,0,0
_____________________________________________________
_____________________________________________________
106,9,-1.0000,
2,5,0,0,0,0,0,0,0,0,0,0,0,0
2,5,0,0,0,0,-1,0,0,0,-1,0,0,0
_____________________________________________________
_____________________________________________________
107,9,0.0000,
2,5,0,0,0,0,-1,0,0,0,-1,0,0,0
1,5,0,0,0,0,-1,0,0,0,-1,0,0,0
_____________________________________________________
_____________________________________________________
108,9,0.0000,
1,5,0,0,0,0,-1,0,0,0,-1,0,0,0
0,7,1,0,0,0,-1,0,0,0,-1,0,0,1
_____________________________________________________
_____________________________________________________
109,0,0.0000,
0,7,1,0,0,0,-1,0,0,0,-1,0,0,1
0,7,1,1,1,0,-1,0,0,0,0,0,0,1
_____________________________________________________
_____________________________________________________
110,0,0.0000,
0,7,1,1,1,0,-1,0,0,0,0,0,0,1
0,7,1,1,1,0,0,0,0,0,0,0,0,1
_____________________________________________________
_____________________________________________________
111,0,0.0000,
0,7,1,1,1,0,0,0,0,0,0,0,0,1
0,7,0,0,0,-1,1,0,0,0,0,0,0,0
_____________________________________________________
_____________________________________________________
112,0,0.0000,
0,7,0,0,0,-1,1,0,0,0,0,0,0,0
1,6,0,0,0,-1,1,0,0,0,0,0,0,0
_____________________________________________________
_____________________________________________________
113,5,0.0000,
1,6,0,0,0,-1,1,0,0,0,0,0,0,0
0,7,0,0,0,-1,0,0,0,0,0,0,0,0
_____________________________________________________
_____________________________________________________
114,0,0.0000,
0,7,0,0,0,-1,0,0,0,0,0,0,0,0
1,6,0,0,0,-1,0,0,0,0,0,0,0,0
_____________________________________________________
_____________________________________________________
115,0,0.0000,
1,6,0,0,0,-1,0,0,0,0,0,0,0,0
2,5,0,0,0,-1,0,0,0,0,0,0,0,0
_____________________________________________________
_____________________________________________________
116,9,-1.0000,
2,5,0,0,0,-1,0,0,0,0,0,0,0,0
1,5,0,0,0,-1,0,-1,-1,0,-1,0,0,0
_____________________________________________________
_____________________________________________________
117,9,0.0000,
1,5,0,0,0,-1,0,-1,-1,0,-1,0,0,0
0,7,0,0,0,-1,0,-1,-1,0,-1,0,0,0
_____________________________________________________
_____________________________________________________
118,0,0.0000,
0,7,0,0,0,-1,0,-1,-1,0,-1,0,0,0
1,6,0,0,0,-1,0,-1,-1,0,-1,0,0,0
_____________________________________________________
_____________________________________________________
119,9,0.0000,
1,6,0,0,0,-1,0,-1,-1,0,-1,0,0,0
1,6,0,0,0,-1,0,-1,-1,0,-1,0,0,0
_____________________________________________________
_____________________________________________________
120,9,0.0000,
1,6,0,0,0,-1,0,-1,-1,0,-1,0,0,0
1,6,0,0,0,-1,0,-1,0,0,0,0,0,0
_____________________________________________________
_____________________________________________________
121,9,-1.0000,
1,6,0,0,0,-1,0,-1,0,0,0,0,0,0
0,7,0,0,0,-1,0,-1,-1,0,-1,0,0,0
_____________________________________________________
_____________________________________________________
122,0,0.0000,
0,7,0,0,0,-1,0,-1,-1,0,-1,0,0,0
1,6,0,0,0,-1,0,-1,-1,0,-1,0,0,0
_____________________________________________________
_____________________________________________________
123,9,0.0000,
1,6,0,0,0,-1,0,-1,-1,0,-1,0,0,0
1,6,0,0,0,-1,0,-1,-1,0,-1,0,0,0
_____________________________________________________
_____________________________________________________
124,9,0.0000,
1,6,0,0,0,-1,0,-1,-1,0,-1,0,0,0
0,7,0,0,0,-1,0,-1,-1,0,-1,0,0,0
_____________________________________________________
_____________________________________________________
125,0,0.0000,
0,7,0,0,0,-1,0,-1,-1,0,-1,0,0,0
1,6,0,0,0,0,0,-1,0,0,0,0,0,0
_____________________________________________________
_____________________________________________________
126,10,-1.0000,
1,6,0,0,0,0,0,-1,0,0,0,0,0,0
1,6,0,0,0,0,0,0,0,-1,0,-1,0,0
_____________________________________________________
_____________________________________________________
127,10,0.0000,
1,6,0,0,0,0,0,0,0,-1,0,-1,0,0
1,6,0,0,0,0,0,0,0,1,0,1,0,0
_____________________________________________________
_____________________________________________________
128,8,0.0000,
1,6,0,0,0,0,0,0,0,1,0,1,0,0
0,7,1,0,1,0,0,0,0,0,0,0,0,0
_____________________________________________________
_____________________________________________________
129,0,0.0000,
0,7,1,0,1,0,0,0,0,0,0,0,0,0
1,6,1,0,1,0,0,0,0,0,0,0,0,0
_____________________________________________________
_____________________________________________________
130,1,0.0000,
1,6,1,0,1,0,0,0,0,0,0,0,0,0
0,7,0,0,0,0,0,0,0,0,0,0,0,0
_____________________________________________________
_____________________________________________________
131,0,0.0000,
0,7,0,0,0,0,0,0,0,0,0,0,0,0
1,6,0,0,0,0,0,0,0,0,0,0,0,0
_____________________________________________________
_____________________________________________________
132,0,0.0000,
1,6,0,0,0,0,0,0,0,0,0,0,0,0
2,5,0,0,0,0,0,0,0,0,0,0,0,0
_____________________________________________________
_____________________________________________________
133,9,-1.0000,
2,5,0,0,0,0,0,0,0,0,0,0,0,0
2,5,0,-1,0,0,0,0,0,0,0,0,0,0
_____________________________________________________
_____________________________________________________
134,2,0.0000,
2,5,0,-1,0,0,0,0,0,0,0,0,0,0
2,5,0,0,0,0,0,0,0,0,0,0,0,0
_____________________________________________________
_____________________________________________________
135,9,-1.0000,
2,5,0,0,0,0,0,0,0,0,0,0,0,0
2,5,0,-1,0,0,0,0,0,0,-1,0,-1,0
_____________________________________________________
_____________________________________________________
136,9,0.0000,
2,5,0,-1,0,0,0,0,0,0,-1,0,-1,0
1,5,0,-1,0,0,0,0,0,0,-1,0,-1,0
_____________________________________________________
_____________________________________________________
137,9,0.0000,
1,5,0,-1,0,0,0,0,0,0,-1,0,-1,0
1,6,0,-1,0,0,0,0,0,0,-1,0,-1,0
_____________________________________________________
_____________________________________________________
138,9,0.0000,
1,6,0,-1,0,0,0,0,0,0,-1,0,-1,0
1,6,0,-1,0,0,0,0,0,0,-1,0,-1,0
_____________________________________________________
_____________________________________________________
139,9,0.0000,
1,6,0,-1,0,0,0,0,0,0,-1,0,-1,0
0,6,0,0,0,0,0,0,0,0,0,0,0,0
_____________________________________________________
