_____________________________________________________
0,11,0.0000,
4,4,1,1,1,1,1,1,1,1,1,1,1,1
3,4,1,1,1,0,1,0,0,1,1,1,0,1
_____________________________________________________
_____________________________________________________
1,5,0.0000,
3,4,1,1,1,0,1,0,0,1,1,1,0,1
2,4,1,1,0,0,0,0,0,0,0,0,0,1
_____________________________________________________
_____________________________________________________
2,12,0.0000,
2,4,1,1,0,0,0,0,0,0,0,0,0,1
2,3,1,1,0,0,0,0,0,0,0,0,0,0
_____________________________________________________
_____________________________________________________
3,2,0.0000,
2,3,1,1,0,0,0,0,0,0,0,0,0,0
1,5,1,0,0,0,0,0,1,0,0,0,1,0
_____________________________________________________
_____________________________________________________
4,11,0.0000,
1,5,1,0,0,0,0,0,1,0,0,0,1,0
0,7,1,0,0,0,0,0,0,0,0,0,0,1
_____________________________________________________
_____________________________________________________
5,0,0.0000,
0,7,1,0,0,0,0,0,0,0,0,0,0,1
0,7,1,0,0,0,0,0,0,0,0,0,0,1
_____________________________________________________
_____________________________________________________
6,0,0.0000,
0,7,1,0,0,0,0,0,0,0,0,0,0,1
1,6,1,0,0,0,0,0,0,0,0,0,0,1
_____________________________________________________
_____________________________________________________
7,12,0.0000,
1,6,1,0,0,0,0,0,0,0,0,0,0,1
1,6,1,0,0,0,0,0,0,0,0,0,0,0
_____________________________________________________
_____________________________________________________
8,1,0.0000,
1,6,1,0,0,0,0,0,0,0,0,0,0,0
1,6,0,0,0,0,0,0,0,0,0,1,0,1
_____________________________________________________
_____________________________________________________
9,12,0.0000,
1,6,0,0,0,0,0,0,0,0,0,1,0,1
1,6,0,0,1,0,1,0,0,1,1,1,1,0
_____________________________________________________
_____________________________________________________
10,11,0.0000,
1,6,0,0,1,0,1,0,0,1,1,1,1,0
0,7,0,0,1,0,1,0,0,1,1,1,0,0
_____________________________________________________
_____________________________________________________
11,0,0.0000,
0,7,0,0,1,0,1,0,0,1,1,1,0,0
1,6,0,0,1,0,1,0,0,1,1,1,0,0
_____________________________________________________
_____________________________________________________
12,5,0.0000,
1,6,0,0,1,0,1,0,0,1,1,1,0,0
1,6,0,0,0,0,0,0,0,0,0,0,0,0
_____________________________________________________
_____________________________________________________
13,0,0.0000,
1,6,0,0,0,0,0,0,0,0,0,0,0,0
1,5,1,0,1,1,1,0,0,1,1,1,1,1
_____________________________________________________
_____________________________________________________
14,11,0.0000,
1,5,1,0,1,1,1,0,0,1,1,1,1,1
1,6,1,0,1,1,1,0,0,1,1,1,0,0
_____________________________________________________
_____________________________________________________
15,5,0.0000,
1,6,1,0,1,1,1,0,0,1,1,1,0,0
0,7,1,0,1,1,0,0,0,1,1,1,0,0
_____________________________________________________
_____________________________________________________
16,0,0.0000,
0,7,1,0,1,1,0,0,0,1,1,1,0,0
1,6,1,0,1,1,0,0,0,1,1,1,1,1
_____________________________________________________
_____________________________________________________
17,11,0.0000,
1,6,1,0,1,1,0,0,0,1,1,1,1,1
0,7,1,0,1,1,0,0,0,1,1,1,0,0
_____________________________________________________
_____________________________________________________
18,0,0.0000,
0,7,1,0,1,1,0,0,0,1,1,1,0,0
0,7,1,0,1,1,0,0,0,1,1,1,0,0
_____________________________________________________
_____________________________________________________
19,0,0.0000,
0,7,1,0,1,1,0,0,0,1,1,1,0,0
0,7,1,0,1,1,0,0,0,1,1,1,0,0
_____________________________________________________
_____________________________________________________
20,0,0.0000,
0,7,1,0,1,1,0,0,0,1,1,1,0,0
1,6,1,0,1,1,0,0,0,1,1,1,0,0
_____________________________________________________
_____________________________________________________
21,9,0.0000,
1,6,1,0,1,1,0,0,0,1,1,1,0,0
1,6,1,0,1,1,0,0,0,0,0,1,0,0
_____________________________________________________
_____________________________________________________
22,1,0.0000,
1,6,1,0,1,1,0,0,0,0,0,1,0,0
1,6,0,0,1,1,0,0,0,0,0,1,0,0
_____________________________________________________
_____________________________________________________
23,10,0.0000,
1,6,0,0,1,1,0,0,0,0,0,1,0,0
0,7,0,0,1,1,0,0,0,1,1,0,0,0
_____________________________________________________
_____________________________________________________
24,0,0.0000,
0,7,0,0,1,1,0,0,0,1,1,0,0,0
1,6,0,0,1,1,0,0,0,1,1,0,0,0
_____________________________________________________
_____________________________________________________
25,9,0.0000,
1,6,0,0,1,1,0,0,0,1,1,0,0,0
1,6,0,0,1,1,0,0,0,1,1,0,0,0
_____________________________________________________
_____________________________________________________
26,9,0.0000,
1,6,0,0,1,1,0,0,0,1,1,0,0,0
1,6,0,0,1,1,0,0,0,0,0,1,0,0
_____________________________________________________
_____________________________________________________
27,10,0.0000,
1,6,0,0,1,1,0,0,0,0,0,1,0,0
0,7,0,0,1,0,1,0,0,0,0,0,0,0
_____________________________________________________
_____________________________________________________
28,0,0.0000,
0,7,0,0,1,0,1,0,0,0,0,0,0,0
0,7,0,0,1,0,1,0,0,0,1,0,0,0
_____________________________________________________
_____________________________________________________
29,0,0.0000,
0,7,0,0,1,0,1,0,0,0,1,0,0,0
1,6,0,1,1,0,1,0,0,0,1,0,0,0
_____________________________________________________
_____________________________________________________
30,5,0.0000,
1,6,0,1,1,0,1,0,0,0,1,0,0,0
0,7,0,1,0,0,0,0,0,0,1,0,0,0
_____________________________________________________
_____________________________________________________
31,0,0.0000,
0,7,0,1,0,0,0,0,0,0,1,0,0,0
0,7,0,1,1,0,1,0,0,0,1,0,0,0
_____________________________________________________
_____________________________________________________
32,0,0.0000,
0,7,0,1,1,0,1,0,0,0,1,0,0,0
1,6,0,1,1,0,1,0,0,0,1,0,1,1
_____________________________________________________
_____________________________________________________
33,11,0.0000,
1,6,0,1,1,0,1,0,0,0,1,0,1,1
1,6,0,1,1,0,1,1,0,0,1,1,0,0
_____________________________________________________
_____________________________________________________
34,5,0.0000,
1,6,0,1,1,0,1,1,0,0,1,1,0,0
0,7,0,1,0,0,0,1,0,0,1,1,0,0
_____________________________________________________
_____________________________________________________
35,0,0.0000,
0,7,0,1,0,0,0,1,0,0,1,1,0,0
1,6,0,1,1,0,1,1,0,0,1,1,0,0
_____________________________________________________
_____________________________________________________
36,5,0.0000,
1,6,0,1,1,0,1,1,0,0,1,1,0,0
0,7,0,1,0,0,0,1,0,0,1,1,0,0
_____________________________________________________
_____________________________________________________
37,0,0.0000,
0,7,0,1,0,0,0,1,0,0,1,1,0,0
0,7,0,1,1,0,1,1,0,0,1,1,0,0
_____________________________________________________
_____________________________________________________
38,0,0.0000,
0,7,0,1,1,0,1,1,0,0,1,1,0,0
0,7,0,1,1,0,1,1,0,0,1,1,0,0
_____________________________________________________
_____________________________________________________
39,0,0.0000,
0,7,0,1,1,0,1,1,0,0,1,1,0,0
1,6,0,1,1,0,1,1,0,0,1,1,0,0
_____________________________________________________
_____________________________________________________
40,5,0.0000,
1,6,0,1,1,0,1,1,0,0,1,1,0,0
0,7,0,1,0,0,0,1,0,0,1,1,0,0
_____________________________________________________
_____________________________________________________
41,0,0.0000,
0,7,0,1,0,0,0,1,0,0,1,1,0,0
0,7,0,1,0,0,0,0,1,0,0,1,1,1
_____________________________________________________
_____________________________________________________
42,0,0.0000,
0,7,0,1,0,0,0,0,1,0,0,1,1,1
1,6,0,1,0,0,0,0,1,0,0,1,1,1
_____________________________________________________
_____________________________________________________
43,11,0.0000,
1,6,0,1,0,0,0,0,1,0,0,1,1,1
1,6,0,1,0,0,0,0,1,0,0,1,1,1
_____________________________________________________
_____________________________________________________
44,11,0.0000,
1,6,0,1,0,0,0,0,1,0,0,1,1,1
1,6,0,1,1,0,0,0,0,0,0,1,0,1
_____________________________________________________
_____________________________________________________
45,2,0.0000,
1,6,0,1,1,0,0,0,0,0,0,1,0,1
1,6,0,1,1,0,0,0,1,0,0,1,1,1
_____________________________________________________
_____________________________________________________
46,11,0.0000,
1,6,0,1,1,0,0,0,1,0,0,1,1,1
1,6,0,1,1,0,0,0,0,0,0,1,0,1
_____________________________________________________
_____________________________________________________
47,2,0.0000,
1,6,0,1,1,0,0,0,0,0,0,1,0,1
1,6,0,0,1,0,0,0,1,0,0,1,1,1
_____________________________________________________
_____________________________________________________
48,11,0.0000,
1,6,0,0,1,0,0,0,1,0,0,1,1,1
0,7,0,0,1,0,0,0,0,0,0,1,0,1
_____________________________________________________
_____________________________________________________
49,0,0.0000,
0,7,0,0,1,0,0,0,0,0,0,1,0,1
1,6,0,1,1,0,0,0,1,0,0,1,1,1
_____________________________________________________
_____________________________________________________
50,11,0.0000,
1,6,0,1,1,0,0,0,1,0,0,1,1,1
0,7,0,1,1,0,0,0,0,0,0,1,0,1
_____________________________________________________
_____________________________________________________
51,0,0.0000,
0,7,0,1,1,0,0,0,0,0,0,1,0,1
0,7,0,1,1,0,0,0,1,0,0,1,1,1
_____________________________________________________
_____________________________________________________
52,0,0.0000,
0,7,0,1,1,0,0,0,1,0,0,1,1,1
0,7,0,1,1,0,0,0,1,0,0,1,1,1
_____________________________________________________
_____________________________________________________
53,0,0.0000,
0,7,0,1,1,0,0,0,1,0,0,1,1,1
0,7,0,1,1,0,0,0,1,0,0,1,1,1
_____________________________________________________
_____________________________________________________
54,0,0.0000,
0,7,0,1,1,0,0,0,1,0,0,1,1,1
1,6,0,1,1,0,0,0,1,0,0,1,1,1
_____________________________________________________
_____________________________________________________
55,11,0.0000,
1,6,0,1,1,0,0,0,1,0,0,1,1,1
1,6,1,0,0,0,0,1,1,0,0,1,0,1
_____________________________________________________
_____________________________________________________
56,7,0.0000,
1,6,1,0,0,0,0,1,1,0,0,1,0,1
1,6,1,0,0,0,0,1,0,0,0,1,0,1
_____________________________________________________
_____________________________________________________
57,6,0.0000,
1,6,1,0,0,0,0,1,0,0,0,1,0,1
0,7,1,0,0,0,0,1,0,0,0,1,1,1
_____________________________________________________
_____________________________________________________
58,0,0.0000,
0,7,1,0,0,0,0,1,0,0,0,1,1,1
0,7,1,0,0,0,0,1,0,0,0,1,1,1
_____________________________________________________
_____________________________________________________
59,0,0.0000,
0,7,1,0,0,0,0,1,0,0,0,1,1,1
0,7,1,0,0,0,0,1,0,0,0,1,1,1
_____________________________________________________
_____________________________________________________
60,0,0.0000,
0,7,1,0,0,0,0,1,0,0,0,1,1,1
0,7,1,0,0,0,0,1,0,0,0,1,1,1
_____________________________________________________
_____________________________________________________
61,0,0.0000,
0,7,1,0,0,0,0,1,0,0,0,1,1,1
1,6,1,0,0,0,0,1,0,0,0,1,1,1
_____________________________________________________
_____________________________________________________
62,11,0.0000,
1,6,1,0,0,0,0,1,0,0,0,1,1,1
0,7,1,0,0,0,0,1,0,0,0,1,0,1
_____________________________________________________
_____________________________________________________
63,0,0.0000,
0,7,1,0,0,0,0,1,0,0,0,1,0,1
0,7,1,0,0,0,0,1,1,0,0,1,0,1
_____________________________________________________
_____________________________________________________
64,0,0.0000,
0,7,1,0,0,0,0,1,1,0,0,1,0,1
1,6,1,0,0,0,0,1,1,0,0,1,0,1
_____________________________________________________
_____________________________________________________
65,7,0.0000,
1,6,1,0,0,0,0,1,1,0,0,1,0,1
0,7,1,0,0,0,0,1,0,0,0,1,0,1
_____________________________________________________
_____________________________________________________
66,0,0.0000,
0,7,1,0,0,0,0,1,0,0,0,1,0,1
0,7,1,0,0,0,0,1,0,0,0,1,0,1
_____________________________________________________
_____________________________________________________
67,0,0.0000,
0,7,1,0,0,0,0,1,0,0,0,1,0,1
0,7,1,0,0,0,0,1,0,0,0,1,0,1
_____________________________________________________
_____________________________________________________
68,0,0.0000,
0,7,1,0,0,0,0,1,0,0,0,1,0,1
1,6,1,0,0,0,0,1,0,0,0,1,0,1
_____________________________________________________
_____________________________________________________
69,6,0.0000,
1,6,1,0,0,0,0,1,0,0,0,1,0,1
0,7,0,0,0,0,1,0,0,0,0,0,1,1
_____________________________________________________
_____________________________________________________
70,0,0.0000,
0,7,0,0,0,0,1,0,0,0,0,0,1,1
1,6,0,0,0,0,1,0,0,1,1,0,1,1
_____________________________________________________
_____________________________________________________
71,11,0.0000,
1,6,0,0,0,0,1,0,0,1,1,0,1,1
0,7,1,0,0,0,1,0,1,1,1,0,0,1
_____________________________________________________
_____________________________________________________
72,0,0.0000,
0,7,1,0,0,0,1,0,1,1,1,0,0,1
0,7,1,0,0,0,1,0,1,1,1,0,1,1
_____________________________________________________
_____________________________________________________
73,0,0.0000,
0,7,1,0,0,0,1,0,1,1,1,0,1,1
1,6,1,0,0,0,1,0,1,1,1,0,1,1
_____________________________________________________
_____________________________________________________
74,11,0.0000,
1,6,1,0,0,0,1,0,1,1,1,0,1,1
1,6,1,0,0,0,1,0,1,1,1,0,0,1
_____________________________________________________
_____________________________________________________
75,5,0.0000,
1,6,1,0,0,0,1,0,1,1,1,0,0,1
1,6,1,1,0,0,0,0,1,1,1,0,0,1
_____________________________________________________
_____________________________________________________
76,7,0.0000,
1,6,1,1,0,0,0,0,1,1,1,0,0,1
0,7,0,1,0,0,0,0,0,0,0,0,1,1
_____________________________________________________
_____________________________________________________
77,0,0.0000,
0,7,0,1,0,0,0,0,0,0,0,0,1,1
1,6,0,1,0,0,1,0,0,0,0,0,1,1
_____________________________________________________
_____________________________________________________
78,11,0.0000,
1,6,0,1,0,0,1,0,0,0,0,0,1,1
1,6,0,1,0,0,1,0,0,0,0,0,0,1
_____________________________________________________
_____________________________________________________
79,5,0.0000,
1,6,0,1,0,0,1,0,0,0,0,0,0,1
0,7,0,1,0,0,0,0,1,1,1,0,0,1
_____________________________________________________
_____________________________________________________
80,0,0.0000,
0,7,0,1,0,0,0,0,1,1,1,0,0,1
1,6,1,1,0,0,0,0,1,1,1,0,0,1
_____________________________________________________
_____________________________________________________
81,7,0.0000,
1,6,1,1,0,0,0,0,1,1,1,0,0,1
0,7,0,1,0,0,1,0,0,0,0,0,1,1
_____________________________________________________
_____________________________________________________
82,0,0.0000,
0,7,0,1,0,0,1,0,0,0,0,0,1,1
1,6,0,1,0,0,1,0,0,0,0,0,1,1
_____________________________________________________
_____________________________________________________
83,11,0.0000,
1,6,0,1,0,0,1,0,0,0,0,0,1,1
0,7,1,0,0,0,1,0,1,0,0,0,0,0
_____________________________________________________
_____________________________________________________
84,0,0.0000,
0,7,1,0,0,0,1,0,1,0,0,0,0,0
0,7,1,0,0,1,1,0,1,0,0,0,0,0
_____________________________________________________
_____________________________________________________
85,0,0.0000,
0,7,1,0,0,1,1,0,1,0,0,0,0,0
1,6,1,0,1,1,1,0,1,0,0,0,0,0
_____________________________________________________
_____________________________________________________
86,7,0.0000,
1,6,1,0,1,1,1,0,1,0,0,0,0,0
0,7,1,0,1,1,1,0,0,0,0,0,0,0
_____________________________________________________
_____________________________________________________
87,0,0.0000,
0,7,1,0,1,1,1,0,0,0,0,0,0,0
0,7,1,0,1,1,1,0,0,0,0,0,0,0
_____________________________________________________
_____________________________________________________
88,0,0.0000,
0,7,1,0,1,1,1,0,0,0,0,0,0,0
0,7,1,0,1,1,1,0,0,0,0,0,0,0
_____________________________________________________
_____________________________________________________
89,0,0.0000,
0,7,1,0,1,1,1,0,0,0,0,0,0,0
0,7,1,0,1,1,1,0,1,0,0,0,0,0
_____________________________________________________
_____________________________________________________
90,0,0.0000,
0,7,1,0,1,1,1,0,1,0,0,0,0,0
1,6,1,0,1,1,1,0,1,0,0,0,0,0
_____________________________________________________
_____________________________________________________
91,5,0.0000,
1,6,1,0,1,1,1,0,1,0,0,0,0,0
1,6,1,0,1,1,0,0,1,0,0,0,0,0
_____________________________________________________
_____________________________________________________
92,7,0.0000,
1,6,1,0,1,1,0,0,1,0,0,0,0,0
1,6,1,0,1,1,0,0,0,0,0,0,0,0
_____________________________________________________
_____________________________________________________
93,1,0.0000,
1,6,1,0,1,1,0,0,0,0,0,0,0,0
1,6,0,0,1,1,1,0,0,0,0,0,0,0
_____________________________________________________
_____________________________________________________
94,5,0.0000,
1,6,0,0,1,1,1,0,0,0,0,0,0,0
0,7,1,0,1,1,0,0,0,0,0,0,0,0
_____________________________________________________
_____________________________________________________
95,0,0.0000,
0,7,1,0,1,1,0,0,0,0,0,0,0,0
1,6,1,0,1,1,0,0,0,1,0,1,0,0
_____________________________________________________
_____________________________________________________
96,10,0.0000,
1,6,1,0,1,1,0,0,0,1,0,1,0,0
1,6,1,0,1,1,0,0,1,0,1,0,0,0
_____________________________________________________
_____________________________________________________
97,7,0.0000,
1,6,1,0,1,1,0,0,1,0,1,0,0,0
1,6,1,1,0,0,0,0,0,1,0,0,1,0
_____________________________________________________
_____________________________________________________
98,11,0.0000,
1,6,1,1,0,0,0,0,0,1,0,0,1,0
0,7,1,1,0,0,0,0,0,1,0,0,0,0
_____________________________________________________
_____________________________________________________
99,0,0.0000,
0,7,1,1,0,0,0,0,0,1,0,0,0,0
1,6,1,1,0,0,0,0,0,1,0,0,0,0
_____________________________________________________
_____________________________________________________
100,2,0.0000,
1,6,1,1,0,0,0,0,0,1,0,0,0,0
0,7,1,0,0,0,0,0,0,0,0,0,0,0
_____________________________________________________
_____________________________________________________
101,0,0.0000,
0,7,1,0,0,0,0,0,0,0,0,0,0,0
0,7,1,0,0,0,0,0,0,0,0,0,0,0
_____________________________________________________
_____________________________________________________
102,0,0.0000,
0,7,1,0,0,0,0,0,0,0,0,0,0,0
0,7,1,1,0,0,0,0,0,1,0,0,0,0
_____________________________________________________
_____________________________________________________
103,0,0.0000,
0,7,1,1,0,0,0,0,0,1,0,0,0,0
0,7,1,1,0,0,0,1,0,1,0,0,0,0
_____________________________________________________
_____________________________________________________
104,0,0.0000,
0,7,1,1,0,0,0,1,0,1,0,0,0,0
1,6,1,1,0,0,0,1,0,1,0,0,0,0
_____________________________________________________
_____________________________________________________
105,6,0.0000,
1,6,1,1,0,0,0,1,0,1,0,0,0,0
1,6,1,1,0,0,0,0,0,1,0,0,0,0
_____________________________________________________
_____________________________________________________
106,2,0.0000,
1,6,1,1,0,0,0,0,0,1,0,0,0,0
0,7,1,0,0,0,0,0,0,0,0,0,0,0
_____________________________________________________
_____________________________________________________
107,0,0.0000,
0,7,1,0,0,0,0,0,0,0,0,0,0,0
1,6,1,0,0,0,0,0,0,0,0,0,0,0
_____________________________________________________
_____________________________________________________
108,1,0.0000,
1,6,1,0,0,0,0,0,0,0,0,0,0,0
0,7,0,0,0,0,0,0,0,0,0,0,0,0
_____________________________________________________
_____________________________________________________
109,0,0.0000,
0,7,0,0,0,0,0,0,0,0,0,0,0,0
1,6,0,0,0,0,0,0,0,0,0,0,0,0
_____________________________________________________
_____________________________________________________
110,0,0.0000,
1,6,0,0,0,0,0,0,0,0,0,0,0,0
1,5,0,0,0,0,0,1,0,0,0,0,0,0
_____________________________________________________
_____________________________________________________
111,6,0.0000,
1,5,0,0,0,0,0,1,0,0,0,0,0,0
0,7,0,0,0,0,0,1,0,0,0,0,0,0
_____________________________________________________
_____________________________________________________
112,0,0.0000,
0,7,0,0,0,0,0,1,0,0,0,0,0,0
0,7,1,0,0,0,0,1,0,0,0,0,0,0
_____________________________________________________
_____________________________________________________
113,0,0.0000,
0,7,1,0,0,0,0,1,0,0,0,0,0,0
1,6,1,0,0,0,0,1,0,0,0,0,0,0
_____________________________________________________
_____________________________________________________
114,6,0.0000,
1,6,1,0,0,0,0,1,0,0,0,0,0,0
1,6,1,0,0,0,0,0,0,0,0,0,0,0
_____________________________________________________
_____________________________________________________
115,1,0.0000,
1,6,1,0,0,0,0,0,0,0,0,0,0,0
0,7,0,0,0,1,0,1,0,0,0,0,0,0
_____________________________________________________
_____________________________________________________
116,0,0.0000,
0,7,0,0,0,1,0,1,0,0,0,0,0,0
0,7,1,0,0,1,0,1,0,0,0,0,0,0
_____________________________________________________
_____________________________________________________
117,0,0.0000,
0,7,1,0,0,1,0,1,0,0,0,0,0,0
0,7,1,0,0,1,0,1,0,0,0,0,0,0
_____________________________________________________
_____________________________________________________
118,0,0.0000,
0,7,1,0,0,1,0,1,0,0,0,0,0,0
0,7,1,0,0,1,0,1,0,0,0,0,0,0
_____________________________________________________
_____________________________________________________
119,0,0.0000,
0,7,1,0,0,1,0,1,0,0,0,0,0,0
1,6,1,0,0,1,0,1,0,0,0,0,0,0
_____________________________________________________
_____________________________________________________
120,6,0.0000,
1,6,1,0,0,1,0,1,0,0,0,0,0,0
0,7,1,0,0,1,0,0,0,0,0,1,0,0
_____________________________________________________
_____________________________________________________
121,0,0.0000,
0,7,1,0,0,1,0,0,0,0,0,1,0,0
1,6,1,0,0,1,0,0,0,0,0,1,0,0
_____________________________________________________
_____________________________________________________
122,1,0.0000,
1,6,1,0,0,1,0,0,0,0,0,1,0,0
0,7,0,0,0,1,0,0,0,0,0,1,0,0
_____________________________________________________
_____________________________________________________
123,0,0.0000,
0,7,0,0,0,1,0,0,0,0,0,1,0,0
1,6,0,0,0,1,0,1,0,0,0,1,0,0
_____________________________________________________
_____________________________________________________
124,6,0.0000,
1,6,0,0,0,1,0,1,0,0,0,1,0,0
0,7,0,0,0,1,0,0,0,0,0,1,0,0
_____________________________________________________
_____________________________________________________
125,0,0.0000,
0,7,0,0,0,1,0,0,0,0,0,1,0,0
1,6,1,0,0,0,0,0,1,0,1,0,0,0
_____________________________________________________
_____________________________________________________
126,7,0.0000,
1,6,1,0,0,0,0,0,1,0,1,0,0,0
1,6,0,0,0,0,0,0,0,0,1,0,0,0
_____________________________________________________
_____________________________________________________
127,9,0.0000,
1,6,0,0,0,0,0,0,0,0,1,0,0,0
0,7,0,0,0,0,1,1,0,1,0,1,0,0
_____________________________________________________
_____________________________________________________
128,0,0.0000,
0,7,0,0,0,0,1,1,0,1,0,1,0,0
1,6,0,0,0,0,1,1,0,1,1,1,0,0
_____________________________________________________
_____________________________________________________
129,5,0.0000,
1,6,0,0,0,0,1,1,0,1,1,1,0,0
0,7,0,0,0,0,0,1,0,0,1,0,0,0
_____________________________________________________
_____________________________________________________
130,0,0.0000,
0,7,0,0,0,0,0,1,0,0,1,0,0,0
0,7,0,0,0,0,0,1,0,0,1,0,0,0
_____________________________________________________
_____________________________________________________
131,0,0.0000,
0,7,0,0,0,0,0,1,0,0,1,0,0,0
0,7,0,0,0,0,0,1,0,0,1,0,0,0
_____________________________________________________
_____________________________________________________
132,0,0.0000,
0,7,0,0,0,0,0,1,0,0,1,0,0,0
1,6,0,0,0,0,0,1,0,0,1,0,1,0
_____________________________________________________
_____________________________________________________
133,11,0.0000,
1,6,0,0,0,0,0,1,0,0,1,0,1,0
0,7,0,0,0,0,0,1,0,0,1,0,0,0
_____________________________________________________
_____________________________________________________
134,0,0.0000,
0,7,0,0,0,0,0,1,0,0,1,0,0,0
0,7,0,0,0,0,0,1,1,1,1,1,0,0
_____________________________________________________
_____________________________________________________
135,0,0.0000,
0,7,0,0,0,0,0,1,1,1,1,1,0,0
0,7,1,0,0,0,1,1,1,1,1,1,0,0
_____________________________________________________
_____________________________________________________
136,0,0.0000,
0,7,1,0,0,0,1,1,1,1,1,1,0,0
1,6,1,0,0,0,1,1,1,1,1,1,0,0
_____________________________________________________
_____________________________________________________
137,5,0.0000,
1,6,1,0,0,0,1,1,1,1,1,1,0,0
0,7,1,0,0,0,0,1,1,0,1,0,0,0
_____________________________________________________
_____________________________________________________
138,0,0.0000,
0,7,1,0,0,0,0,1,1,0,1,0,0,0
0,7,1,0,0,0,0,1,1,0,1,0,0,0
_____________________________________________________
_____________________________________________________
139,0,0.0000,
0,7,1,0,0,0,0,1,1,0,1,0,0,0
0,7,0,0,0,0,0,0,0,0,0,0,0,0
_____________________________________________________
