_____________________________________________________
0,11,0.0000,
4,4,1,1,0,1,0,1,0,0,1,0,1,1
4,4,1,1,0,1,0,1,0,0,1,0,0,1
_____________________________________________________
_____________________________________________________
1,6,0.0000,
4,4,1,1,0,1,0,1,0,0,1,0,0,1
4,4,1,1,0,1,0,0,0,0,1,0,0,0
_____________________________________________________
_____________________________________________________
2,9,0.0000,
4,4,1,1,0,1,0,0,0,0,1,0,0,0
4,3,0,1,0,1,0,0,1,0,0,0,0,0
_____________________________________________________
_____________________________________________________
3,9,-1.0000,
4,3,0,1,0,1,0,0,1,0,0,0,0,0
3,3,-1,1,0,1,1,0,1,0,-1,0,0,0
_____________________________________________________
_____________________________________________________
4,9,0.0000,
3,3,-1,1,0,1,1,0,1,0,-1,0,0,0
2,3,-1,1,0,1,1,0,1,0,-1,0,0,0
_____________________________________________________
_____________________________________________________
5,9,0.0000,
2,3,-1,1,0,1,1,0,1,0,-1,0,0,0
2,3,-1,1,0,1,1,0,1,0,-1,0,0,0
_____________________________________________________
_____________________________________________________
6,9,0.0000,
2,3,-1,1,0,1,1,0,1,0,-1,0,0,0
2,5,-1,1,0,1,1,0,1,0,-1,0,0,0
_____________________________________________________
_____________________________________________________
7,9,0.0000,
2,5,-1,1,0,1,1,0,1,0,-1,0,0,0
1,5,-1,1,0,1,1,0,1,0,-1,0,0,0
_____________________________________________________
_____________________________________________________
8,9,0.0000,
1,5,-1,1,0,1,1,0,1,0,-1,0,0,0
1,6,-1,1,0,1,1,1,1,0,0,0,0,1
_____________________________________________________
_____________________________________________________
9,7,0.0000,
1,6,-1,1,0,1,1,1,1,0,0,0,0,1
1,6,0,1,0,1,0,1,0,0,0,0,1,1
_____________________________________________________
_____________________________________________________
10,11,0.0000,
1,6,0,1,0,1,0,1,0,0,0,0,1,1
1,6,0,1,0,1,0,1,0,0,0,0,0,1
_____________________________________________________
_____________________________________________________
11,6,0.0000,
1,6,0,1,0,1,0,1,0,0,0,0,0,1
0,7,0,1,0,1,0,0,0,0,0,0,0,0
_____________________________________________________
_____________________________________________________
12,0,0.0000,
0,7,0,1,0,1,0,0,0,0,0,0,0,0
1,6,0,1,0,1,0,0,0,0,0,0,0,0
_____________________________________________________
_____________________________________________________
13,2,0.0000,
1,6,0,1,0,1,0,0,0,0,0,0,0,0
0,7,0,0,1,0,1,0,0,1,0,0,1,0
_____________________________________________________
_____________________________________________________
14,0,0.0000,
0,7,0,0,1,0,1,0,0,1,0,0,1,0
1,6,0,0,1,0,1,1,0,1,0,1,1,0
_____________________________________________________
_____________________________________________________
15,11,0.0000,
1,6,0,0,1,0,1,1,0,1,0,1,1,0
1,6,0,0,0,0,0,0,1,0,0,0,0,0
_____________________________________________________
_____________________________________________________
16,7,0.0000,
1,6,0,0,0,0,0,0,1,0,0,0,0,0
0,7,0,0,0,0,0,0,0,0,0,0,0,0
_____________________________________________________
_____________________________________________________
17,0,0.0000,
0,7,0,0,0,0,0,0,0,0,0,0,0,0
0,7,0,0,0,0,0,0,0,0,0,0,0,1
_____________________________________________________
_____________________________________________________
18,0,0.0000,
0,7,0,0,0,0,0,0,0,0,0,0,0,1
1,6,0,1,0,0,0,0,0,0,0,0,0,1
_____________________________________________________
_____________________________________________________
19,2,0.0000,
1,6,0,1,0,0,0,0,0,0,0,0,0,1
1,6,0,0,0,0,0,0,0,0,1,0,0,0
_____________________________________________________
_____________________________________________________
20,9,0.0000,
1,6,0,0,0,0,0,0,0,0,1,0,0,0
1,6,0,0,0,0,0,0,0,0,0,0,0,0
_____________________________________________________
_____________________________________________________
21,0,0.0000,
1,6,0,0,0,0,0,0,0,0,0,0,0,0
1,5,0,0,0,0,0,0,0,0,0,0,1,0
_____________________________________________________
_____________________________________________________
22,11,0.0000,
1,5,0,0,0,0,0,0,0,0,0,0,1,0
1,6,1,0,0,0,0,0,0,0,0,0,0,0
_____________________________________________________
_____________________________________________________
23,1,0.0000,
1,6,1,0,0,0,0,0,0,0,0,0,0,0
1,6,0,0,0,0,0,0,0,0,0,0,0,0
_____________________________________________________
_____________________________________________________
24,0,0.0000,
1,6,0,0,0,0,0,0,0,0,0,0,0,0
2,5,0,0,0,0,0,0,1,0,0,0,0,0
_____________________________________________________
_____________________________________________________
25,7,0.0000,
2,5,0,0,0,0,0,0,1,0,0,0,0,0
1,5,0,0,0,0,0,0,0,0,0,0,0,0
_____________________________________________________
_____________________________________________________
26,0,0.0000,
1,5,0,0,0,0,0,0,0,0,0,0,0,0
2,4,0,0,0,0,0,0,0,0,0,0,0,0
_____________________________________________________
_____________________________________________________
27,9,-1.0000,
2,4,0,0,0,0,0,0,0,0,0,0,0,0
2,5,0,0,-1,0,1,0,0,0,0,0,0,-1
_____________________________________________________
_____________________________________________________
28,12,0.0000,
2,5,0,0,-1,0,1,0,0,0,0,0,0,-1
1,5,0,0,-1,0,1,0,0,0,0,0,0,1
_____________________________________________________
_____________________________________________________
29,5,0.0000,
1,5,0,0,-1,0,1,0,0,0,0,0,0,1
0,7,0,0,1,0,0,0,0,0,0,0,0,1
_____________________________________________________
_____________________________________________________
30,0,0.0000,
0,7,0,0,1,0,0,0,0,0,0,0,0,1
0,7,0,0,1,0,0,0,0,0,0,0,0,1
_____________________________________________________
_____________________________________________________
31,0,0.0000,
0,7,0,0,1,0,0,0,0,0,0,0,0,1
0,7,0,0,1,0,0,1,0,0,1,1,1,1
_____________________________________________________
_____________________________________________________
32,0,0.0000,
0,7,0,0,1,0,0,1,0,0,1,1,1,1
1,6,1,0,1,1,0,1,0,0,1,1,1,1
_____________________________________________________
_____________________________________________________
33,11,0.0000,
1,6,1,0,1,1,0,1,0,0,1,1,1,1
0,7,1,0,1,0,0,0,0,0,0,1,0,1
_____________________________________________________
_____________________________________________________
34,0,0.0000,
0,7,1,0,1,0,0,0,0,0,0,1,0,1
0,7,1,0,1,0,0,0,0,0,0,1,0,1
_____________________________________________________
_____________________________________________________
35,0,0.0000,
0,7,1,0,1,0,0,0,0,0,0,1,0,1
0,7,1,0,1,0,0,0,0,0,0,1,1,1
_____________________________________________________
_____________________________________________________
36,0,0.0000,
0,7,1,0,1,0,0,0,0,0,0,1,1,1
0,7,1,0,1,1,0,1,0,0,1,1,1,1
_____________________________________________________
_____________________________________________________
37,0,0.0000,
0,7,1,0,1,1,0,1,0,0,1,1,1,1
1,6,1,0,1,1,0,1,0,0,1,1,1,1
_____________________________________________________
_____________________________________________________
38,11,0.0000,
1,6,1,0,1,1,0,1,0,0,1,1,1,1
0,7,1,0,1,0,0,0,0,0,0,1,0,1
_____________________________________________________
_____________________________________________________
39,0,0.0000,
0,7,1,0,1,0,0,0,0,0,0,1,0,1
1,6,1,0,0,0,0,0,0,0,1,1,1,0
_____________________________________________________
_____________________________________________________
40,11,0.0000,
1,6,1,0,0,0,0,0,0,0,1,1,1,0
0,7,1,0,0,0,0,0,0,0,0,1,0,0
_____________________________________________________
_____________________________________________________
41,0,0.0000,
0,7,1,0,0,0,0,0,0,0,0,1,0,0
1,6,0,0,0,0,0,0,1,1,0,1,0,0
_____________________________________________________
_____________________________________________________
42,7,0.0000,
1,6,0,0,0,0,0,0,1,1,0,1,0,0
0,7,0,0,0,0,0,0,0,1,0,0,0,1
_____________________________________________________
_____________________________________________________
43,0,0.0000,
0,7,0,0,0,0,0,0,0,1,0,0,0,1
1,6,0,0,0,0,0,0,0,1,0,0,0,1
_____________________________________________________
_____________________________________________________
44,12,0.0000,
1,6,0,0,0,0,0,0,0,1,0,0,0,1
0,7,0,1,0,0,0,0,0,1,0,0,0,0
_____________________________________________________
_____________________________________________________
45,0,0.0000,
0,7,0,1,0,0,0,0,0,1,0,0,0,0
0,7,1,1,0,0,0,0,0,1,0,0,0,0
_____________________________________________________
_____________________________________________________
46,0,0.0000,
0,7,1,1,0,0,0,0,0,1,0,0,0,0
1,6,1,1,0,0,0,0,0,1,0,0,0,0
_____________________________________________________
_____________________________________________________
47,2,0.0000,
1,6,1,1,0,0,0,0,0,1,0,0,0,0
0,7,0,1,0,0,0,1,1,1,0,1,0,0
_____________________________________________________
_____________________________________________________
48,0,0.0000,
0,7,0,1,0,0,0,1,1,1,0,1,0,0
0,7,1,1,0,0,0,1,1,1,0,1,0,0
_____________________________________________________
_____________________________________________________
49,0,0.0000,
0,7,1,1,0,0,0,1,1,1,0,1,0,0
0,7,1,1,1,0,0,1,1,1,1,1,0,0
_____________________________________________________
_____________________________________________________
50,0,0.0000,
0,7,1,1,1,0,0,1,1,1,1,1,0,0
1,6,1,1,1,0,0,1,1,1,1,1,0,0
_____________________________________________________
_____________________________________________________
51,2,0.0000,
1,6,1,1,1,0,0,1,1,1,1,1,0,0
0,7,0,0,1,0,0,1,1,1,1,1,0,0
_____________________________________________________
_____________________________________________________
52,0,0.0000,
0,7,0,0,1,0,0,1,1,1,1,1,0,0
1,6,0,0,1,0,0,1,1,1,1,1,0,0
_____________________________________________________
_____________________________________________________
53,7,0.0000,
1,6,0,0,1,0,0,1,1,1,1,1,0,0
1,6,0,1,1,0,0,0,0,1,1,0,0,0
_____________________________________________________
_____________________________________________________
54,9,0.0000,
1,6,0,1,1,0,0,0,0,1,1,0,0,0
1,6,1,1,0,0,0,0,1,1,0,1,0,0
_____________________________________________________
_____________________________________________________
55,7,0.0000,
1,6,1,1,0,0,0,0,1,1,0,1,0,0
0,7,1,0,0,0,0,0,0,0,0,0,1,0
_____________________________________________________
_____________________________________________________
56,0,0.0000,
0,7,1,0,0,0,0,0,0,0,0,0,1,0
1,6,1,0,0,0,0,0,0,0,0,0,1,0
_____________________________________________________
_____________________________________________________
57,11,0.0000,
1,6,1,0,0,0,0,0,0,0,0,0,1,0
1,6,0,0,0,0,0,0,1,0,0,0,0,0
_____________________________________________________
_____________________________________________________
58,7,0.0000,
1,6,0,0,0,0,0,0,1,0,0,0,0,0
0,7,0,0,0,0,1,0,0,0,0,0,0,0
_____________________________________________________
_____________________________________________________
59,0,0.0000,
0,7,0,0,0,0,1,0,0,0,0,0,0,0
0,7,0,0,0,0,1,0,0,0,0,0,0,0
_____________________________________________________
_____________________________________________________
60,0,0.0000,
0,7,0,0,0,0,1,0,0,0,0,0,0,0
1,6,0,0,0,0,1,0,0,0,0,0,0,0
_____________________________________________________
_____________________________________________________
61,5,0.0000,
1,6,0,0,0,0,1,0,0,0,0,0,0,0
1,6,1,0,0,0,0,0,0,0,0,0,1,0
_____________________________________________________
_____________________________________________________
62,11,0.0000,
1,6,1,0,0,0,0,0,0,0,0,0,1,0
0,7,0,0,0,0,0,0,0,0,0,0,0,0
_____________________________________________________
_____________________________________________________
63,0,0.0000,
0,7,0,0,0,0,0,0,0,0,0,0,0,0
1,6,0,0,0,0,0,0,0,0,0,0,0,0
_____________________________________________________
_____________________________________________________
64,0,0.0000,
1,6,0,0,0,0,0,0,0,0,0,0,0,0
2,5,0,0,1,0,0,0,0,0,0,0,0,1
_____________________________________________________
_____________________________________________________
65,12,0.0000,
2,5,0,0,1,0,0,0,0,0,0,0,0,1
1,5,0,0,0,0,0,0,0,0,0,0,0,0
_____________________________________________________
_____________________________________________________
66,0,0.0000,
1,5,0,0,0,0,0,0,0,0,0,0,0,0
1,4,1,0,0,0,0,0,1,0,0,0,1,0
_____________________________________________________
_____________________________________________________
67,11,0.0000,
1,4,1,0,0,0,0,0,1,0,0,0,1,0
1,6,0,0,0,0,0,0,1,0,0,0,0,0
_____________________________________________________
_____________________________________________________
68,7,0.0000,
1,6,0,0,0,0,0,0,1,0,0,0,0,0
1,6,0,0,0,0,0,0,0,0,0,0,0,0
_____________________________________________________
_____________________________________________________
69,0,0.0000,
1,6,0,0,0,0,0,0,0,0,0,0,0,0
1,5,1,0,0,0,0,0,0,0,1,0,0,0
_____________________________________________________
_____________________________________________________
70,9,0.0000,
1,5,1,0,0,0,0,0,0,0,1,0,0,0
1,6,1,0,0,0,0,0,0,0,0,0,0,0
_____________________________________________________
_____________________________________________________
71,1,0.0000,
1,6,1,0,0,0,0,0,0,0,0,0,0,0
1,6,0,0,0,0,1,0,0,0,1,0,0,0
_____________________________________________________
_____________________________________________________
72,5,0.0000,
1,6,0,0,0,0,1,0,0,0,1,0,0,0
0,7,0,0,0,0,0,0,0,0,0,0,0,0
_____________________________________________________
_____________________________________________________
73,0,0.0000,
0,7,0,0,0,0,0,0,0,0,0,0,0,0
1,6,1,0,0,1,1,0,0,0,1,0,0,0
_____________________________________________________
_____________________________________________________
74,5,0.0000,
1,6,1,0,0,1,1,0,0,0,1,0,0,0
1,6,1,0,0,0,0,0,0,0,1,0,0,0
_____________________________________________________
_____________________________________________________
75,9,0.0000,
1,6,1,0,0,0,0,0,0,0,1,0,0,0
0,7,1,1,0,0,0,0,0,0,0,0,0,0
_____________________________________________________
_____________________________________________________
76,0,0.0000,
0,7,1,1,0,0,0,0,0,0,0,0,0,0
1,6,1,1,0,0,1,1,0,0,1,1,0,0
_____________________________________________________
_____________________________________________________
77,5,0.0000,
1,6,1,1,0,0,1,1,0,0,1,1,0,0
0,7,1,1,0,0,0,1,0,0,0,1,0,0
_____________________________________________________
_____________________________________________________
78,0,0.0000,
0,7,1,1,0,0,0,1,0,0,0,1,0,0
1,6,1,1,0,0,0,1,0,0,0,1,0,0
_____________________________________________________
_____________________________________________________
79,6,0.0000,
1,6,1,1,0,0,0,1,0,0,0,1,0,0
1,6,1,1,0,0,0,1,0,0,1,1,0,0
_____________________________________________________
_____________________________________________________
80,2,0.0000,
1,6,1,1,0,0,0,1,0,0,1,1,0,0
0,7,1,0,0,1,1,1,0,0,1,1,0,0
_____________________________________________________
_____________________________________________________
81,0,0.0000,
0,7,1,0,0,1,1,1,0,0,1,1,0,0
1,6,1,0,0,1,0,1,0,0,0,1,0,0
_____________________________________________________
_____________________________________________________
82,6,0.0000,
1,6,1,0,0,1,0,1,0,0,0,1,0,0
1,6,1,0,0,0,0,0,0,0,0,0,0,1
_____________________________________________________
_____________________________________________________
83,12,0.0000,
1,6,1,0,0,0,0,0,0,0,0,0,0,1
1,6,0,0,0,0,0,0,0,0,0,0,0,0
_____________________________________________________
_____________________________________________________
84,0,0.0000,
1,6,0,0,0,0,0,0,0,0,0,0,0,0
2,5,0,0,1,0,0,0,0,0,0,0,0,0
_____________________________________________________
_____________________________________________________
85,3,0.0000,
2,5,0,0,1,0,0,0,0,0,0,0,0,0
2,5,0,0,0,0,0,0,0,0,0,0,0,0
_____________________________________________________
_____________________________________________________
86,9,-1.0000,
2,5,0,0,0,0,0,0,0,0,0,0,0,0
1,5,1,0,0,0,0,0,0,1,-1,-1,0,-1
_____________________________________________________
_____________________________________________________
87,9,0.0000,
1,5,1,0,0,0,0,0,0,1,-1,-1,0,-1
0,7,1,0,0,0,0,0,0,1,-1,-1,0,-1
_____________________________________________________
_____________________________________________________
88,0,0.0000,
0,7,1,0,0,0,0,0,0,1,-1,-1,0,-1
1,6,1,0,0,0,0,0,0,1,-1,-1,0,-1
_____________________________________________________
_____________________________________________________
89,9,0.0000,
1,6,1,0,0,0,0,0,0,1,-1,-1,0,-1
1,6,1,0,1,0,0,0,0,1,-1,-1,0,-1
_____________________________________________________
_____________________________________________________
90,12,0.0000,
1,6,1,0,1,0,0,0,0,1,-1,-1,0,-1
1,6,1,0,1,0,0,0,0,1,-1,-1,0,-1
_____________________________________________________
_____________________________________________________
91,9,0.0000,
1,6,1,0,1,0,0,0,0,1,-1,-1,0,-1
0,7,1,0,1,0,0,0,0,1,-1,-1,0,-1
_____________________________________________________
_____________________________________________________
92,0,0.0000,
0,7,1,0,1,0,0,0,0,1,-1,-1,0,-1
1,6,1,0,1,0,0,0,0,1,-1,-1,0,-1
_____________________________________________________
_____________________________________________________
93,12,0.0000,
1,6,1,0,1,0,0,0,0,1,-1,-1,0,-1
1,6,1,0,1,0,0,0,1,1,-1,-1,1,-1
_____________________________________________________
_____________________________________________________
94,9,0.0000,
1,6,1,0,1,0,0,0,1,1,-1,-1,1,-1
0,7,1,0,1,0,0,0,1,1,-1,-1,1,-1
_____________________________________________________
_____________________________________________________
95,0,0.0000,
0,7,1,0,1,0,0,0,1,1,-1,-1,1,-1
1,6,1,0,1,0,0,0,1,1,-1,-1,1,-1
_____________________________________________________
_____________________________________________________
96,9,0.0000,
1,6,1,0,1,0,0,0,1,1,-1,-1,1,-1
1,6,1,0,1,0,0,0,1,1,-1,-1,1,-1
_____________________________________________________
_____________________________________________________
97,9,0.0000,
1,6,1,0,1,0,0,0,1,1,-1,-1,1,-1
0,7,0,1,0,0,1,0,0,1,0,1,0,1
_____________________________________________________
_____________________________________________________
98,0,0.0000,
0,7,0,1,0,0,1,0,0,1,0,1,0,1
1,6,0,1,1,0,1,1,1,1,0,1,0,1
_____________________________________________________
_____________________________________________________
99,5,0.0000,
1,6,0,1,1,0,1,1,1,1,0,1,0,1
0,7,0,1,1,1,1,1,1,1,0,1,0,1
_____________________________________________________
_____________________________________________________
100,0,0.0000,
0,7,0,1,1,1,1,1,1,1,0,1,0,1
1,6,0,1,1,1,1,1,1,1,0,1,0,1
_____________________________________________________
_____________________________________________________
101,5,0.0000,
1,6,0,1,1,1,1,1,1,1,0,1,0,1
0,7,1,1,1,1,0,1,1,1,0,1,0,1
_____________________________________________________
_____________________________________________________
102,0,0.0000,
0,7,1,1,1,1,0,1,1,1,0,1,0,1
1,6,1,1,1,1,0,1,1,1,0,1,0,1
_____________________________________________________
_____________________________________________________
103,7,0.0000,
1,6,1,1,1,1,0,1,1,1,0,1,0,1
0,7,1,1,0,1,0,0,0,1,0,0,0,1
_____________________________________________________
_____________________________________________________
104,0,0.0000,
0,7,1,1,0,1,0,0,0,1,0,0,0,1
0,7,1,1,0,1,0,0,0,1,0,0,0,1
_____________________________________________________
_____________________________________________________
105,0,0.0000,
0,7,1,1,0,1,0,0,0,1,0,0,0,1
1,6,1,1,0,1,0,0,0,1,0,0,0,1
_____________________________________________________
_____________________________________________________
106,12,0.0000,
1,6,1,1,0,1,0,0,0,1,0,0,0,1
0,7,1,1,1,1,1,1,1,1,0,1,0,0
_____________________________________________________
_____________________________________________________
107,0,0.0000,
0,7,1,1,1,1,1,1,1,1,0,1,0,0
0,7,1,1,1,1,1,1,1,1,0,1,0,0
_____________________________________________________
_____________________________________________________
108,0,0.0000,
0,7,1,1,1,1,1,1,1,1,0,1,0,0
0,7,1,1,1,1,1,1,1,1,0,1,0,0
_____________________________________________________
_____________________________________________________
109,0,0.0000,
0,7,1,1,1,1,1,1,1,1,0,1,0,0
1,6,1,1,1,1,1,1,1,1,0,1,0,0
_____________________________________________________
_____________________________________________________
110,5,0.0000,
1,6,1,1,1,1,1,1,1,1,0,1,0,0
0,7,1,1,1,1,0,1,1,1,0,1,1,0
_____________________________________________________
_____________________________________________________
111,0,0.0000,
0,7,1,1,1,1,0,1,1,1,0,1,1,0
1,6,1,1,1,1,0,1,1,1,1,1,0,1
_____________________________________________________
_____________________________________________________
112,2,0.0000,
1,6,1,1,1,1,0,1,1,1,1,1,0,1
1,6,1,1,1,1,0,1,1,1,1,1,0,1
_____________________________________________________
_____________________________________________________
113,2,0.0000,
1,6,1,1,1,1,0,1,1,1,1,1,0,1
1,6,1,0,1,1,0,1,0,1,1,1,0,0
_____________________________________________________
_____________________________________________________
114,6,0.0000,
1,6,1,0,1,1,0,1,0,1,1,1,0,0
1,6,1,0,1,0,0,0,0,0,0,0,0,0
_____________________________________________________
_____________________________________________________
115,1,0.0000,
1,6,1,0,1,0,0,0,0,0,0,0,0,0
1,6,1,0,1,0,0,0,0,0,0,0,0,0
_____________________________________________________
_____________________________________________________
116,1,0.0000,
1,6,1,0,1,0,0,0,0,0,0,0,0,0
0,7,0,1,1,0,1,1,1,1,1,1,1,1
_____________________________________________________
_____________________________________________________
117,0,0.0000,
0,7,0,1,1,0,1,1,1,1,1,1,1,1
1,6,0,1,1,0,1,0,1,0,0,0,1,1
_____________________________________________________
_____________________________________________________
118,11,0.0000,
1,6,0,1,1,0,1,0,1,0,0,0,1,1
0,7,0,1,1,0,0,0,1,0,0,0,0,1
_____________________________________________________
_____________________________________________________
119,0,0.0000,
0,7,0,1,1,0,0,0,1,0,0,0,0,1
0,7,0,1,1,0,0,0,1,0,0,1,0,1
_____________________________________________________
_____________________________________________________
120,0,0.0000,
0,7,0,1,1,0,0,0,1,0,0,1,0,1
0,7,0,1,1,1,0,1,1,1,1,1,0,1
_____________________________________________________
_____________________________________________________
121,0,0.0000,
0,7,0,1,1,1,0,1,1,1,1,1,0,1
1,6,0,1,1,1,0,1,1,1,1,1,0,1
_____________________________________________________
_____________________________________________________
122,7,0.0000,
1,6,0,1,1,1,0,1,1,1,1,1,0,1
0,7,0,0,1,1,0,1,0,1,1,1,0,0
_____________________________________________________
_____________________________________________________
123,0,0.0000,
0,7,0,0,1,1,0,1,0,1,1,1,0,0
0,7,0,1,1,1,0,1,1,1,1,1,0,1
_____________________________________________________
_____________________________________________________
124,0,0.0000,
0,7,0,1,1,1,0,1,1,1,1,1,0,1
0,7,0,1,1,1,0,1,1,1,1,1,0,1
_____________________________________________________
_____________________________________________________
125,0,0.0000,
0,7,0,1,1,1,0,1,1,1,1,1,0,1
0,7,-1,1,0,1,1,0,1,1,-1,0,1,1
_____________________________________________________
_____________________________________________________
126,0,0.0000,
0,7,-1,1,0,1,1,0,1,1,-1,0,1,1
0,7,-1,1,0,1,1,0,1,1,-1,0,1,1
_____________________________________________________
_____________________________________________________
127,0,0.0000,
0,7,-1,1,0,1,1,0,1,1,-1,0,1,1
0,7,-1,1,0,1,1,0,1,1,-1,0,1,1
_____________________________________________________
_____________________________________________________
128,0,0.0000,
0,7,-1,1,0,1,1,0,1,1,-1,0,1,1
0,7,-1,1,0,1,1,0,1,1,-1,0,1,1
_____________________________________________________
_____________________________________________________
129,0,0.0000,
0,7,-1,1,0,1,1,0,1,1,-1,0,1,1
0,7,-1,1,1,1,1,0,1,1,-1,0,1,1
_____________________________________________________
_____________________________________________________
130,0,0.0000,
0,7,-1,1,1,1,1,0,1,1,-1,0,1,1
0,7,-1,1,1,1,1,0,1,1,-1,0,1,1
_____________________________________________________
_____________________________________________________
131,0,0.0000,
0,7,-1,1,1,1,1,0,1,1,-1,0,1,1
1,6,-1,1,1,1,1,0,1,1,-1,0,1,1
_____________________________________________________
_____________________________________________________
132,9,0.0000,
1,6,-1,1,1,1,1,0,1,1,-1,0,1,1
0,7,-1,1,1,1,1,0,1,1,-1,0,1,1
_____________________________________________________
_____________________________________________________
133,0,0.0000,
0,7,-1,1,1,1,1,0,1,1,-1,0,1,1
0,7,-1,1,1,1,1,0,1,1,-1,0,1,1
_____________________________________________________
_____________________________________________________
134,0,0.0000,
0,7,-1,1,1,1,1,0,1,1,-1,0,1,1
0,7,-1,1,1,1,1,0,1,1,-1,0,1,0
_____________________________________________________
_____________________________________________________
135,0,0.0000,
0,7,-1,1,1,1,1,0,1,1,-1,0,1,0
1,6,-1,1,1,1,1,0,1,1,-1,0,1,0
_____________________________________________________
_____________________________________________________
136,9,0.0000,
1,6,-1,1,1,1,1,0,1,1,-1,0,1,0
0,7,-1,1,1,1,1,0,1,1,-1,0,1,0
_____________________________________________________
_____________________________________________________
137,0,0.0000,
0,7,-1,1,1,1,1,0,1,1,-1,0,1,0
1,6,-1,1,1,1,1,0,1,1,-1,0,1,0
_____________________________________________________
_____________________________________________________
138,9,0.0000,
1,6,-1,1,1,1,1,0,1,1,-1,0,1,0
0,7,-1,1,1,1,1,0,1,1,-1,0,1,0
_____________________________________________________
_____________________________________________________
139,0,0.0000,
0,7,-1,1,1,1,1,0,1,1,-1,0,1,0
0,7,0,0,0,0,0,0,0,0,0,0,0,0
_____________________________________________________
