_____________________________________________________
0,11,0.0000,
4,3,1,1,1,1,1,1,1,1,1,1,1,1
3,3,1,1,1,1,1,1,1,1,1,1,0,1
_____________________________________________________
_____________________________________________________
1,5,0.0000,
3,3,1,1,1,1,1,1,1,1,1,1,0,1
2,3,1,1,1,1,0,1,1,1,1,1,0,1
_____________________________________________________
_____________________________________________________
2,2,0.0000,
2,3,1,1,1,1,0,1,1,1,1,1,0,1
1,3,1,0,1,1,0,0,1,0,1,1,0,1
_____________________________________________________
_____________________________________________________
3,7,0.0000,
1,3,1,0,1,1,0,0,1,0,1,1,0,1
0,7,1,0,1,1,0,0,0,0,1,1,0,1
_____________________________________________________
_____________________________________________________
4,0,0.0000,
0,7,1,0,1,1,0,0,0,0,1,1,0,1
1,6,1,0,1,1,0,0,0,0,1,1,0,1
_____________________________________________________
_____________________________________________________
5,12,0.0000,
1,6,1,0,1,1,0,0,0,0,1,1,0,1
0,7,1,0,1,1,0,0,1,0,1,1,1,0
_____________________________________________________
_____________________________________________________
6,0,0.0000,
0,7,1,0,1,1,0,0,1,0,1,1,1,0
0,7,1,0,1,1,0,0,1,0,1,1,1,0
_____________________________________________________
_____________________________________________________
7,0,0.0000,
0,7,1,0,1,1,0,0,1,0,1,1,1,0
1,6,1,0,1,1,0,0,1,0,1,1,1,0
_____________________________________________________
_____________________________________________________
8,11,0.0000,
1,6,1,0,1,1,0,0,1,0,1,1,1,0
1,6,1,0,1,1,0,0,1,0,1,1,0,0
_____________________________________________________
_____________________________________________________
9,7,0.0000,
1,6,1,0,1,1,0,0,1,0,1,1,0,0
0,7,1,0,1,1,0,0,0,0,1,1,0,1
_____________________________________________________
_____________________________________________________
10,0,0.0000,
0,7,1,0,1,1,0,0,0,0,1,1,0,1
0,7,1,0,1,1,0,0,1,0,1,1,0,1
_____________________________________________________
_____________________________________________________
11,0,0.0000,
0,7,1,0,1,1,0,0,1,0,1,1,0,1
0,7,1,0,1,1,0,0,1,0,1,1,0,1
_____________________________________________________
_____________________________________________________
12,0,0.0000,
0,7,1,0,1,1,0,0,1,0,1,1,0,1
0,7,1,0,1,1,0,0,1,0,1,1,0,1
_____________________________________________________
_____________________________________________________
13,0,0.0000,
0,7,1,0,1,1,0,0,1,0,1,1,0,1
0,7,1,1,0,1,0,0,1,1,1,1,0,0
_____________________________________________________
_____________________________________________________
14,0,0.0000,
0,7,1,1,0,1,0,0,1,1,1,1,0,0
1,6,1,1,0,1,0,0,1,1,1,1,0,0
_____________________________________________________
_____________________________________________________
15,7,0.0000,
1,6,1,1,0,1,0,0,1,1,1,1,0,0
1,6,1,1,0,1,0,0,0,0,1,1,0,0
_____________________________________________________
_____________________________________________________
16,9,0.0000,
1,6,1,1,0,1,0,0,0,0,1,1,0,0
0,7,1,1,1,1,0,1,0,0,0,1,1,1
_____________________________________________________
_____________________________________________________
17,0,0.0000,
0,7,1,1,1,1,0,1,0,0,0,1,1,1
0,7,1,1,1,1,0,1,0,0,0,1,1,1
_____________________________________________________
_____________________________________________________
18,0,0.0000,
0,7,1,1,1,1,0,1,0,0,0,1,1,1
0,7,1,1,1,1,0,1,0,0,0,1,1,1
_____________________________________________________
_____________________________________________________
19,0,0.0000,
0,7,1,1,1,1,0,1,0,0,0,1,1,1
0,7,1,1,1,1,0,1,1,1,0,1,1,1
_____________________________________________________
_____________________________________________________
20,0,0.0000,
0,7,1,1,1,1,0,1,1,1,0,1,1,1
0,7,1,1,1,1,0,1,1,1,0,1,1,1
_____________________________________________________
_____________________________________________________
21,0,0.0000,
0,7,1,1,1,1,0,1,1,1,0,1,1,1
1,6,1,1,1,1,0,1,1,1,0,1,1,1
_____________________________________________________
_____________________________________________________
22,11,0.0000,
1,6,1,1,1,1,0,1,1,1,0,1,1,1
0,7,1,1,0,1,0,0,1,1,0,1,0,0
_____________________________________________________
_____________________________________________________
23,0,0.0000,
0,7,1,1,0,1,0,0,1,1,0,1,0,0
0,7,1,1,0,1,0,0,1,1,0,1,0,0
_____________________________________________________
_____________________________________________________
24,0,0.0000,
0,7,1,1,0,1,0,0,1,1,0,1,0,0
1,6,1,1,1,1,0,1,1,1,0,1,1,1
_____________________________________________________
_____________________________________________________
25,11,0.0000,
1,6,1,1,1,1,0,1,1,1,0,1,1,1
0,7,1,1,0,1,0,0,1,1,0,1,0,0
_____________________________________________________
_____________________________________________________
26,0,0.0000,
0,7,1,1,0,1,0,0,1,1,0,1,0,0
0,7,1,1,0,1,0,0,1,1,0,1,0,0
_____________________________________________________
_____________________________________________________
27,0,0.0000,
0,7,1,1,0,1,0,0,1,1,0,1,0,0
1,6,1,1,1,0,1,0,1,0,1,0,0,0
_____________________________________________________
_____________________________________________________
28,5,0.0000,
1,6,1,1,1,0,1,0,1,0,1,0,0,0
1,6,1,1,1,0,1,0,1,0,1,0,1,0
_____________________________________________________
_____________________________________________________
29,5,0.0000,
1,6,1,1,1,0,1,0,1,0,1,0,1,0
0,7,1,1,1,0,0,1,1,0,1,0,1,0
_____________________________________________________
_____________________________________________________
30,0,0.0000,
0,7,1,1,1,0,0,1,1,0,1,0,1,0
0,7,1,1,1,0,0,1,1,0,1,0,1,0
_____________________________________________________
_____________________________________________________
31,0,0.0000,
0,7,1,1,1,0,0,1,1,0,1,0,1,0
0,7,1,1,1,0,0,1,1,0,1,0,1,0
_____________________________________________________
_____________________________________________________
32,0,0.0000,
0,7,1,1,1,0,0,1,1,0,1,0,1,0
0,7,1,1,1,0,0,1,1,0,1,0,1,0
_____________________________________________________
_____________________________________________________
33,0,0.0000,
0,7,1,1,1,0,0,1,1,0,1,0,1,0
1,6,1,1,1,0,1,1,1,0,1,0,1,0
_____________________________________________________
_____________________________________________________
34,5,0.0000,
1,6,1,1,1,0,1,1,1,0,1,0,1,0
1,6,1,1,1,0,0,1,1,0,1,0,1,0
_____________________________________________________
_____________________________________________________
35,11,0.0000,
1,6,1,1,1,0,0,1,1,0,1,0,1,0
0,7,1,1,1,0,0,0,1,0,1,0,0,0
_____________________________________________________
_____________________________________________________
36,0,0.0000,
0,7,1,1,1,0,0,0,1,0,1,0,0,0
1,6,1,1,1,0,0,0,1,0,1,0,0,0
_____________________________________________________
_____________________________________________________
37,7,0.0000,
1,6,1,1,1,0,0,0,1,0,1,0,0,0
0,7,1,0,0,0,0,0,0,0,1,0,0,0
_____________________________________________________
_____________________________________________________
38,0,0.0000,
0,7,1,0,0,0,0,0,0,0,1,0,0,0
1,6,1,0,0,0,1,0,0,0,1,0,0,0
_____________________________________________________
_____________________________________________________
39,5,0.0000,
1,6,1,0,0,0,1,0,0,0,1,0,0,0
1,6,1,0,0,0,0,0,0,0,1,0,0,0
_____________________________________________________
_____________________________________________________
40,9,0.0000,
1,6,1,0,0,0,0,0,0,0,1,0,0,0
1,6,1,0,0,0,0,0,0,0,0,0,0,0
_____________________________________________________
_____________________________________________________
41,1,0.0000,
1,6,1,0,0,0,0,0,0,0,0,0,0,0
1,6,0,0,0,0,0,1,1,0,0,0,1,0
_____________________________________________________
_____________________________________________________
42,11,0.0000,
1,6,0,0,0,0,0,1,1,0,0,0,1,0
1,6,0,0,0,0,0,1,1,1,0,1,0,0
_____________________________________________________
_____________________________________________________
43,7,0.0000,
1,6,0,0,0,0,0,1,1,1,0,1,0,0
1,6,1,0,0,0,0,1,1,1,0,1,0,0
_____________________________________________________
_____________________________________________________
44,7,0.0000,
1,6,1,0,0,0,0,1,1,1,0,1,0,0
0,7,1,0,0,0,0,0,0,1,0,1,0,0
_____________________________________________________
_____________________________________________________
45,0,0.0000,
0,7,1,0,0,0,0,0,0,1,0,1,0,0
1,6,1,0,0,1,0,0,0,1,0,1,1,0
_____________________________________________________
_____________________________________________________
46,11,0.0000,
1,6,1,0,0,1,0,0,0,1,0,1,1,0
0,7,1,0,0,1,0,0,0,1,0,1,0,0
_____________________________________________________
_____________________________________________________
47,0,0.0000,
0,7,1,0,0,1,0,0,0,1,0,1,0,0
1,6,1,0,0,1,0,0,0,1,0,1,0,0
_____________________________________________________
_____________________________________________________
48,10,0.0000,
1,6,1,0,0,1,0,0,0,1,0,1,0,0
0,7,1,0,0,1,0,0,0,1,0,0,0,0
_____________________________________________________
_____________________________________________________
49,0,0.0000,
0,7,1,0,0,1,0,0,0,1,0,0,0,0
1,6,1,0,0,1,0,0,0,1,0,0,0,0
_____________________________________________________
_____________________________________________________
50,8,0.0000,
1,6,1,0,0,1,0,0,0,1,0,0,0,0
1,6,0,0,0,1,0,0,0,0,0,0,0,0
_____________________________________________________
_____________________________________________________
51,0,0.0000,
1,6,0,0,0,1,0,0,0,0,0,0,0,0
1,5,0,0,1,1,0,0,1,0,1,0,0,0
_____________________________________________________
_____________________________________________________
52,7,0.0000,
1,5,0,0,1,1,0,0,1,0,1,0,0,0
0,7,0,0,1,1,0,0,0,0,1,1,0,0
_____________________________________________________
_____________________________________________________
53,0,0.0000,
0,7,0,0,1,1,0,0,0,0,1,1,0,0
0,7,0,0,1,1,0,0,0,0,1,1,0,0
_____________________________________________________
_____________________________________________________
54,0,0.0000,
0,7,0,0,1,1,0,0,0,0,1,1,0,0
0,7,0,0,1,1,0,0,0,0,1,1,0,0
_____________________________________________________
_____________________________________________________
55,0,0.0000,
0,7,0,0,1,1,0,0,0,0,1,1,0,0
1,6,1,0,0,0,0,1,1,1,1,1,0,1
_____________________________________________________
_____________________________________________________
56,7,0.0000,
1,6,1,0,0,0,0,1,1,1,1,1,0,1
0,7,0,0,0,0,0,0,0,1,1,1,0,0
_____________________________________________________
_____________________________________________________
57,0,0.0000,
0,7,0,0,0,0,0,0,0,1,1,1,0,0
1,6,1,0,0,0,0,1,1,1,1,1,0,1
_____________________________________________________
_____________________________________________________
58,7,0.0000,
1,6,1,0,0,0,0,1,1,1,1,1,0,1
0,7,0,0,0,0,0,0,0,1,1,1,0,0
_____________________________________________________
_____________________________________________________
59,0,0.0000,
0,7,0,0,0,0,0,0,0,1,1,1,0,0
1,6,0,0,0,0,0,1,1,1,1,1,0,1
_____________________________________________________
_____________________________________________________
60,7,0.0000,
1,6,0,0,0,0,0,1,1,1,1,1,0,1
1,6,0,0,0,0,0,0,0,1,1,1,0,1
_____________________________________________________
_____________________________________________________
61,12,0.0000,
1,6,0,0,0,0,0,0,0,1,1,1,0,1
1,6,0,0,0,0,0,0,0,1,1,1,0,0
_____________________________________________________
_____________________________________________________
62,9,0.0000,
1,6,0,0,0,0,0,0,0,1,1,1,0,0
0,7,0,0,0,0,0,0,0,1,0,1,0,0
_____________________________________________________
_____________________________________________________
63,0,0.0000,
0,7,0,0,0,0,0,0,0,1,0,1,0,0
0,7,0,0,0,0,0,1,1,1,0,1,0,1
_____________________________________________________
_____________________________________________________
64,0,0.0000,
0,7,0,0,0,0,0,1,1,1,0,1,0,1
1,6,1,0,0,0,0,1,1,1,0,1,0,1
_____________________________________________________
_____________________________________________________
65,7,0.0000,
1,6,1,0,0,0,0,1,1,1,0,1,0,1
0,7,0,0,0,0,0,0,1,1,0,1,0,1
_____________________________________________________
_____________________________________________________
66,0,0.0000,
0,7,0,0,0,0,0,0,1,1,0,1,0,1
1,6,1,0,0,0,0,1,1,1,0,1,0,1
_____________________________________________________
_____________________________________________________
67,7,0.0000,
1,6,1,0,0,0,0,1,1,1,0,1,0,1
1,6,0,0,0,0,0,0,0,1,1,1,1,0
_____________________________________________________
_____________________________________________________
68,11,0.0000,
1,6,0,0,0,0,0,0,0,1,1,1,1,0
0,7,1,0,0,0,0,1,1,1,1,1,0,1
_____________________________________________________
_____________________________________________________
69,0,0.0000,
0,7,1,0,0,0,0,1,1,1,1,1,0,1
0,7,0,1,1,1,1,1,0,0,0,1,0,1
_____________________________________________________
_____________________________________________________
70,0,0.0000,
0,7,0,1,1,1,1,1,0,0,0,1,0,1
1,6,0,1,1,1,1,1,0,0,0,1,0,1
_____________________________________________________
_____________________________________________________
71,5,0.0000,
1,6,0,1,1,1,1,1,0,0,0,1,0,1
0,7,0,0,1,1,1,1,0,0,0,1,0,1
_____________________________________________________
_____________________________________________________
72,0,0.0000,
0,7,0,0,1,1,1,1,0,0,0,1,0,1
0,7,0,1,1,1,1,1,0,0,0,1,0,1
_____________________________________________________
_____________________________________________________
73,0,0.0000,
0,7,0,1,1,1,1,1,0,0,0,1,0,1
1,6,0,1,1,1,1,1,0,0,0,1,1,1
_____________________________________________________
_____________________________________________________
74,11,0.0000,
1,6,0,1,1,1,1,1,0,0,0,1,1,1
1,6,0,1,1,1,1,1,0,0,1,1,0,1
_____________________________________________________
_____________________________________________________
75,5,0.0000,
1,6,0,1,1,1,1,1,0,0,1,1,0,1
0,7,0,1,1,1,1,1,0,0,1,1,0,1
_____________________________________________________
_____________________________________________________
76,0,0.0000,
0,7,0,1,1,1,1,1,0,0,1,1,0,1
0,7,0,1,1,1,1,1,0,0,1,1,0,1
_____________________________________________________
_____________________________________________________
77,0,0.0000,
0,7,0,1,1,1,1,1,0,0,1,1,0,1
1,6,0,1,1,1,1,1,0,0,1,1,0,1
_____________________________________________________
_____________________________________________________
78,5,0.0000,
1,6,0,1,1,1,1,1,0,0,1,1,0,1
0,7,0,1,1,1,1,1,0,0,1,1,0,1
_____________________________________________________
_____________________________________________________
79,0,0.0000,
0,7,0,1,1,1,1,1,0,0,1,1,0,1
1,6,0,1,1,1,1,1,0,0,1,1,0,1
_____________________________________________________
_____________________________________________________
80,5,0.0000,
1,6,0,1,1,1,1,1,0,0,1,1,0,1
0,7,0,1,1,1,1,1,0,0,1,1,0,1
_____________________________________________________
_____________________________________________________
81,0,0.0000,
0,7,0,1,1,1,1,1,0,0,1,1,0,1
0,7,0,1,1,1,1,1,0,0,1,1,0,1
_____________________________________________________
_____________________________________________________
82,0,0.0000,
0,7,0,1,1,1,1,1,0,0,1,1,0,1
1,6,1,1,1,1,1,1,0,1,1,1,0,1
_____________________________________________________
_____________________________________________________
83,5,0.0000,
1,6,1,1,1,1,1,1,0,1,1,1,0,1
0,7,0,1,0,1,0,0,1,1,0,0,1,0
_____________________________________________________
_____________________________________________________
84,0,0.0000,
0,7,0,1,0,1,0,0,1,1,0,0,1,0
1,6,0,1,0,1,0,1,1,1,0,0,1,1
_____________________________________________________
_____________________________________________________
85,11,0.0000,
1,6,0,1,0,1,0,1,1,1,0,0,1,1
0,7,0,1,0,1,0,1,1,1,0,1,0,1
_____________________________________________________
_____________________________________________________
86,0,0.0000,
0,7,0,1,0,1,0,1,1,1,0,1,0,1
0,7,0,1,1,1,0,1,1,1,0,1,0,1
_____________________________________________________
_____________________________________________________
87,0,0.0000,
0,7,0,1,1,1,0,1,1,1,0,1,0,1
0,7,0,1,1,1,0,1,1,1,0,1,0,1
_____________________________________________________
_____________________________________________________
88,0,0.0000,
0,7,0,1,1,1,0,1,1,1,0,1,0,1
0,7,0,1,1,1,0,1,1,1,0,1,0,1
_____________________________________________________
_____________________________________________________
89,0,0.0000,
0,7,0,1,1,1,0,1,1,1,0,1,0,1
0,7,0,1,1,1,0,1,1,1,0,1,0,1
_____________________________________________________
_____________________________________________________
90,0,0.0000,
0,7,0,1,1,1,0,1,1,1,0,1,0,1
1,6,0,1,1,1,0,1,1,1,0,1,0,1
_____________________________________________________
_____________________________________________________
91,7,0.0000,
1,6,0,1,1,1,0,1,1,1,0,1,0,1
1,6,0,0,1,0,0,1,0,0,0,1,0,1
_____________________________________________________
_____________________________________________________
92,6,0.0000,
1,6,0,0,1,0,0,1,0,0,0,1,0,1
1,6,0,0,1,0,0,1,0,0,0,1,0,1
_____________________________________________________
_____________________________________________________
93,6,0.0000,
1,6,0,0,1,0,0,1,0,0,0,1,0,1
1,6,1,0,1,0,0,0,0,0,0,1,0,0
_____________________________________________________
_____________________________________________________
94,1,0.0000,
1,6,1,0,1,0,0,0,0,0,0,1,0,0
0,7,0,0,1,0,0,1,1,1,0,1,0,1
_____________________________________________________
_____________________________________________________
95,0,0.0000,
0,7,0,0,1,0,0,1,1,1,0,1,0,1
0,7,0,1,1,1,0,1,1,1,0,1,0,1
_____________________________________________________
_____________________________________________________
96,0,0.0000,
0,7,0,1,1,1,0,1,1,1,0,1,0,1
0,7,0,1,1,1,0,1,1,1,0,1,0,1
_____________________________________________________
_____________________________________________________
97,0,0.0000,
0,7,0,1,1,1,0,1,1,1,0,1,0,1
1,6,1,0,0,0,0,0,0,0,1,1,1,0
_____________________________________________________
_____________________________________________________
98,11,0.0000,
1,6,1,0,0,0,0,0,0,0,1,1,1,0
0,7,1,0,0,0,0,0,0,0,1,1,0,0
_____________________________________________________
_____________________________________________________
99,0,0.0000,
0,7,1,0,0,0,0,0,0,0,1,1,0,0
0,7,1,0,0,1,0,0,0,0,1,1,0,0
_____________________________________________________
_____________________________________________________
100,0,0.0000,
0,7,1,0,0,1,0,0,0,0,1,1,0,0
0,7,1,0,0,1,0,0,0,0,1,1,0,0
_____________________________________________________
_____________________________________________________
101,0,0.0000,
0,7,1,0,0,1,0,0,0,0,1,1,0,0
0,7,1,0,0,1,0,0,1,1,1,1,0,1
_____________________________________________________
_____________________________________________________
102,0,0.0000,
0,7,1,0,0,1,0,0,1,1,1,1,0,1
1,6,1,0,1,1,1,0,1,1,1,1,0,1
_____________________________________________________
_____________________________________________________
103,5,0.0000,
1,6,1,0,1,1,1,0,1,1,1,1,0,1
0,7,1,0,0,1,1,0,1,1,1,1,0,1
_____________________________________________________
_____________________________________________________
104,0,0.0000,
0,7,1,0,0,1,1,0,1,1,1,1,0,1
1,6,1,0,1,1,1,0,1,1,1,1,0,1
_____________________________________________________
_____________________________________________________
105,5,0.0000,
1,6,1,0,1,1,1,0,1,1,1,1,0,1
0,7,1,0,0,1,1,0,1,1,1,1,0,1
_____________________________________________________
_____________________________________________________
106,0,0.0000,
0,7,1,0,0,1,1,0,1,1,1,1,0,1
0,7,1,1,1,1,1,1,1,1,1,1,0,1
_____________________________________________________
_____________________________________________________
107,0,0.0000,
0,7,1,1,1,1,1,1,1,1,1,1,0,1
1,6,1,1,1,1,1,1,1,1,1,1,0,1
_____________________________________________________
_____________________________________________________
108,2,0.0000,
1,6,1,1,1,1,1,1,1,1,1,1,0,1
0,7,1,0,1,1,1,0,1,1,1,1,0,1
_____________________________________________________
_____________________________________________________
109,0,0.0000,
0,7,1,0,1,1,1,0,1,1,1,1,0,1
1,6,1,0,1,1,1,0,1,1,1,1,0,1
_____________________________________________________
_____________________________________________________
110,5,0.0000,
1,6,1,0,1,1,1,0,1,1,1,1,0,1
0,7,1,0,0,1,1,0,1,1,1,1,0,1
_____________________________________________________
_____________________________________________________
111,0,0.0000,
0,7,1,0,0,1,1,0,1,1,1,1,0,1
1,6,1,0,1,1,0,1,1,1,1,1,0,0
_____________________________________________________
_____________________________________________________
112,7,0.0000,
1,6,1,0,1,1,0,1,1,1,1,1,0,0
1,6,0,0,1,1,0,1,0,1,1,1,0,0
_____________________________________________________
_____________________________________________________
113,6,0.0000,
1,6,0,0,1,1,0,1,0,1,1,1,0,0
1,6,1,0,1,1,0,1,1,1,1,1,0,0
_____________________________________________________
_____________________________________________________
114,7,0.0000,
1,6,1,0,1,1,0,1,1,1,1,1,0,0
1,6,0,0,1,1,0,1,0,1,1,1,0,0
_____________________________________________________
_____________________________________________________
115,6,0.0000,
1,6,0,0,1,1,0,1,0,1,1,1,0,0
1,6,0,0,0,1,0,0,0,1,1,1,0,0
_____________________________________________________
_____________________________________________________
116,9,0.0000,
1,6,0,0,0,1,0,0,0,1,1,1,0,0
0,7,0,0,0,1,0,0,0,1,0,1,0,0
_____________________________________________________
_____________________________________________________
117,0,0.0000,
0,7,0,0,0,1,0,0,0,1,0,1,0,0
1,6,0,0,0,1,0,0,0,1,0,1,0,0
_____________________________________________________
_____________________________________________________
118,10,0.0000,
1,6,0,0,0,1,0,0,0,1,0,1,0,0
1,6,0,0,0,1,0,0,0,1,0,0,0,0
_____________________________________________________
_____________________________________________________
119,8,0.0000,
1,6,0,0,0,1,0,0,0,1,0,0,0,0
0,7,0,0,0,1,0,0,0,0,0,0,0,0
_____________________________________________________
_____________________________________________________
120,0,0.0000,
0,7,0,0,0,1,0,0,0,0,0,0,0,0
0,7,0,0,0,1,0,0,0,1,1,0,0,0
_____________________________________________________
_____________________________________________________
121,0,0.0000,
0,7,0,0,0,1,0,0,0,1,1,0,0,0
1,6,0,0,1,1,0,1,0,1,1,0,0,0
_____________________________________________________
_____________________________________________________
122,6,0.0000,
1,6,0,0,1,1,0,1,0,1,1,0,0,0
1,6,0,0,0,1,0,0,0,1,1,0,0,0
_____________________________________________________
_____________________________________________________
123,9,0.0000,
1,6,0,0,0,1,0,0,0,1,1,0,0,0
0,7,0,0,0,1,0,0,0,1,0,0,0,0
_____________________________________________________
_____________________________________________________
124,0,0.0000,
0,7,0,0,0,1,0,0,0,1,0,0,0,0
0,7,0,0,0,1,0,1,0,1,0,0,0,0
_____________________________________________________
_____________________________________________________
125,0,0.0000,
0,7,0,0,0,1,0,1,0,1,0,0,0,0
1,6,1,1,0,1,0,1,0,0,0,0,0,1
_____________________________________________________
_____________________________________________________
126,6,0.0000,
1,6,1,1,0,1,0,1,0,0,0,0,0,1
1,6,1,1,1,1,0,1,0,0,0,0,0,1
_____________________________________________________
_____________________________________________________
127,6,0.0000,
1,6,1,1,1,1,0,1,0,0,0,0,0,1
1,6,1,1,1,1,0,0,0,0,0,0,0,0
_____________________________________________________
_____________________________________________________
128,2,0.0000,
1,6,1,1,1,1,0,0,0,0,0,0,0,0
1,6,0,0,1,1,0,0,0,0,0,0,0,0
_____________________________________________________
_____________________________________________________
129,3,0.0000,
1,6,0,0,1,1,0,0,0,0,0,0,0,0
0,7,0,0,0,1,0,0,1,0,0,0,0,0
_____________________________________________________
_____________________________________________________
130,0,0.0000,
0,7,0,0,0,1,0,0,1,0,0,0,0,0
1,6,0,1,0,1,0,1,1,0,0,0,0,1
_____________________________________________________
_____________________________________________________
131,7,0.0000,
1,6,0,1,0,1,0,1,1,0,0,0,0,1
1,6,1,1,1,1,0,1,0,0,0,0,0,1
_____________________________________________________
_____________________________________________________
132,6,0.0000,
1,6,1,1,1,1,0,1,0,0,0,0,0,1
0,7,1,1,1,1,0,0,0,0,0,0,0,0
_____________________________________________________
_____________________________________________________
133,0,0.0000,
0,7,1,1,1,1,0,0,0,0,0,0,0,0
0,7,1,1,1,1,0,0,0,0,0,0,0,0
_____________________________________________________
_____________________________________________________
134,0,0.0000,
0,7,1,1,1,1,0,0,0,0,0,0,0,0
1,6,1,1,1,1,0,1,0,0,0,0,0,1
_____________________________________________________
_____________________________________________________
135,6,0.0000,
1,6,1,1,1,1,0,1,0,0,0,0,0,1
1,6,1,1,1,1,0,0,0,0,0,0,0,0
_____________________________________________________
_____________________________________________________
136,2,0.0000,
1,6,1,1,1,1,0,0,0,0,0,0,0,0
0,7,1,1,1,1,0,0,0,0,0,0,0,1
_____________________________________________________
_____________________________________________________
137,0,0.0000,
0,7,1,1,1,1,0,0,0,0,0,0,0,1
0,7,1,1,1,1,0,1,0,0,0,0,0,1
_____________________________________________________
_____________________________________________________
138,0,0.0000,
0,7,1,1,1,1,0,1,0,0,0,0,0,1
0,7,1,1,1,1,0,1,0,0,0,0,0,1
_____________________________________________________
_____________________________________________________
139,0,0.0000,
0,7,1,1,1,1,0,1,0,0,0,0,0,1
0,7,0,0,0,0,0,0,0,0,0,0,0,0
_____________________________________________________
