_____________________________________________________
0,11,0.0000,
2,5,1,1,1,1,1,1,1,1,1,1,1,1
1,5,1,1,1,1,1,1,1,1,1,1,0,1
_____________________________________________________
_____________________________________________________
1,2,0.0000,
1,5,1,1,1,1,1,1,1,1,1,1,0,1
0,7,1,0,1,1,1,1,1,1,1,0,0,0
_____________________________________________________
_____________________________________________________
2,0,0.0000,
0,7,1,0,1,1,1,1,1,1,1,0,0,0
0,7,1,0,1,1,1,1,1,1,1,0,0,0
_____________________________________________________
_____________________________________________________
3,0,0.0000,
0,7,1,0,1,1,1,1,1,1,1,0,0,0
1,6,1,0,1,1,1,1,1,1,1,0,0,0
_____________________________________________________
_____________________________________________________
4,5,0.0000,
1,6,1,0,1,1,1,1,1,1,1,0,0,0
1,6,1,0,1,0,0,1,1,1,1,0,0,0
_____________________________________________________
_____________________________________________________
5,7,0.0000,
1,6,1,0,1,0,0,1,1,1,1,0,0,0
0,7,1,0,1,0,0,0,0,0,1,0,0,0
_____________________________________________________
_____________________________________________________
6,0,0.0000,
0,7,1,0,1,0,0,0,0,0,1,0,0,0
0,7,1,0,1,0,0,0,0,0,1,0,0,0
_____________________________________________________
_____________________________________________________
7,0,0.0000,
0,7,1,0,1,0,0,0,0,0,1,0,0,0
1,6,1,0,1,0,0,0,0,0,1,0,1,0
_____________________________________________________
_____________________________________________________
8,11,0.0000,
1,6,1,0,1,0,0,0,0,0,1,0,1,0
1,6,1,0,1,0,0,0,0,0,1,0,0,0
_____________________________________________________
_____________________________________________________
9,9,0.0000,
1,6,1,0,1,0,0,0,0,0,1,0,0,0
0,7,1,0,1,0,0,0,0,0,0,0,0,0
_____________________________________________________
_____________________________________________________
10,0,0.0000,
0,7,1,0,1,0,0,0,0,0,0,0,0,0
1,6,1,0,1,1,1,0,0,0,0,0,0,0
_____________________________________________________
_____________________________________________________
11,5,0.0000,
1,6,1,0,1,1,1,0,0,0,0,0,0,0
1,6,1,0,1,0,0,0,0,0,0,0,0,0
_____________________________________________________
_____________________________________________________
12,1,0.0000,
1,6,1,0,1,0,0,0,0,0,0,0,0,0
0,7,0,0,1,0,0,0,0,0,1,0,0,0
_____________________________________________________
_____________________________________________________
13,0,0.0000,
0,7,0,0,1,0,0,0,0,0,1,0,0,0
1,6,0,1,1,0,1,1,0,1,0,0,1,1
_____________________________________________________
_____________________________________________________
14,11,0.0000,
1,6,0,1,1,0,1,1,0,1,0,0,1,1
1,6,0,1,1,0,1,1,0,0,0,0,0,1
_____________________________________________________
_____________________________________________________
15,5,0.0000,
1,6,0,1,1,0,1,1,0,0,0,0,0,1
1,6,0,1,1,0,0,1,0,0,0,0,0,1
_____________________________________________________
_____________________________________________________
16,2,0.0000,
1,6,0,1,1,0,0,1,0,0,0,0,0,1
1,6,0,0,1,0,0,1,0,0,0,0,0,1
_____________________________________________________
_____________________________________________________
17,6,0.0000,
1,6,0,0,1,0,0,1,0,0,0,0,0,1
0,7,0,0,1,0,0,0,1,1,1,0,1,1
_____________________________________________________
_____________________________________________________
18,0,0.0000,
0,7,0,0,1,0,0,0,1,1,1,0,1,1
1,6,0,0,1,1,0,0,1,1,1,0,1,1
_____________________________________________________
_____________________________________________________
19,11,0.0000,
1,6,0,0,1,1,0,0,1,1,1,0,1,1
1,6,0,0,1,1,1,0,0,0,1,0,0,1
_____________________________________________________
_____________________________________________________
20,5,0.0000,
1,6,0,0,1,1,1,0,0,0,1,0,0,1
1,6,0,0,1,1,0,1,0,0,1,0,1,1
_____________________________________________________
_____________________________________________________
21,11,0.0000,
1,6,0,0,1,1,0,1,0,0,1,0,1,1
1,6,0,0,1,1,0,1,0,0,1,0,0,1
_____________________________________________________
_____________________________________________________
22,6,0.0000,
1,6,0,0,1,1,0,1,0,0,1,0,0,1
1,6,0,1,1,1,0,0,0,0,1,0,0,1
_____________________________________________________
_____________________________________________________
23,12,0.0000,
1,6,0,1,1,1,0,0,0,0,1,0,0,1
0,7,0,1,1,1,0,0,0,1,1,0,1,0
_____________________________________________________
_____________________________________________________
24,0,0.0000,
0,7,0,1,1,1,0,0,0,1,1,0,1,0
0,7,0,1,1,1,0,0,1,1,1,0,1,0
_____________________________________________________
_____________________________________________________
25,0,0.0000,
0,7,0,1,1,1,0,0,1,1,1,0,1,0
1,6,0,1,1,1,0,0,1,1,1,0,1,1
_____________________________________________________
_____________________________________________________
26,11,0.0000,
1,6,0,1,1,1,0,0,1,1,1,0,1,1
1,6,0,1,1,1,0,0,0,0,1,0,0,1
_____________________________________________________
_____________________________________________________
27,2,0.0000,
1,6,0,1,1,1,0,0,0,0,1,0,0,1
1,6,0,1,0,0,1,0,0,0,1,0,0,1
_____________________________________________________
_____________________________________________________
28,5,0.0000,
1,6,0,1,0,0,1,0,0,0,1,0,0,1
0,7,1,1,0,0,1,0,0,0,1,1,0,1
_____________________________________________________
_____________________________________________________
29,0,0.0000,
0,7,1,1,0,0,1,0,0,0,1,1,0,1
1,6,1,1,0,0,1,0,0,0,1,1,0,1
_____________________________________________________
_____________________________________________________
30,5,0.0000,
1,6,1,1,0,0,1,0,0,0,1,1,0,1
0,7,1,1,0,0,0,0,0,0,1,1,0,1
_____________________________________________________
_____________________________________________________
31,0,0.0000,
0,7,1,1,0,0,0,0,0,0,1,1,0,1
1,6,1,1,0,0,1,0,0,0,1,1,0,1
_____________________________________________________
_____________________________________________________
32,5,0.0000,
1,6,1,1,0,0,1,0,0,0,1,1,0,1
1,6,1,1,0,0,0,0,0,0,1,1,0,0
_____________________________________________________
_____________________________________________________
33,9,0.0000,
1,6,1,1,0,0,0,0,0,0,1,1,0,0
0,7,1,1,0,0,1,0,0,0,0,1,0,1
_____________________________________________________
_____________________________________________________
34,0,0.0000,
0,7,1,1,0,0,1,0,0,0,0,1,0,1
0,7,1,1,0,0,1,0,0,0,0,1,0,1
_____________________________________________________
_____________________________________________________
35,0,0.0000,
0,7,1,1,0,0,1,0,0,0,0,1,0,1
1,6,1,1,0,0,1,1,0,0,0,1,0,1
_____________________________________________________
_____________________________________________________
36,5,0.0000,
1,6,1,1,0,0,1,1,0,0,0,1,0,1
0,7,1,1,0,0,0,1,0,0,0,1,0,0
_____________________________________________________
_____________________________________________________
37,0,0.0000,
0,7,1,1,0,0,0,1,0,0,0,1,0,0
1,6,1,1,0,0,0,1,0,0,1,1,0,1
_____________________________________________________
_____________________________________________________
38,2,0.0000,
1,6,1,1,0,0,0,1,0,0,1,1,0,1
0,7,0,0,0,0,1,1,0,0,1,1,0,1
_____________________________________________________
_____________________________________________________
39,0,0.0000,
0,7,0,0,0,0,1,1,0,0,1,1,0,1
0,7,0,0,0,0,1,1,0,0,1,1,0,1
_____________________________________________________
_____________________________________________________
40,0,0.0000,
0,7,0,0,0,0,1,1,0,0,1,1,0,1
0,7,0,0,0,0,1,1,0,0,1,1,0,1
_____________________________________________________
_____________________________________________________
41,0,0.0000,
0,7,0,0,0,0,1,1,0,0,1,1,0,1
0,7,1,0,1,0,0,1,0,0,1,0,1,1
_____________________________________________________
_____________________________________________________
42,0,0.0000,
0,7,1,0,1,0,0,1,0,0,1,0,1,1
1,6,1,0,1,0,0,1,0,0,1,0,1,1
_____________________________________________________
_____________________________________________________
43,11,0.0000,
1,6,1,0,1,0,0,1,0,0,1,0,1,1
1,6,1,0,1,0,0,1,0,0,1,0,0,1
_____________________________________________________
_____________________________________________________
44,6,0.0000,
1,6,1,0,1,0,0,1,0,0,1,0,0,1
0,7,1,0,1,0,0,0,0,0,1,0,0,1
_____________________________________________________
_____________________________________________________
45,0,0.0000,
0,7,1,0,1,0,0,0,0,0,1,0,0,1
0,7,1,0,1,0,0,0,0,0,1,0,1,1
_____________________________________________________
_____________________________________________________
46,0,0.0000,
0,7,1,0,1,0,0,0,0,0,1,0,1,1
1,6,1,0,1,0,0,1,0,0,1,0,1,1
_____________________________________________________
_____________________________________________________
47,11,0.0000,
1,6,1,0,1,0,0,1,0,0,1,0,1,1
0,7,1,0,1,0,0,1,0,0,1,1,0,1
_____________________________________________________
_____________________________________________________
48,0,0.0000,
0,7,1,0,1,0,0,1,0,0,1,1,0,1
0,7,1,0,1,0,0,1,0,0,1,1,0,1
_____________________________________________________
_____________________________________________________
49,0,0.0000,
0,7,1,0,1,0,0,1,0,0,1,1,0,1
0,7,1,0,1,0,0,1,0,0,1,1,0,1
_____________________________________________________
_____________________________________________________
50,0,0.0000,
0,7,1,0,1,0,0,1,0,0,1,1,0,1
0,7,1,0,1,0,0,1,0,0,1,1,1,1
_____________________________________________________
_____________________________________________________
51,0,0.0000,
0,7,1,0,1,0,0,1,0,0,1,1,1,1
1,6,1,0,1,0,0,1,0,0,1,1,1,1
_____________________________________________________
_____________________________________________________
52,11,0.0000,
1,6,1,0,1,0,0,1,0,0,1,1,1,1
0,7,1,0,1,0,0,1,0,0,1,1,0,1
_____________________________________________________
_____________________________________________________
53,0,0.0000,
0,7,1,0,1,0,0,1,0,0,1,1,0,1
0,7,1,0,1,0,0,1,0,1,1,1,0,1
_____________________________________________________
_____________________________________________________
54,0,0.0000,
0,7,1,0,1,0,0,1,0,1,1,1,0,1
0,7,1,0,1,1,0,1,1,1,1,1,1,1
_____________________________________________________
_____________________________________________________
55,0,0.0000,
0,7,1,0,1,1,0,1,1,1,1,1,1,1
0,7,0,1,1,1,0,0,1,1,1,0,1,1
_____________________________________________________
_____________________________________________________
56,0,0.0000,
0,7,0,1,1,1,0,0,1,1,1,0,1,1
0,7,0,1,1,1,0,0,1,1,1,1,1,1
_____________________________________________________
_____________________________________________________
57,0,0.0000,
0,7,0,1,1,1,0,0,1,1,1,1,1,1
1,6,0,1,1,1,1,1,1,1,1,1,1,1
_____________________________________________________
_____________________________________________________
58,2,0.0000,
1,6,0,1,1,1,1,1,1,1,1,1,1,1
1,6,0,0,1,1,1,1,0,1,0,1,0,1
_____________________________________________________
_____________________________________________________
59,5,0.0000,
1,6,0,0,1,1,1,1,0,1,0,1,0,1
0,7,0,0,1,1,0,0,0,1,0,0,0,1
_____________________________________________________
_____________________________________________________
60,0,0.0000,
0,7,0,0,1,1,0,0,0,1,0,0,0,1
1,6,0,0,1,1,0,0,0,1,0,0,0,1
_____________________________________________________
_____________________________________________________
61,12,0.0000,
1,6,0,0,1,1,0,0,0,1,0,0,0,1
1,6,0,0,1,1,0,0,0,0,0,0,0,0
_____________________________________________________
_____________________________________________________
62,3,0.0000,
1,6,0,0,1,1,0,0,0,0,0,0,0,0
1,6,0,0,0,0,0,0,0,0,0,0,0,0
_____________________________________________________
_____________________________________________________
63,0,0.0000,
1,6,0,0,0,0,0,0,0,0,0,0,0,0
2,5,0,0,0,1,0,0,0,0,0,0,0,0
_____________________________________________________
_____________________________________________________
64,0,0.0000,
2,5,0,0,0,1,0,0,0,0,0,0,0,0
2,4,0,0,1,1,0,0,0,1,0,0,0,1
_____________________________________________________
_____________________________________________________
65,12,0.0000,
2,4,0,0,1,1,0,0,0,1,0,0,0,1
1,4,0,0,1,1,0,0,0,0,0,0,0,0
_____________________________________________________
_____________________________________________________
66,3,0.0000,
1,4,0,0,1,1,0,0,0,0,0,0,0,0
0,7,0,0,0,0,0,0,0,0,0,0,0,0
_____________________________________________________
_____________________________________________________
67,0,0.0000,
0,7,0,0,0,0,0,0,0,0,0,0,0,0
1,6,0,0,0,0,0,0,0,0,0,0,0,0
_____________________________________________________
_____________________________________________________
68,0,0.0000,
1,6,0,0,0,0,0,0,0,0,0,0,0,0
1,5,0,0,0,0,0,0,0,0,0,0,0,0
_____________________________________________________
_____________________________________________________
69,0,0.0000,
1,5,0,0,0,0,0,0,0,0,0,0,0,0
2,4,0,0,1,0,0,0,0,1,0,0,0,0
_____________________________________________________
_____________________________________________________
70,8,0.0000,
2,4,0,0,1,0,0,0,0,1,0,0,0,0
2,5,0,0,1,0,0,0,0,0,0,0,0,0
_____________________________________________________
_____________________________________________________
71,3,0.0000,
2,5,0,0,1,0,0,0,0,0,0,0,0,0
2,5,0,0,0,0,0,0,0,0,0,0,0,0
_____________________________________________________
_____________________________________________________
72,9,-1.0000,
2,5,0,0,0,0,0,0,0,0,0,0,0,0
2,5,0,1,0,1,1,-1,1,0,-1,1,-1,-1
_____________________________________________________
_____________________________________________________
73,9,0.0000,
2,5,0,1,0,1,1,-1,1,0,-1,1,-1,-1
1,5,0,1,0,1,1,-1,1,1,-1,1,-1,-1
_____________________________________________________
_____________________________________________________
74,9,0.0000,
1,5,0,1,0,1,1,-1,1,1,-1,1,-1,-1
1,6,0,1,0,1,1,-1,1,1,1,1,1,1
_____________________________________________________
_____________________________________________________
75,11,0.0000,
1,6,0,1,0,1,1,-1,1,1,1,1,1,1
1,6,0,1,0,1,1,0,1,1,0,1,0,0
_____________________________________________________
_____________________________________________________
76,5,0.0000,
1,6,0,1,0,1,1,0,1,1,0,1,0,0
0,7,0,1,0,0,0,0,0,1,0,1,0,0
_____________________________________________________
_____________________________________________________
77,0,0.0000,
0,7,0,1,0,0,0,0,0,1,0,1,0,0
0,7,0,1,1,0,0,0,0,1,0,1,0,0
_____________________________________________________
_____________________________________________________
78,0,0.0000,
0,7,0,1,1,0,0,0,0,1,0,1,0,0
1,6,0,1,1,0,0,0,0,1,0,1,0,1
_____________________________________________________
_____________________________________________________
79,2,0.0000,
1,6,0,1,1,0,0,0,0,1,0,1,0,1
0,7,0,0,1,0,0,1,0,1,1,0,1,1
_____________________________________________________
_____________________________________________________
80,0,0.0000,
0,7,0,0,1,0,0,1,0,1,1,0,1,1
0,7,0,0,1,0,0,1,0,1,1,1,1,1
_____________________________________________________
_____________________________________________________
81,0,0.0000,
0,7,0,0,1,0,0,1,0,1,1,1,1,1
1,6,0,1,1,0,0,1,0,1,1,1,1,1
_____________________________________________________
_____________________________________________________
82,11,0.0000,
1,6,0,1,1,0,0,1,0,1,1,1,1,1
1,6,0,1,1,0,0,0,0,1,0,1,0,0
_____________________________________________________
_____________________________________________________
83,2,0.0000,
1,6,0,1,1,0,0,0,0,1,0,1,0,0
1,6,1,1,0,1,0,1,0,1,0,0,1,1
_____________________________________________________
_____________________________________________________
84,11,0.0000,
1,6,1,1,0,1,0,1,0,1,0,0,1,1
1,6,1,1,0,1,1,1,0,1,0,0,1,1
_____________________________________________________
_____________________________________________________
85,11,0.0000,
1,6,1,1,0,1,1,1,0,1,0,0,1,1
1,6,0,1,0,1,1,1,0,1,0,0,1,1
_____________________________________________________
_____________________________________________________
86,11,0.0000,
1,6,0,1,0,1,1,1,0,1,0,0,1,1
1,6,0,0,0,1,1,1,0,1,0,0,1,1
_____________________________________________________
_____________________________________________________
87,11,0.0000,
1,6,0,0,0,1,1,1,0,1,0,0,1,1
1,6,0,0,0,1,1,1,0,1,0,0,1,1
_____________________________________________________
_____________________________________________________
88,11,0.0000,
1,6,0,0,0,1,1,1,0,1,0,0,1,1
0,7,0,0,0,0,1,1,1,1,0,0,1,1
_____________________________________________________
_____________________________________________________
89,0,0.0000,
0,7,0,0,0,0,1,1,1,1,0,0,1,1
1,6,1,1,1,1,1,1,1,1,0,0,1,1
_____________________________________________________
_____________________________________________________
90,5,0.0000,
1,6,1,1,1,1,1,1,1,1,0,0,1,1
0,7,1,1,1,1,0,1,1,1,0,0,1,1
_____________________________________________________
_____________________________________________________
91,0,0.0000,
0,7,1,1,1,1,0,1,1,1,0,0,1,1
0,7,1,1,1,1,0,1,1,1,0,1,1,1
_____________________________________________________
_____________________________________________________
92,0,0.0000,
0,7,1,1,1,1,0,1,1,1,0,1,1,1
0,7,1,1,1,1,0,1,1,1,0,1,1,1
_____________________________________________________
_____________________________________________________
93,0,0.0000,
0,7,1,1,1,1,0,1,1,1,0,1,1,1
0,7,1,1,1,1,0,1,1,1,0,1,1,1
_____________________________________________________
_____________________________________________________
94,0,0.0000,
0,7,1,1,1,1,0,1,1,1,0,1,1,1
1,6,1,1,1,1,0,1,1,1,0,1,1,1
_____________________________________________________
_____________________________________________________
95,11,0.0000,
1,6,1,1,1,1,0,1,1,1,0,1,1,1
0,7,0,0,1,0,0,1,1,1,0,1,0,1
_____________________________________________________
_____________________________________________________
96,0,0.0000,
0,7,0,0,1,0,0,1,1,1,0,1,0,1
1,6,1,1,1,1,0,1,1,1,0,1,1,1
_____________________________________________________
_____________________________________________________
97,11,0.0000,
1,6,1,1,1,1,0,1,1,1,0,1,1,1
1,6,0,1,1,0,0,0,1,1,1,0,1,0
_____________________________________________________
_____________________________________________________
98,11,0.0000,
1,6,0,1,1,0,0,0,1,1,1,0,1,0
1,6,0,1,1,0,0,0,1,1,1,0,0,0
_____________________________________________________
_____________________________________________________
99,7,0.0000,
1,6,0,1,1,0,0,0,1,1,1,0,0,0
0,7,0,1,1,0,0,0,0,1,1,0,0,0
_____________________________________________________
_____________________________________________________
100,0,0.0000,
0,7,0,1,1,0,0,0,0,1,1,0,0,0
0,7,0,1,1,0,0,0,0,1,1,0,1,0
_____________________________________________________
_____________________________________________________
101,0,0.0000,
0,7,0,1,1,0,0,0,0,1,1,0,1,0
0,7,0,1,1,0,0,0,0,1,1,0,1,0
_____________________________________________________
_____________________________________________________
102,0,0.0000,
0,7,0,1,1,0,0,0,0,1,1,0,1,0
0,7,0,1,1,0,0,0,0,1,1,0,1,0
_____________________________________________________
_____________________________________________________
103,0,0.0000,
0,7,0,1,1,0,0,0,0,1,1,0,1,0
0,7,0,1,1,0,0,0,0,1,1,0,1,0
_____________________________________________________
_____________________________________________________
104,0,0.0000,
0,7,0,1,1,0,0,0,0,1,1,0,1,0
1,6,0,1,1,0,0,0,0,1,1,0,1,0
_____________________________________________________
_____________________________________________________
105,11,0.0000,
1,6,0,1,1,0,0,0,0,1,1,0,1,0
1,6,0,1,1,0,0,0,0,1,1,0,0,0
_____________________________________________________
_____________________________________________________
106,9,0.0000,
1,6,0,1,1,0,0,0,0,1,1,0,0,0
1,6,0,1,0,0,0,0,0,1,0,0,1,0
_____________________________________________________
_____________________________________________________
107,11,0.0000,
1,6,0,1,0,0,0,0,0,1,0,0,1,0
0,7,0,1,0,0,0,0,0,1,0,0,0,0
_____________________________________________________
_____________________________________________________
108,0,0.0000,
0,7,0,1,0,0,0,0,0,1,0,0,0,0
0,7,0,1,1,0,0,0,0,1,1,0,0,0
_____________________________________________________
_____________________________________________________
109,0,0.0000,
0,7,0,1,1,0,0,0,0,1,1,0,0,0
1,6,0,1,1,0,0,0,0,1,1,0,0,0
_____________________________________________________
_____________________________________________________
110,9,0.0000,
1,6,0,1,1,0,0,0,0,1,1,0,0,0
1,6,0,1,0,1,0,0,0,1,0,0,0,1
_____________________________________________________
_____________________________________________________
111,12,0.0000,
1,6,0,1,0,1,0,0,0,1,0,0,0,1
1,6,0,0,0,0,1,0,1,1,0,0,1,0
_____________________________________________________
_____________________________________________________
112,11,0.0000,
1,6,0,0,0,0,1,0,1,1,0,0,1,0
0,7,0,0,0,0,1,0,1,0,0,0,0,0
_____________________________________________________
_____________________________________________________
113,0,0.0000,
0,7,0,0,0,0,1,0,1,0,0,0,0,0
0,7,0,0,0,0,1,0,1,0,0,0,0,0
_____________________________________________________
_____________________________________________________
114,0,0.0000,
0,7,0,0,0,0,1,0,1,0,0,0,0,0
0,7,0,0,0,0,1,0,1,1,0,0,1,0
_____________________________________________________
_____________________________________________________
115,0,0.0000,
0,7,0,0,0,0,1,0,1,1,0,0,1,0
0,7,0,0,0,0,1,0,1,1,0,0,1,0
_____________________________________________________
_____________________________________________________
116,0,0.0000,
0,7,0,0,0,0,1,0,1,1,0,0,1,0
0,7,0,0,0,0,1,0,1,1,0,0,1,0
_____________________________________________________
_____________________________________________________
117,0,0.0000,
0,7,0,0,0,0,1,0,1,1,0,0,1,0
0,7,0,0,0,0,1,0,1,1,0,0,1,0
_____________________________________________________
_____________________________________________________
118,0,0.0000,
0,7,0,0,0,0,1,0,1,1,0,0,1,0
0,7,0,0,0,0,1,0,1,1,0,0,1,0
_____________________________________________________
_____________________________________________________
119,0,0.0000,
0,7,0,0,0,0,1,0,1,1,0,0,1,0
1,6,0,0,0,0,1,0,1,1,0,0,1,0
_____________________________________________________
_____________________________________________________
120,11,0.0000,
1,6,0,0,0,0,1,0,1,1,0,0,1,0
1,6,0,0,0,0,1,0,1,0,0,0,0,0
_____________________________________________________
_____________________________________________________
121,7,0.0000,
1,6,0,0,0,0,1,0,1,0,0,0,0,0
0,7,1,0,0,0,1,0,0,0,0,1,0,0
_____________________________________________________
_____________________________________________________
122,0,0.0000,
0,7,1,0,0,0,1,0,0,0,0,1,0,0
1,6,1,0,0,0,1,0,0,0,0,1,1,0
_____________________________________________________
_____________________________________________________
123,11,0.0000,
1,6,1,0,0,0,1,0,0,0,0,1,1,0
1,6,1,0,0,0,1,0,0,0,0,1,0,0
_____________________________________________________
_____________________________________________________
124,5,0.0000,
1,6,1,0,0,0,1,0,0,0,0,1,0,0
1,6,1,0,0,0,0,0,0,0,0,1,0,0
_____________________________________________________
_____________________________________________________
125,1,0.0000,
1,6,1,0,0,0,0,0,0,0,0,1,0,0
0,7,0,0,1,0,0,0,1,1,1,0,1,1
_____________________________________________________
_____________________________________________________
126,0,0.0000,
0,7,0,0,1,0,0,0,1,1,1,0,1,1
0,7,0,0,1,0,1,1,1,1,1,0,1,1
_____________________________________________________
_____________________________________________________
127,0,0.0000,
0,7,0,0,1,0,1,1,1,1,1,0,1,1
1,6,0,0,1,0,1,1,1,1,1,0,1,1
_____________________________________________________
_____________________________________________________
128,5,0.0000,
1,6,0,0,1,0,1,1,1,1,1,0,1,1
0,7,0,0,1,0,0,1,1,1,1,0,1,1
_____________________________________________________
_____________________________________________________
129,0,0.0000,
0,7,0,0,1,0,0,1,1,1,1,0,1,1
1,6,0,0,1,0,1,1,1,1,1,0,1,1
_____________________________________________________
_____________________________________________________
130,5,0.0000,
1,6,0,0,1,0,1,1,1,1,1,0,1,1
0,7,1,0,1,0,0,1,0,1,1,0,1,1
_____________________________________________________
_____________________________________________________
131,0,0.0000,
0,7,1,0,1,0,0,1,0,1,1,0,1,1
1,6,1,0,1,0,0,1,1,1,1,0,1,1
_____________________________________________________
_____________________________________________________
132,11,0.0000,
1,6,1,0,1,0,0,1,1,1,1,0,1,1
0,7,1,0,0,0,1,1,1,1,1,0,0,0
_____________________________________________________
_____________________________________________________
133,0,0.0000,
0,7,1,0,0,0,1,1,1,1,1,0,0,0
0,7,1,0,0,0,1,1,1,1,1,0,0,0
_____________________________________________________
_____________________________________________________
134,0,0.0000,
0,7,1,0,0,0,1,1,1,1,1,0,0,0
0,7,1,0,0,0,1,1,1,1,1,0,0,0
_____________________________________________________
_____________________________________________________
135,0,0.0000,
0,7,1,0,0,0,1,1,1,1,1,0,0,0
1,6,1,0,0,0,1,1,1,1,1,0,0,0
_____________________________________________________
_____________________________________________________
136,5,0.0000,
1,6,1,0,0,0,1,1,1,1,1,0,0,0
0,7,1,0,0,0,0,1,1,1,1,0,0,1
_____________________________________________________
_____________________________________________________
137,0,0.0000,
0,7,1,0,0,0,0,1,1,1,1,0,0,1
1,6,1,0,1,0,1,1,1,1,1,0,1,1
_____________________________________________________
_____________________________________________________
138,5,0.0000,
1,6,1,0,1,0,1,1,1,1,1,0,1,1
0,7,1,0,1,0,0,1,0,1,1,0,1,1
_____________________________________________________
_____________________________________________________
139,0,0.0000,
0,7,1,0,1,0,0,1,0,1,1,0,1,1
0,7,0,0,0,0,0,0,0,0,0,0,0,0
_____________________________________________________
