_____________________________________________________
0,2,0.0000,
1,6,1,1,1,1,1,1,1,1,1,1,1,1
0,7,1,0,1,1,1,1,1,1,1,1,1,1
_____________________________________________________
_____________________________________________________
1,0,0.0000,
0,7,1,0,1,1,1,1,1,1,1,1,1,1
0,7,1,0,1,1,1,1,1,1,1,1,1,1
_____________________________________________________
_____________________________________________________
2,0,0.0000,
0,7,1,0,1,1,1,1,1,1,1,1,1,1
1,6,1,0,1,1,1,1,1,1,1,1,1,1
_____________________________________________________
_____________________________________________________
3,11,0.0000,
1,6,1,0,1,1,1,1,1,1,1,1,1,1
0,7,1,0,1,1,1,1,1,1,1,1,0,1
_____________________________________________________
_____________________________________________________
4,0,0.0000,
0,7,1,0,1,1,1,1,1,1,1,1,0,1
0,7,1,0,1,1,1,1,1,1,1,1,0,1
_____________________________________________________
_____________________________________________________
5,0,0.0000,
0,7,1,0,1,1,1,1,1,1,1,1,0,1
0,7,1,0,1,1,1,1,1,1,1,1,0,1
_____________________________________________________
_____________________________________________________
6,0,0.0000,
0,7,1,0,1,1,1,1,1,1,1,1,0,1
1,6,1,0,1,1,1,1,1,1,1,1,0,1
_____________________________________________________
_____________________________________________________
7,5,0.0000,
1,6,1,0,1,1,1,1,1,1,1,1,0,1
0,7,0,0,1,1,0,0,0,1,1,1,0,1
_____________________________________________________
_____________________________________________________
8,0,0.0000,
0,7,0,0,1,1,0,0,0,1,1,1,0,1
0,7,0,0,1,1,0,0,0,1,1,1,0,1
_____________________________________________________
_____________________________________________________
9,0,0.0000,
0,7,0,0,1,1,0,0,0,1,1,1,0,1
0,7,0,0,1,1,0,0,0,1,1,1,0,1
_____________________________________________________
_____________________________________________________
10,0,0.0000,
0,7,0,0,1,1,0,0,0,1,1,1,0,1
1,6,0,0,1,1,0,0,0,1,1,1,0,1
_____________________________________________________
_____________________________________________________
11,12,0.0000,
1,6,0,0,1,1,0,0,0,1,1,1,0,1
0,7,0,0,1,1,0,0,0,1,0,1,0,1
_____________________________________________________
_____________________________________________________
12,0,0.0000,
0,7,0,0,1,1,0,0,0,1,0,1,0,1
0,7,0,0,1,1,0,0,0,1,1,1,0,1
_____________________________________________________
_____________________________________________________
13,0,0.0000,
0,7,0,0,1,1,0,0,0,1,1,1,0,1
1,6,1,1,0,0,1,1,0,0,1,0,1,1
_____________________________________________________
_____________________________________________________
14,11,0.0000,
1,6,1,1,0,0,1,1,0,0,1,0,1,1
0,7,1,1,0,0,1,1,0,0,0,0,0,1
_____________________________________________________
_____________________________________________________
15,0,0.0000,
0,7,1,1,0,0,1,1,0,0,0,0,0,1
0,7,1,1,0,0,1,1,0,0,0,0,0,1
_____________________________________________________
_____________________________________________________
16,0,0.0000,
0,7,1,1,0,0,1,1,0,0,0,0,0,1
1,6,1,1,0,0,1,1,0,0,1,0,1,1
_____________________________________________________
_____________________________________________________
17,11,0.0000,
1,6,1,1,0,0,1,1,0,0,1,0,1,1
0,7,1,1,0,0,1,1,0,0,0,0,0,1
_____________________________________________________
_____________________________________________________
18,0,0.0000,
0,7,1,1,0,0,1,1,0,0,0,0,0,1
1,6,1,1,0,0,1,1,0,0,0,0,0,1
_____________________________________________________
_____________________________________________________
19,5,0.0000,
1,6,1,1,0,0,1,1,0,0,0,0,0,1
0,7,1,1,0,0,0,1,0,0,0,0,0,1
_____________________________________________________
_____________________________________________________
20,0,0.0000,
0,7,1,1,0,0,0,1,0,0,0,0,0,1
0,7,1,1,0,0,0,1,0,0,0,0,0,1
_____________________________________________________
_____________________________________________________
21,0,0.0000,
0,7,1,1,0,0,0,1,0,0,0,0,0,1
1,6,1,1,0,0,0,1,0,0,0,0,0,1
_____________________________________________________
_____________________________________________________
22,6,0.0000,
1,6,1,1,0,0,0,1,0,0,0,0,0,1
1,6,0,0,0,0,0,1,0,0,0,0,0,1
_____________________________________________________
_____________________________________________________
23,6,0.0000,
1,6,0,0,0,0,0,1,0,0,0,0,0,1
0,7,0,0,0,0,0,0,0,0,0,0,0,1
_____________________________________________________
_____________________________________________________
24,0,0.0000,
0,7,0,0,0,0,0,0,0,0,0,0,0,1
0,7,0,1,0,0,0,1,0,0,0,0,0,1
_____________________________________________________
_____________________________________________________
25,0,0.0000,
0,7,0,1,0,0,0,1,0,0,0,0,0,1
1,6,1,1,0,0,0,1,0,0,0,0,0,1
_____________________________________________________
_____________________________________________________
26,6,0.0000,
1,6,1,1,0,0,0,1,0,0,0,0,0,1
1,6,1,1,0,0,1,1,0,0,0,0,0,1
_____________________________________________________
_____________________________________________________
27,5,0.0000,
1,6,1,1,0,0,1,1,0,0,0,0,0,1
1,6,0,0,1,1,0,1,0,0,0,0,1,0
_____________________________________________________
_____________________________________________________
28,11,0.0000,
1,6,0,0,1,1,0,1,0,0,0,0,1,0
1,6,0,0,1,0,0,1,0,0,0,0,0,0
_____________________________________________________
_____________________________________________________
29,6,0.0000,
1,6,0,0,1,0,0,1,0,0,0,0,0,0
1,6,1,0,1,0,1,1,1,0,0,0,0,0
_____________________________________________________
_____________________________________________________
30,5,0.0000,
1,6,1,0,1,0,1,1,1,0,0,0,0,0
1,6,0,0,1,0,0,1,0,0,0,0,0,0
_____________________________________________________
_____________________________________________________
31,6,0.0000,
1,6,0,0,1,0,0,1,0,0,0,0,0,0
1,6,0,0,1,1,0,0,0,0,0,0,1,0
_____________________________________________________
_____________________________________________________
32,11,0.0000,
1,6,0,0,1,1,0,0,0,0,0,0,1,0
1,6,1,0,1,0,1,0,1,0,0,0,0,0
_____________________________________________________
_____________________________________________________
33,5,0.0000,
1,6,1,0,1,0,1,0,1,0,0,0,0,0
1,6,0,0,1,0,0,0,0,0,0,0,0,0
_____________________________________________________
_____________________________________________________
34,3,0.0000,
1,6,0,0,1,0,0,0,0,0,0,0,0,0
0,7,0,0,0,0,0,0,0,0,0,0,0,1
_____________________________________________________
_____________________________________________________
35,0,0.0000,
0,7,0,0,0,0,0,0,0,0,0,0,0,1
0,7,1,0,0,0,1,1,1,0,0,0,0,1
_____________________________________________________
_____________________________________________________
36,0,0.0000,
0,7,1,0,0,0,1,1,1,0,0,0,0,1
0,7,1,0,0,0,1,1,1,0,0,0,0,1
_____________________________________________________
_____________________________________________________
37,0,0.0000,
0,7,1,0,0,0,1,1,1,0,0,0,0,1
1,6,1,0,0,0,1,1,1,0,0,0,0,1
_____________________________________________________
_____________________________________________________
38,5,0.0000,
1,6,1,0,0,0,1,1,1,0,0,0,0,1
1,6,0,0,0,0,0,1,0,0,0,0,0,1
_____________________________________________________
_____________________________________________________
39,6,0.0000,
1,6,0,0,0,0,0,1,0,0,0,0,0,1
0,7,0,0,0,0,0,0,1,0,0,0,0,1
_____________________________________________________
_____________________________________________________
40,0,0.0000,
0,7,0,0,0,0,0,0,1,0,0,0,0,1
0,7,1,0,0,0,1,1,1,0,0,0,0,1
_____________________________________________________
_____________________________________________________
41,0,0.0000,
0,7,1,0,0,0,1,1,1,0,0,0,0,1
0,7,1,1,1,0,1,1,1,0,1,0,1,1
_____________________________________________________
_____________________________________________________
42,0,0.0000,
0,7,1,1,1,0,1,1,1,0,1,0,1,1
1,6,1,1,1,0,1,1,1,0,1,0,1,1
_____________________________________________________
_____________________________________________________
43,5,0.0000,
1,6,1,1,1,0,1,1,1,0,1,0,1,1
0,7,1,0,1,0,0,1,1,0,1,0,1,1
_____________________________________________________
_____________________________________________________
44,0,0.0000,
0,7,1,0,1,0,0,1,1,0,1,0,1,1
1,6,1,0,1,0,0,1,1,0,1,0,1,1
_____________________________________________________
_____________________________________________________
45,11,0.0000,
1,6,1,0,1,0,0,1,1,0,1,0,1,1
1,6,1,0,1,0,1,1,1,0,1,0,0,1
_____________________________________________________
_____________________________________________________
46,5,0.0000,
1,6,1,0,1,0,1,1,1,0,1,0,0,1
1,6,1,0,1,0,0,1,1,0,1,0,0,1
_____________________________________________________
_____________________________________________________
47,7,0.0000,
1,6,1,0,1,0,0,1,1,0,1,0,0,1
1,6,1,0,1,0,0,1,1,0,1,0,0,1
_____________________________________________________
_____________________________________________________
48,7,0.0000,
1,6,1,0,1,0,0,1,1,0,1,0,0,1
1,6,1,0,1,0,1,1,1,0,1,0,0,1
_____________________________________________________
_____________________________________________________
49,5,0.0000,
1,6,1,0,1,0,1,1,1,0,1,0,0,1
0,7,1,0,1,0,0,1,1,0,1,0,0,1
_____________________________________________________
_____________________________________________________
50,0,0.0000,
0,7,1,0,1,0,0,1,1,0,1,0,0,1
0,7,1,0,1,0,0,1,1,0,1,0,0,1
_____________________________________________________
_____________________________________________________
51,0,0.0000,
0,7,1,0,1,0,0,1,1,0,1,0,0,1
1,6,1,0,1,0,0,1,1,0,1,0,0,1
_____________________________________________________
_____________________________________________________
52,7,0.0000,
1,6,1,0,1,0,0,1,1,0,1,0,0,1
1,6,1,0,1,0,1,1,1,0,1,0,0,1
_____________________________________________________
_____________________________________________________
53,5,0.0000,
1,6,1,0,1,0,1,1,1,0,1,0,0,1
1,6,1,0,1,0,0,1,1,0,1,0,0,1
_____________________________________________________
_____________________________________________________
54,7,0.0000,
1,6,1,0,1,0,0,1,1,0,1,0,0,1
1,6,1,0,1,0,0,0,0,0,1,0,0,1
_____________________________________________________
_____________________________________________________
55,12,0.0000,
1,6,1,0,1,0,0,0,0,0,1,0,0,1
1,6,0,0,0,0,1,1,1,1,0,0,1,1
_____________________________________________________
_____________________________________________________
56,5,0.0000,
1,6,0,0,0,0,1,1,1,1,0,0,1,1
0,7,0,0,0,0,0,1,1,0,0,0,0,1
_____________________________________________________
_____________________________________________________
57,0,0.0000,
0,7,0,0,0,0,0,1,1,0,0,0,0,1
0,7,0,0,0,0,0,1,1,0,0,0,0,1
_____________________________________________________
_____________________________________________________
58,0,0.0000,
0,7,0,0,0,0,0,1,1,0,0,0,0,1
1,6,0,0,0,0,0,1,1,0,0,0,0,1
_____________________________________________________
_____________________________________________________
59,7,0.0000,
1,6,0,0,0,0,0,1,1,0,0,0,0,1
0,7,0,0,0,0,0,0,0,0,0,0,0,0
_____________________________________________________
_____________________________________________________
60,0,0.0000,
0,7,0,0,0,0,0,0,0,0,0,0,0,0
0,7,0,0,0,0,0,0,0,0,0,0,0,1
_____________________________________________________
_____________________________________________________
61,0,0.0000,
0,7,0,0,0,0,0,0,0,0,0,0,0,1
1,6,0,1,0,0,0,1,1,0,0,0,0,1
_____________________________________________________
_____________________________________________________
62,7,0.0000,
1,6,0,1,0,0,0,1,1,0,0,0,0,1
0,7,1,1,0,1,0,0,0,0,0,0,0,0
_____________________________________________________
_____________________________________________________
63,0,0.0000,
0,7,1,1,0,1,0,0,0,0,0,0,0,0
1,6,1,1,0,1,0,1,1,0,0,0,0,1
_____________________________________________________
_____________________________________________________
64,7,0.0000,
1,6,1,1,0,1,0,1,1,0,0,0,0,1
0,7,1,1,0,1,0,0,0,0,0,0,0,0
_____________________________________________________
_____________________________________________________
65,0,0.0000,
0,7,1,1,0,1,0,0,0,0,0,0,0,0
0,7,1,1,0,1,0,0,0,0,0,0,0,1
_____________________________________________________
_____________________________________________________
66,0,0.0000,
0,7,1,1,0,1,0,0,0,0,0,0,0,1
0,7,1,1,0,1,0,1,1,0,0,0,0,1
_____________________________________________________
_____________________________________________________
67,0,0.0000,
0,7,1,1,0,1,0,1,1,0,0,0,0,1
1,6,1,1,0,1,0,1,1,0,0,0,0,1
_____________________________________________________
_____________________________________________________
68,7,0.0000,
1,6,1,1,0,1,0,1,1,0,0,0,0,1
0,7,1,1,0,1,0,1,1,0,0,0,0,1
_____________________________________________________
_____________________________________________________
69,0,0.0000,
0,7,1,1,0,1,0,1,1,0,0,0,0,1
0,7,1,1,0,1,0,1,1,1,1,1,0,0
_____________________________________________________
_____________________________________________________
70,0,0.0000,
0,7,1,1,0,1,0,1,1,1,1,1,0,0
0,7,1,1,0,1,0,1,1,1,1,1,0,0
_____________________________________________________
_____________________________________________________
71,0,0.0000,
0,7,1,1,0,1,0,1,1,1,1,1,0,0
0,7,1,1,0,1,0,1,1,1,1,1,0,0
_____________________________________________________
_____________________________________________________
72,0,0.0000,
0,7,1,1,0,1,0,1,1,1,1,1,0,0
0,7,1,1,0,1,0,1,1,1,1,1,0,0
_____________________________________________________
_____________________________________________________
73,0,0.0000,
0,7,1,1,0,1,0,1,1,1,1,1,0,0
1,6,1,1,0,1,0,1,1,1,1,1,0,0
_____________________________________________________
_____________________________________________________
74,7,0.0000,
1,6,1,1,0,1,0,1,1,1,1,1,0,0
1,6,1,0,0,1,0,1,1,1,1,1,0,0
_____________________________________________________
_____________________________________________________
75,7,0.0000,
1,6,1,0,0,1,0,1,1,1,1,1,0,0
0,7,1,0,0,0,0,1,0,0,1,1,0,0
_____________________________________________________
_____________________________________________________
76,0,0.0000,
0,7,1,0,0,0,0,1,0,0,1,1,0,0
0,7,1,0,0,0,0,1,1,1,1,1,0,0
_____________________________________________________
_____________________________________________________
77,0,0.0000,
0,7,1,0,0,0,0,1,1,1,1,1,0,0
0,7,1,1,0,1,0,1,1,1,1,1,0,0
_____________________________________________________
_____________________________________________________
78,0,0.0000,
0,7,1,1,0,1,0,1,1,1,1,1,0,0
0,7,1,1,0,1,0,1,1,1,1,1,0,0
_____________________________________________________
_____________________________________________________
79,0,0.0000,
0,7,1,1,0,1,0,1,1,1,1,1,0,0
1,6,1,1,0,1,0,1,1,1,1,1,0,0
_____________________________________________________
_____________________________________________________
80,2,0.0000,
1,6,1,1,0,1,0,1,1,1,1,1,0,0
1,6,1,1,0,1,0,1,1,1,1,1,0,0
_____________________________________________________
_____________________________________________________
81,7,0.0000,
1,6,1,1,0,1,0,1,1,1,1,1,0,0
1,6,1,0,0,0,0,1,0,0,1,1,0,0
_____________________________________________________
_____________________________________________________
82,9,0.0000,
1,6,1,0,0,0,0,1,0,0,1,1,0,0
0,7,0,1,0,1,0,0,1,1,0,1,0,0
_____________________________________________________
_____________________________________________________
83,0,0.0000,
0,7,0,1,0,1,0,0,1,1,0,1,0,0
1,6,0,1,1,0,1,0,0,0,0,1,0,0
_____________________________________________________
_____________________________________________________
84,5,0.0000,
1,6,0,1,1,0,1,0,0,0,0,1,0,0
1,6,0,1,1,0,1,0,0,0,0,1,0,0
_____________________________________________________
_____________________________________________________
85,5,0.0000,
1,6,0,1,1,0,1,0,0,0,0,1,0,0
1,6,0,1,0,0,0,0,0,0,0,1,0,0
_____________________________________________________
_____________________________________________________
86,2,0.0000,
1,6,0,1,0,0,0,0,0,0,0,1,0,0
0,7,0,0,1,0,1,0,0,0,0,1,0,0
_____________________________________________________
_____________________________________________________
87,0,0.0000,
0,7,0,0,1,0,1,0,0,0,0,1,0,0
0,7,0,0,1,0,1,0,0,0,0,1,0,0
_____________________________________________________
_____________________________________________________
88,0,0.0000,
0,7,0,0,1,0,1,0,0,0,0,1,0,0
1,6,1,0,1,0,1,0,0,1,0,1,0,0
_____________________________________________________
_____________________________________________________
89,5,0.0000,
1,6,1,0,1,0,1,0,0,1,0,1,0,0
0,7,1,0,0,0,0,0,0,1,0,1,0,0
_____________________________________________________
_____________________________________________________
90,0,0.0000,
0,7,1,0,0,0,0,0,0,1,0,1,0,0
0,7,1,0,0,0,1,0,0,1,0,1,0,0
_____________________________________________________
_____________________________________________________
91,0,0.0000,
0,7,1,0,0,0,1,0,0,1,0,1,0,0
1,6,1,1,1,0,1,0,0,1,0,1,0,0
_____________________________________________________
_____________________________________________________
92,5,0.0000,
1,6,1,1,1,0,1,0,0,1,0,1,0,0
0,7,1,1,0,0,1,0,0,1,0,1,0,0
_____________________________________________________
_____________________________________________________
93,0,0.0000,
0,7,1,1,0,0,1,0,0,1,0,1,0,0
0,7,1,1,1,0,1,0,0,1,0,1,0,0
_____________________________________________________
_____________________________________________________
94,0,0.0000,
0,7,1,1,1,0,1,0,0,1,0,1,0,0
1,6,1,1,1,0,1,0,0,1,0,1,0,0
_____________________________________________________
_____________________________________________________
95,5,0.0000,
1,6,1,1,1,0,1,0,0,1,0,1,0,0
0,7,1,1,0,0,0,1,0,1,0,1,0,1
_____________________________________________________
_____________________________________________________
96,0,0.0000,
0,7,1,1,0,0,0,1,0,1,0,1,0,1
1,6,1,1,0,1,0,1,1,1,0,1,0,1
_____________________________________________________
_____________________________________________________
97,7,0.0000,
1,6,1,1,0,1,0,1,1,1,0,1,0,1
0,7,1,1,1,1,1,1,1,0,1,1,1,1
_____________________________________________________
_____________________________________________________
98,0,0.0000,
0,7,1,1,1,1,1,1,1,0,1,1,1,1
1,6,1,1,1,1,1,1,1,0,1,1,1,1
_____________________________________________________
_____________________________________________________
99,2,0.0000,
1,6,1,1,1,1,1,1,1,0,1,1,1,1
1,6,1,0,1,1,1,1,1,0,1,0,1,1
_____________________________________________________
_____________________________________________________
100,5,0.0000,
1,6,1,0,1,1,1,1,1,0,1,0,1,1
0,7,1,0,1,1,1,1,1,0,1,0,1,1
_____________________________________________________
_____________________________________________________
101,0,0.0000,
0,7,1,0,1,1,1,1,1,0,1,0,1,1
0,7,1,1,1,1,1,1,1,0,1,1,1,1
_____________________________________________________
_____________________________________________________
102,0,0.0000,
0,7,1,1,1,1,1,1,1,0,1,1,1,1
1,6,1,1,1,1,1,1,1,0,1,1,1,1
_____________________________________________________
_____________________________________________________
103,9,0.0000,
1,6,1,1,1,1,1,1,1,0,1,1,1,1
0,7,1,1,1,0,1,1,1,0,0,1,1,1
_____________________________________________________
_____________________________________________________
104,0,0.0000,
0,7,1,1,1,0,1,1,1,0,0,1,1,1
0,7,1,1,1,1,1,1,1,0,1,1,1,1
_____________________________________________________
_____________________________________________________
105,0,0.0000,
0,7,1,1,1,1,1,1,1,0,1,1,1,1
0,7,1,1,1,1,1,1,1,0,1,1,1,1
_____________________________________________________
_____________________________________________________
106,0,0.0000,
0,7,1,1,1,1,1,1,1,0,1,1,1,1
0,7,1,1,1,1,1,1,1,0,1,1,1,1
_____________________________________________________
_____________________________________________________
107,0,0.0000,
0,7,1,1,1,1,1,1,1,0,1,1,1,1
0,7,1,1,1,1,1,1,1,0,1,1,1,1
_____________________________________________________
_____________________________________________________
108,0,0.0000,
0,7,1,1,1,1,1,1,1,0,1,1,1,1
0,7,1,1,1,1,1,1,1,0,1,1,1,1
_____________________________________________________
_____________________________________________________
109,0,0.0000,
0,7,1,1,1,1,1,1,1,0,1,1,1,1
0,7,1,1,1,1,1,1,1,0,1,1,1,1
_____________________________________________________
_____________________________________________________
110,0,0.0000,
0,7,1,1,1,1,1,1,1,0,1,1,1,1
0,7,1,1,1,1,1,1,1,0,1,1,1,1
_____________________________________________________
_____________________________________________________
111,0,0.0000,
0,7,1,1,1,1,1,1,1,0,1,1,1,1
0,7,0,0,1,1,0,1,1,0,1,0,0,1
_____________________________________________________
_____________________________________________________
112,0,0.0000,
0,7,0,0,1,1,0,1,1,0,1,0,0,1
0,7,0,0,1,1,0,1,1,0,1,0,1,1
_____________________________________________________
_____________________________________________________
113,0,0.0000,
0,7,0,0,1,1,0,1,1,0,1,0,1,1
1,6,0,1,1,1,0,1,1,1,1,0,1,1
_____________________________________________________
_____________________________________________________
114,11,0.0000,
1,6,0,1,1,1,0,1,1,1,1,0,1,1
0,7,0,0,1,1,0,1,1,0,1,0,0,1
_____________________________________________________
_____________________________________________________
115,0,0.0000,
0,7,0,0,1,1,0,1,1,0,1,0,0,1
0,7,0,0,1,1,0,1,1,0,1,0,0,1
_____________________________________________________
_____________________________________________________
116,0,0.0000,
0,7,0,0,1,1,0,1,1,0,1,0,0,1
0,7,0,1,1,1,0,1,1,1,1,0,1,1
_____________________________________________________
_____________________________________________________
117,0,0.0000,
0,7,0,1,1,1,0,1,1,1,1,0,1,1
1,6,0,1,1,1,0,1,1,1,1,0,1,1
_____________________________________________________
_____________________________________________________
118,11,0.0000,
1,6,0,1,1,1,0,1,1,1,1,0,1,1
1,6,0,0,1,1,0,1,1,0,1,0,0,1
_____________________________________________________
_____________________________________________________
119,7,0.0000,
1,6,0,0,1,1,0,1,1,0,1,0,0,1
1,6,0,0,1,1,0,1,0,1,1,0,1,1
_____________________________________________________
_____________________________________________________
120,11,0.0000,
1,6,0,0,1,1,0,1,0,1,1,0,1,1
0,7,0,0,1,1,0,1,0,0,1,0,0,1
_____________________________________________________
_____________________________________________________
121,0,0.0000,
0,7,0,0,1,1,0,1,0,0,1,0,0,1
1,6,0,0,1,1,0,1,0,0,1,0,0,1
_____________________________________________________
_____________________________________________________
122,6,0.0000,
1,6,0,0,1,1,0,1,0,0,1,0,0,1
1,6,0,0,1,1,0,0,0,0,0,0,0,1
_____________________________________________________
_____________________________________________________
123,12,0.0000,
1,6,0,0,1,1,0,0,0,0,0,0,0,1
0,7,0,1,1,1,0,0,0,1,0,0,1,1
_____________________________________________________
_____________________________________________________
124,0,0.0000,
0,7,0,1,1,1,0,0,0,1,0,0,1,1
0,7,0,1,1,1,0,0,0,1,0,0,1,1
_____________________________________________________
_____________________________________________________
125,0,0.0000,
0,7,0,1,1,1,0,0,0,1,0,0,1,1
0,7,1,0,0,1,1,0,1,1,0,1,1,1
_____________________________________________________
_____________________________________________________
126,0,0.0000,
0,7,1,0,0,1,1,0,1,1,0,1,1,1
1,6,1,0,0,1,1,0,1,1,0,1,1,1
_____________________________________________________
_____________________________________________________
127,11,0.0000,
1,6,1,0,0,1,1,0,1,1,0,1,1,1
1,6,1,0,0,1,0,0,1,1,0,0,0,1
_____________________________________________________
_____________________________________________________
128,12,0.0000,
1,6,1,0,0,1,0,0,1,1,0,0,0,1
1,6,0,0,0,0,0,0,1,0,0,0,0,1
_____________________________________________________
_____________________________________________________
129,7,0.0000,
1,6,0,0,0,0,0,0,1,0,0,0,0,1
0,7,1,0,0,1,0,0,1,1,0,0,0,1
_____________________________________________________
_____________________________________________________
130,0,0.0000,
0,7,1,0,0,1,0,0,1,1,0,0,0,1
1,6,1,0,0,1,0,0,1,1,0,0,0,1
_____________________________________________________
_____________________________________________________
131,12,0.0000,
1,6,1,0,0,1,0,0,1,1,0,0,0,1
1,6,0,0,0,0,0,0,1,1,0,0,0,1
_____________________________________________________
_____________________________________________________
132,7,0.0000,
1,6,0,0,0,0,0,0,1,1,0,0,0,1
1,6,1,0,0,1,0,0,0,1,0,0,0,1
_____________________________________________________
_____________________________________________________
133,12,0.0000,
1,6,1,0,0,1,0,0,0,1,0,0,0,1
0,7,0,0,0,0,0,0,1,1,0,0,0,1
_____________________________________________________
_____________________________________________________
134,0,0.0000,
0,7,0,0,0,0,0,0,1,1,0,0,0,1
0,7,1,0,0,1,0,0,1,1,0,0,0,1
_____________________________________________________
_____________________________________________________
135,0,0.0000,
0,7,1,0,0,1,0,0,1,1,0,0,0,1
0,7,1,0,0,1,0,0,1,1,0,0,0,1
_____________________________________________________
_____________________________________________________
136,0,0.0000,
0,7,1,0,0,1,0,0,1,1,0,0,0,1
1,6,1,0,0,1,0,0,1,1,0,0,0,1
_____________________________________________________
_____________________________________________________
137,12,0.0000,
1,6,1,0,0,1,0,0,1,1,0,0,0,1
0,7,0,0,0,0,0,0,1,0,0,0,0,1
_____________________________________________________
_____________________________________________________
138,0,0.0000,
0,7,0,0,0,0,0,0,1,0,0,0,0,1
0,7,1,0,0,1,0,0,1,1,0,0,0,1
_____________________________________________________
_____________________________________________________
139,0,0.0000,
0,7,1,0,0,1,0,0,1,1,0,0,0,1
0,7,0,0,0,0,0,0,0,0,0,0,0,0
_____________________________________________________
