_____________________________________________________
0,11,0.0000,
4,3,1,1,0,1,1,0,0,1,1,0,1,0
4,3,1,1,0,1,1,0,0,1,1,0,0,0
_____________________________________________________
_____________________________________________________
1,5,0.0000,
4,3,1,1,0,1,1,0,0,1,1,0,0,0
3,3,1,1,0,1,0,0,0,1,1,0,0,0
_____________________________________________________
_____________________________________________________
2,2,0.0000,
3,3,1,1,0,1,0,0,0,1,1,0,0,0
3,3,1,0,0,1,0,0,0,1,1,0,0,0
_____________________________________________________
_____________________________________________________
3,9,0.0000,
3,3,1,0,0,1,0,0,0,1,1,0,0,0
3,3,0,0,0,1,0,0,0,1,0,0,0,0
_____________________________________________________
_____________________________________________________
4,9,-1.0000,
3,3,0,0,0,1,0,0,0,1,0,0,0,0
3,4,-1,0,0,1,0,0,0,1,-1,1,0,0
_____________________________________________________
_____________________________________________________
5,9,0.0000,
3,4,-1,0,0,1,0,0,0,1,-1,1,0,0
3,4,-1,0,0,1,0,0,0,1,-1,1,0,0
_____________________________________________________
_____________________________________________________
6,9,0.0000,
3,4,-1,0,0,1,0,0,0,1,-1,1,0,0
2,4,1,0,0,1,0,0,0,1,1,1,0,0
_____________________________________________________
_____________________________________________________
7,9,0.0000,
2,4,1,0,0,1,0,0,0,1,1,1,0,0
1,4,0,0,0,1,0,0,0,1,0,1,0,0
_____________________________________________________
_____________________________________________________
8,10,0.0000,
1,4,0,0,0,1,0,0,0,1,0,1,0,0
0,7,0,0,0,1,0,0,0,1,0,0,0,0
_____________________________________________________
_____________________________________________________
9,0,0.0000,
0,7,0,0,0,1,0,0,0,1,0,0,0,0
1,6,0,0,0,1,0,0,0,1,0,0,0,0
_____________________________________________________
_____________________________________________________
10,8,0.0000,
1,6,0,0,0,1,0,0,0,1,0,0,0,0
0,7,0,0,0,1,0,0,0,0,0,0,0,0
_____________________________________________________
_____________________________________________________
11,0,0.0000,
0,7,0,0,0,1,0,0,0,0,0,0,0,0
1,6,0,0,0,1,0,0,0,0,0,1,0,0
_____________________________________________________
_____________________________________________________
12,10,0.0000,
1,6,0,0,0,1,0,0,0,0,0,1,0,0
1,6,0,0,0,1,0,0,0,1,0,0,0,0
_____________________________________________________
_____________________________________________________
13,8,0.0000,
1,6,0,0,0,1,0,0,0,1,0,0,0,0
0,7,0,0,0,0,1,0,1,0,0,0,1,0
_____________________________________________________
_____________________________________________________
14,0,0.0000,
0,7,0,0,0,0,1,0,1,0,0,0,1,0
0,7,0,1,0,1,1,0,1,1,0,0,1,0
_____________________________________________________
_____________________________________________________
15,0,0.0000,
0,7,0,1,0,1,1,0,1,1,0,0,1,0
0,7,0,1,0,1,1,0,1,1,0,0,1,0
_____________________________________________________
_____________________________________________________
16,0,0.0000,
0,7,0,1,0,1,1,0,1,1,0,0,1,0
1,6,0,1,0,1,1,0,1,0,0,0,1,0
_____________________________________________________
_____________________________________________________
17,11,0.0000,
1,6,0,1,0,1,1,0,1,0,0,0,1,0
0,7,0,0,0,0,1,0,0,0,0,0,0,0
_____________________________________________________
_____________________________________________________
18,0,0.0000,
0,7,0,0,0,0,1,0,0,0,0,0,0,0
1,6,0,0,0,0,1,0,0,0,0,0,0,0
_____________________________________________________
_____________________________________________________
19,5,0.0000,
1,6,0,0,0,0,1,0,0,0,0,0,0,0
1,6,0,1,0,1,1,0,0,1,0,0,0,0
_____________________________________________________
_____________________________________________________
20,5,0.0000,
1,6,0,1,0,1,1,0,0,1,0,0,0,0
1,6,0,1,0,1,0,0,0,1,0,0,0,0
_____________________________________________________
_____________________________________________________
21,2,0.0000,
1,6,0,1,0,1,0,0,0,1,0,0,0,0
0,7,0,1,0,1,0,1,0,1,0,1,0,1
_____________________________________________________
_____________________________________________________
22,0,0.0000,
0,7,0,1,0,1,0,1,0,1,0,1,0,1
1,6,0,1,1,1,0,1,0,1,0,1,0,1
_____________________________________________________
_____________________________________________________
23,6,0.0000,
1,6,0,1,1,1,0,1,0,1,0,1,0,1
1,6,0,1,0,1,0,0,0,1,0,0,0,0
_____________________________________________________
_____________________________________________________
24,2,0.0000,
1,6,0,1,0,1,0,0,0,1,0,0,0,0
0,7,0,0,1,0,0,1,0,0,0,1,0,1
_____________________________________________________
_____________________________________________________
25,0,0.0000,
0,7,0,0,1,0,0,1,0,0,0,1,0,1
0,7,0,0,1,0,0,1,0,0,0,1,0,1
_____________________________________________________
_____________________________________________________
26,0,0.0000,
0,7,0,0,1,0,0,1,0,0,0,1,0,1
1,6,0,1,1,1,0,1,0,1,0,1,0,1
_____________________________________________________
_____________________________________________________
27,6,0.0000,
1,6,0,1,1,1,0,1,0,1,0,1,0,1
1,6,0,0,1,0,1,1,0,0,0,0,0,0
_____________________________________________________
_____________________________________________________
28,5,0.0000,
1,6,0,0,1,0,1,1,0,0,0,0,0,0
0,7,0,0,1,0,0,0,0,0,0,0,0,0
_____________________________________________________
_____________________________________________________
29,0,0.0000,
0,7,0,0,1,0,0,0,0,0,0,0,0,0
0,7,0,0,1,0,0,0,0,0,0,0,0,0
_____________________________________________________
_____________________________________________________
30,0,0.0000,
0,7,0,0,1,0,0,0,0,0,0,0,0,0
1,6,0,0,1,0,1,1,0,0,0,0,0,0
_____________________________________________________
_____________________________________________________
31,5,0.0000,
1,6,0,0,1,0,1,1,0,0,0,0,0,0
1,6,0,0,1,0,0,0,0,1,0,0,0,1
_____________________________________________________
_____________________________________________________
32,12,0.0000,
1,6,0,0,1,0,0,0,0,1,0,0,0,1
0,7,0,0,1,0,1,1,0,0,0,0,0,0
_____________________________________________________
_____________________________________________________
33,0,0.0000,
0,7,0,0,1,0,1,1,0,0,0,0,0,0
0,7,1,0,1,0,1,1,0,0,0,0,0,0
_____________________________________________________
_____________________________________________________
34,0,0.0000,
0,7,1,0,1,0,1,1,0,0,0,0,0,0
0,7,1,0,1,0,1,1,0,0,0,0,0,0
_____________________________________________________
_____________________________________________________
35,0,0.0000,
0,7,1,0,1,0,1,1,0,0,0,0,0,0
0,7,1,0,1,0,1,1,0,0,0,0,0,0
_____________________________________________________
_____________________________________________________
36,0,0.0000,
0,7,1,0,1,0,1,1,0,0,0,0,0,0
0,7,1,0,1,0,1,1,0,0,0,0,0,0
_____________________________________________________
_____________________________________________________
37,0,0.0000,
0,7,1,0,1,0,1,1,0,0,0,0,0,0
1,6,1,0,1,0,1,1,0,0,0,0,0,0
_____________________________________________________
_____________________________________________________
38,5,0.0000,
1,6,1,0,1,0,1,1,0,0,0,0,0,0
1,6,0,0,1,0,0,0,0,0,0,0,0,0
_____________________________________________________
_____________________________________________________
39,3,0.0000,
1,6,0,0,1,0,0,0,0,0,0,0,0,0
1,6,0,0,0,0,0,0,0,0,0,0,0,0
_____________________________________________________
_____________________________________________________
40,0,0.0000,
1,6,0,0,0,0,0,0,0,0,0,0,0,0
2,5,0,0,0,0,0,0,0,0,0,0,0,0
_____________________________________________________
_____________________________________________________
41,9,-1.0000,
2,5,0,0,0,0,0,0,0,0,0,0,0,0
2,5,-1,0,0,0,0,0,1,0,0,0,1,0
_____________________________________________________
_____________________________________________________
42,1,0.0000,
2,5,-1,0,0,0,0,0,1,0,0,0,1,0
2,5,-1,1,0,0,0,1,1,0,0,1,1,0
_____________________________________________________
_____________________________________________________
43,7,0.0000,
2,5,-1,1,0,0,0,1,1,0,0,1,1,0
2,5,-1,1,0,0,0,1,0,0,0,1,1,0
_____________________________________________________
_____________________________________________________
44,1,0.0000,
2,5,-1,1,0,0,0,1,0,0,0,1,1,0
2,5,-1,1,0,0,0,1,0,0,0,1,1,0
_____________________________________________________
_____________________________________________________
45,11,0.0000,
2,5,-1,1,0,0,0,1,0,0,0,1,1,0
2,5,-1,0,0,0,0,0,0,0,0,0,0,0
_____________________________________________________
_____________________________________________________
46,1,0.0000,
2,5,-1,0,0,0,0,0,0,0,0,0,0,0
1,5,-1,0,0,0,0,0,0,1,0,0,0,0
_____________________________________________________
_____________________________________________________
47,1,0.0000,
1,5,-1,0,0,0,0,0,0,1,0,0,0,0
1,6,-1,0,0,0,0,0,0,1,0,0,0,0
_____________________________________________________
_____________________________________________________
48,1,0.0000,
1,6,-1,0,0,0,0,0,0,1,0,0,0,0
0,7,-1,0,0,0,0,0,0,1,0,0,0,0
_____________________________________________________
_____________________________________________________
49,0,0.0000,
0,7,-1,0,0,0,0,0,0,1,0,0,0,0
0,7,-1,0,0,0,0,0,0,1,0,0,0,0
_____________________________________________________
_____________________________________________________
50,0,0.0000,
0,7,-1,0,0,0,0,0,0,1,0,0,0,0
1,6,-1,0,0,0,0,0,0,1,0,0,0,0
_____________________________________________________
_____________________________________________________
51,1,0.0000,
1,6,-1,0,0,0,0,0,0,1,0,0,0,0
1,6,-1,0,0,0,1,0,0,1,0,0,0,0
_____________________________________________________
_____________________________________________________
52,1,0.0000,
1,6,-1,0,0,0,1,0,0,1,0,0,0,0
0,7,-1,0,0,0,1,0,0,1,0,0,0,0
_____________________________________________________
_____________________________________________________
53,0,0.0000,
0,7,-1,0,0,0,1,0,0,1,0,0,0,0
1,6,-1,0,0,0,1,0,0,1,0,0,0,0
_____________________________________________________
_____________________________________________________
54,1,0.0000,
1,6,-1,0,0,0,1,0,0,1,0,0,0,0
0,7,-1,0,0,0,1,0,0,1,0,0,0,0
_____________________________________________________
_____________________________________________________
55,0,0.0000,
0,7,-1,0,0,0,1,0,0,1,0,0,0,0
1,6,0,1,1,0,0,-1,1,0,0,1,0,0
_____________________________________________________
_____________________________________________________
56,7,0.0000,
1,6,0,1,1,0,0,-1,1,0,0,1,0,0
1,6,0,1,1,0,0,-1,1,0,0,1,0,0
_____________________________________________________
_____________________________________________________
57,7,0.0000,
1,6,0,1,1,0,0,-1,1,0,0,1,0,0
0,7,0,1,1,0,0,-1,0,0,0,1,0,0
_____________________________________________________
_____________________________________________________
58,0,0.0000,
0,7,0,1,1,0,0,-1,0,0,0,1,0,0
1,6,0,1,1,0,0,-1,0,0,0,1,0,0
_____________________________________________________
_____________________________________________________
59,2,0.0000,
1,6,0,1,1,0,0,-1,0,0,0,1,0,0
0,7,0,0,1,0,0,-1,0,0,0,1,0,0
_____________________________________________________
_____________________________________________________
60,0,0.0000,
0,7,0,0,1,0,0,-1,0,0,0,1,0,0
1,6,0,0,1,0,0,-1,0,0,0,1,0,0
_____________________________________________________
_____________________________________________________
61,10,0.0000,
1,6,0,0,1,0,0,-1,0,0,0,1,0,0
1,6,0,0,0,0,0,-1,0,0,0,0,0,0
_____________________________________________________
_____________________________________________________
62,10,-1.0000,
1,6,0,0,0,0,0,-1,0,0,0,0,0,0
1,6,0,0,-1,0,0,-1,0,0,0,-1,0,0
_____________________________________________________
_____________________________________________________
63,9,-1.0000,
1,6,0,0,-1,0,0,-1,0,0,0,-1,0,0
0,7,0,0,-1,0,0,-1,0,0,0,-1,0,0
_____________________________________________________
_____________________________________________________
64,0,0.0000,
0,7,0,0,-1,0,0,-1,0,0,0,-1,0,0
1,6,0,0,0,0,0,-1,1,0,0,0,0,0
_____________________________________________________
_____________________________________________________
65,7,0.0000,
1,6,0,0,0,0,0,-1,1,0,0,0,0,0
0,7,0,0,0,0,0,-1,0,0,0,0,0,0
_____________________________________________________
_____________________________________________________
66,0,0.0000,
0,7,0,0,0,0,0,-1,0,0,0,0,0,0
0,7,0,0,0,0,0,-1,0,1,0,0,0,0
_____________________________________________________
_____________________________________________________
67,0,0.0000,
0,7,0,0,0,0,0,-1,0,1,0,0,0,0
0,7,0,0,0,0,0,-1,0,1,0,0,0,0
_____________________________________________________
_____________________________________________________
68,0,0.0000,
0,7,0,0,0,0,0,-1,0,1,0,0,0,0
0,7,0,0,0,0,0,-1,0,1,0,0,0,0
_____________________________________________________
_____________________________________________________
69,0,0.0000,
0,7,0,0,0,0,0,-1,0,1,0,0,0,0
1,6,0,0,-1,0,-1,0,0,0,1,0,0,0
_____________________________________________________
_____________________________________________________
70,5,0.0000,
1,6,0,0,-1,0,-1,0,0,0,1,0,0,0
1,6,1,0,-1,0,-1,0,0,0,1,0,0,0
_____________________________________________________
_____________________________________________________
71,5,0.0000,
1,6,1,0,-1,0,-1,0,0,0,1,0,0,0
1,6,1,0,-1,0,-1,0,0,0,1,0,0,0
_____________________________________________________
_____________________________________________________
72,5,0.0000,
1,6,1,0,-1,0,-1,0,0,0,1,0,0,0
0,7,1,0,-1,0,-1,0,0,0,1,0,0,0
_____________________________________________________
_____________________________________________________
73,0,0.0000,
0,7,1,0,-1,0,-1,0,0,0,1,0,0,0
0,7,1,0,-1,0,-1,0,0,0,1,0,0,0
_____________________________________________________
_____________________________________________________
74,0,0.0000,
0,7,1,0,-1,0,-1,0,0,0,1,0,0,0
1,6,1,0,-1,0,-1,0,0,0,1,0,0,0
_____________________________________________________
_____________________________________________________
75,5,0.0000,
1,6,1,0,-1,0,-1,0,0,0,1,0,0,0
1,6,1,0,-1,0,-1,0,0,0,1,0,0,0
_____________________________________________________
_____________________________________________________
76,5,0.0000,
1,6,1,0,-1,0,-1,0,0,0,1,0,0,0
0,7,1,0,-1,0,-1,0,0,0,1,0,0,0
_____________________________________________________
_____________________________________________________
77,0,0.0000,
0,7,1,0,-1,0,-1,0,0,0,1,0,0,0
0,7,1,1,-1,0,-1,0,0,0,0,0,0,0
_____________________________________________________
_____________________________________________________
78,0,0.0000,
0,7,1,1,-1,0,-1,0,0,0,0,0,0,0
1,6,0,1,-1,0,-1,0,0,0,0,0,0,0
_____________________________________________________
_____________________________________________________
79,5,0.0000,
1,6,0,1,-1,0,-1,0,0,0,0,0,0,0
1,6,0,1,-1,0,-1,0,0,0,1,0,0,0
_____________________________________________________
_____________________________________________________
80,5,0.0000,
1,6,0,1,-1,0,-1,0,0,0,1,0,0,0
0,7,1,1,-1,1,-1,0,0,0,1,0,0,0
_____________________________________________________
_____________________________________________________
81,0,0.0000,
0,7,1,1,-1,1,-1,0,0,0,1,0,0,0
0,7,1,1,-1,1,-1,0,0,0,1,0,0,0
_____________________________________________________
_____________________________________________________
82,0,0.0000,
0,7,1,1,-1,1,-1,0,0,0,1,0,0,0
0,7,1,0,-1,1,-1,0,0,0,1,0,0,0
_____________________________________________________
_____________________________________________________
83,0,0.0000,
0,7,1,0,-1,1,-1,0,0,0,1,0,0,0
0,7,-1,1,0,1,0,0,1,0,1,1,0,1
_____________________________________________________
_____________________________________________________
84,0,0.0000,
0,7,-1,1,0,1,0,0,1,0,1,1,0,1
1,6,-1,1,0,1,0,0,1,0,0,0,0,0
_____________________________________________________
_____________________________________________________
85,1,0.0000,
1,6,-1,1,0,1,0,0,1,0,0,0,0,0
0,7,-1,1,0,1,0,0,0,0,0,0,0,0
_____________________________________________________
_____________________________________________________
86,0,0.0000,
0,7,-1,1,0,1,0,0,0,0,0,0,0,0
0,7,-1,1,0,1,0,0,0,0,0,0,0,0
_____________________________________________________
_____________________________________________________
87,0,0.0000,
0,7,-1,1,0,1,0,0,0,0,0,0,0,0
0,7,-1,1,0,1,0,0,0,0,0,0,0,0
_____________________________________________________
_____________________________________________________
88,0,0.0000,
0,7,-1,1,0,1,0,0,0,0,0,0,0,0
0,7,-1,1,0,1,0,0,0,0,0,0,0,0
_____________________________________________________
_____________________________________________________
89,0,0.0000,
0,7,-1,1,0,1,0,0,0,0,0,0,0,0
1,6,-1,1,0,1,0,0,0,0,0,0,0,0
_____________________________________________________
_____________________________________________________
90,1,0.0000,
1,6,-1,1,0,1,0,0,0,0,0,0,0,0
0,7,-1,1,0,1,0,0,0,0,0,0,0,0
_____________________________________________________
_____________________________________________________
91,0,0.0000,
0,7,-1,1,0,1,0,0,0,0,0,0,0,0
0,7,-1,1,0,1,0,0,0,0,0,0,0,0
_____________________________________________________
_____________________________________________________
92,0,0.0000,
0,7,-1,1,0,1,0,0,0,0,0,0,0,0
1,6,-1,1,0,1,0,0,0,0,0,0,0,0
_____________________________________________________
_____________________________________________________
93,1,0.0000,
1,6,-1,1,0,1,0,0,0,0,0,0,0,0
0,7,-1,1,0,1,0,0,0,0,1,1,1,1
_____________________________________________________
_____________________________________________________
94,0,0.0000,
0,7,-1,1,0,1,0,0,0,0,1,1,1,1
1,6,-1,1,0,1,1,0,1,1,1,1,1,1
_____________________________________________________
_____________________________________________________
95,11,0.0000,
1,6,-1,1,0,1,1,0,1,1,1,1,1,1
1,6,-1,1,0,1,0,0,1,0,1,1,0,1
_____________________________________________________
_____________________________________________________
96,7,0.0000,
1,6,-1,1,0,1,0,0,1,0,1,1,0,1
1,6,-1,1,0,1,1,0,0,1,1,1,1,1
_____________________________________________________
_____________________________________________________
97,11,0.0000,
1,6,-1,1,0,1,1,0,0,1,1,1,1,1
1,6,1,0,1,0,-1,1,1,0,0,1,1,1
_____________________________________________________
_____________________________________________________
98,5,0.0000,
1,6,1,0,1,0,-1,1,1,0,0,1,1,1
1,6,1,0,1,0,-1,1,1,0,0,1,1,1
_____________________________________________________
_____________________________________________________
99,5,0.0000,
1,6,1,0,1,0,-1,1,1,0,0,1,1,1
1,6,1,0,1,0,-1,1,1,0,0,1,1,1
_____________________________________________________
_____________________________________________________
100,5,0.0000,
1,6,1,0,1,0,-1,1,1,0,0,1,1,1
1,6,1,0,1,0,-1,1,1,0,0,1,1,1
_____________________________________________________
_____________________________________________________
101,5,0.0000,
1,6,1,0,1,0,-1,1,1,0,0,1,1,1
0,7,1,0,1,0,-1,1,1,0,0,1,1,1
_____________________________________________________
_____________________________________________________
102,0,0.0000,
0,7,1,0,1,0,-1,1,1,0,0,1,1,1
0,7,1,0,1,0,-1,1,1,0,0,1,1,1
_____________________________________________________
_____________________________________________________
103,0,0.0000,
0,7,1,0,1,0,-1,1,1,0,0,1,1,1
0,7,1,0,1,0,-1,1,1,0,0,1,1,0
_____________________________________________________
_____________________________________________________
104,0,0.0000,
0,7,1,0,1,0,-1,1,1,0,0,1,1,0
1,6,1,0,0,0,-1,0,1,0,0,1,0,0
_____________________________________________________
_____________________________________________________
105,5,0.0000,
1,6,1,0,0,0,-1,0,1,0,0,1,0,0
1,6,1,0,0,0,-1,0,0,0,0,1,0,0
_____________________________________________________
_____________________________________________________
106,5,0.0000,
1,6,1,0,0,0,-1,0,0,0,0,1,0,0
0,7,1,0,0,0,-1,0,0,0,0,1,0,0
_____________________________________________________
_____________________________________________________
107,0,0.0000,
0,7,1,0,0,0,-1,0,0,0,0,1,0,0
1,6,1,0,0,0,-1,0,1,0,0,0,1,0
_____________________________________________________
_____________________________________________________
108,5,0.0000,
1,6,1,0,0,0,-1,0,1,0,0,0,1,0
0,7,1,0,0,0,-1,0,1,0,0,0,1,0
_____________________________________________________
_____________________________________________________
109,0,0.0000,
0,7,1,0,0,0,-1,0,1,0,0,0,1,0
1,6,1,0,0,0,0,0,1,0,0,0,0,1
_____________________________________________________
_____________________________________________________
110,7,0.0000,
1,6,1,0,0,0,0,0,1,0,0,0,0,1
1,6,1,0,1,0,0,1,0,0,0,0,0,1
_____________________________________________________
_____________________________________________________
111,6,0.0000,
1,6,1,0,1,0,0,1,0,0,0,0,0,1
1,6,0,0,0,0,0,1,1,1,0,1,0,0
_____________________________________________________
_____________________________________________________
112,7,0.0000,
1,6,0,0,0,0,0,1,1,1,0,1,0,0
1,6,1,0,0,0,0,1,0,1,1,1,0,0
_____________________________________________________
_____________________________________________________
113,6,0.0000,
1,6,1,0,0,0,0,1,0,1,1,1,0,0
1,6,1,0,0,0,0,1,0,1,1,1,0,0
_____________________________________________________
_____________________________________________________
114,6,0.0000,
1,6,1,0,0,0,0,1,0,1,1,1,0,0
1,6,1,0,0,0,0,0,0,0,1,0,0,0
_____________________________________________________
_____________________________________________________
115,9,0.0000,
1,6,1,0,0,0,0,0,0,0,1,0,0,0
0,7,0,0,0,0,1,0,0,0,1,0,0,0
_____________________________________________________
_____________________________________________________
116,0,0.0000,
0,7,0,0,0,0,1,0,0,0,1,0,0,0
0,7,1,0,1,0,1,0,0,0,1,0,0,0
_____________________________________________________
_____________________________________________________
117,0,0.0000,
0,7,1,0,1,0,1,0,0,0,1,0,0,0
1,6,1,0,1,0,1,0,0,0,1,0,0,0
_____________________________________________________
_____________________________________________________
118,5,0.0000,
1,6,1,0,1,0,1,0,0,0,1,0,0,0
1,6,1,0,0,0,0,0,0,0,1,0,0,0
_____________________________________________________
_____________________________________________________
119,9,0.0000,
1,6,1,0,0,0,0,0,0,0,1,0,0,0
0,7,0,0,0,0,0,0,0,0,0,0,0,0
_____________________________________________________
_____________________________________________________
120,0,0.0000,
0,7,0,0,0,0,0,0,0,0,0,0,0,0
1,6,1,0,0,0,0,0,0,0,1,0,0,0
_____________________________________________________
_____________________________________________________
121,9,0.0000,
1,6,1,0,0,0,0,0,0,0,1,0,0,0
1,6,0,0,1,0,1,0,0,0,0,0,0,0
_____________________________________________________
_____________________________________________________
122,5,0.0000,
1,6,0,0,1,0,1,0,0,0,0,0,0,0
0,7,0,0,0,0,0,0,0,0,0,0,0,0
_____________________________________________________
_____________________________________________________
123,0,0.0000,
0,7,0,0,0,0,0,0,0,0,0,0,0,0
0,7,0,0,0,0,0,1,0,1,0,1,0,0
_____________________________________________________
_____________________________________________________
124,0,0.0000,
0,7,0,0,0,0,0,1,0,1,0,1,0,0
1,6,0,0,0,0,0,1,0,1,0,1,0,0
_____________________________________________________
_____________________________________________________
125,6,0.0000,
1,6,0,0,0,0,0,1,0,1,0,1,0,0
0,7,0,0,0,0,0,0,0,0,0,0,0,0
_____________________________________________________
_____________________________________________________
126,0,0.0000,
0,7,0,0,0,0,0,0,0,0,0,0,0,0
0,7,0,0,0,1,0,0,0,0,0,0,0,0
_____________________________________________________
_____________________________________________________
127,0,0.0000,
0,7,0,0,0,1,0,0,0,0,0,0,0,0
0,7,0,0,0,1,0,0,0,0,0,0,0,0
_____________________________________________________
_____________________________________________________
128,0,0.0000,
0,7,0,0,0,1,0,0,0,0,0,0,0,0
0,7,0,0,0,1,0,0,0,0,0,0,0,0
_____________________________________________________
_____________________________________________________
129,0,0.0000,
0,7,0,0,0,1,0,0,0,0,0,0,0,0
0,7,0,0,0,1,0,0,0,0,0,0,0,0
_____________________________________________________
_____________________________________________________
130,0,0.0000,
0,7,0,0,0,1,0,0,0,0,0,0,0,0
0,7,0,1,0,1,0,0,0,0,0,0,0,0
_____________________________________________________
_____________________________________________________
131,0,0.0000,
0,7,0,1,0,1,0,0,0,0,0,0,0,0
0,7,1,1,0,1,0,0,0,1,0,0,0,0
_____________________________________________________
_____________________________________________________
132,0,0.0000,
0,7,1,1,0,1,0,0,0,1,0,0,0,0
0,7,1,1,0,1,0,0,0,1,0,0,0,0
_____________________________________________________
_____________________________________________________
133,0,0.0000,
0,7,1,1,0,1,0,0,0,1,0,0,0,0
0,7,1,1,0,0,0,0,0,1,0,0,0,0
_____________________________________________________
_____________________________________________________
134,0,0.0000,
0,7,1,1,0,0,0,0,0,1,0,0,0,0
0,7,1,1,0,0,0,0,0,1,0,0,0,0
_____________________________________________________
_____________________________________________________
135,0,0.0000,
0,7,1,1,0,0,0,0,0,1,0,0,0,0
0,7,1,1,0,0,0,0,0,1,0,0,0,0
_____________________________________________________
_____________________________________________________
136,0,0.0000,
0,7,1,1,0,0,0,0,0,1,0,0,0,0
0,7,1,1,0,0,0,0,0,1,0,0,0,0
_____________________________________________________
_____________________________________________________
137,0,0.0000,
0,7,1,1,0,0,0,0,0,1,0,0,0,0
1,6,1,1,0,0,0,0,0,1,0,0,0,0
_____________________________________________________
_____________________________________________________
138,2,0.0000,
1,6,1,1,0,0,0,0,0,1,0,0,0,0
0,7,0,0,0,0,0,0,0,1,0,0,0,0
_____________________________________________________
_____________________________________________________
139,0,0.0000,
0,7,0,0,0,0,0,0,0,1,0,0,0,0
0,7,0,0,0,0,0,0,0,0,0,0,0,0
_____________________________________________________
