_____________________________________________________
0,11,0.0000,
3,5,1,0,1,1,1,1,1,1,1,1,1,1
2,5,1,0,1,1,1,1,1,1,1,1,0,1
_____________________________________________________
_____________________________________________________
1,5,0.0000,
2,5,1,0,1,1,1,1,1,1,1,1,0,1
2,4,1,0,1,0,0,1,1,1,1,1,0,1
_____________________________________________________
_____________________________________________________
2,7,0.0000,
2,4,1,0,1,0,0,1,1,1,1,1,0,1
2,5,1,0,1,0,0,1,0,1,1,1,0,1
_____________________________________________________
_____________________________________________________
3,6,0.0000,
2,5,1,0,1,0,0,1,0,1,1,1,0,1
2,5,0,0,1,0,0,0,0,1,1,0,0,0
_____________________________________________________
_____________________________________________________
4,9,0.0000,
2,5,0,0,1,0,0,0,0,1,1,0,0,0
1,5,0,0,1,0,0,0,0,0,0,0,0,0
_____________________________________________________
_____________________________________________________
5,3,0.0000,
1,5,0,0,1,0,0,0,0,0,0,0,0,0
0,7,0,0,0,0,0,0,0,0,0,0,0,0
_____________________________________________________
_____________________________________________________
6,0,0.0000,
0,7,0,0,0,0,0,0,0,0,0,0,0,0
1,6,0,0,0,0,0,0,0,0,0,0,0,0
_____________________________________________________
_____________________________________________________
7,0,0.0000,
1,6,0,0,0,0,0,0,0,0,0,0,0,0
2,5,0,0,0,0,0,0,0,0,0,0,0,0
_____________________________________________________
_____________________________________________________
8,9,-1.0000,
2,5,0,0,0,0,0,0,0,0,0,0,0,0
2,5,0,0,0,0,0,0,0,0,-1,0,0,0
_____________________________________________________
_____________________________________________________
9,9,0.0000,
2,5,0,0,0,0,0,0,0,0,-1,0,0,0
2,5,0,0,0,0,0,0,0,0,0,0,0,0
_____________________________________________________
_____________________________________________________
10,9,-1.0000,
2,5,0,0,0,0,0,0,0,0,0,0,0,0
1,5,0,0,0,0,0,0,0,0,-1,0,0,0
_____________________________________________________
_____________________________________________________
11,9,0.0000,
1,5,0,0,0,0,0,0,0,0,-1,0,0,0
0,7,0,0,0,0,0,0,0,0,-1,0,0,0
_____________________________________________________
_____________________________________________________
12,0,0.0000,
0,7,0,0,0,0,0,0,0,0,-1,0,0,0
0,7,0,0,0,0,0,0,0,0,-1,0,0,1
_____________________________________________________
_____________________________________________________
13,0,0.0000,
0,7,0,0,0,0,0,0,0,0,-1,0,0,1
0,7,0,0,1,0,0,0,1,1,1,0,1,0
_____________________________________________________
_____________________________________________________
14,0,0.0000,
0,7,0,0,1,0,0,0,1,1,1,0,1,0
0,7,0,0,1,0,0,0,1,1,1,0,1,0
_____________________________________________________
_____________________________________________________
15,0,0.0000,
0,7,0,0,1,0,0,0,1,1,1,0,1,0
1,6,0,0,1,0,0,0,1,1,1,0,1,0
_____________________________________________________
_____________________________________________________
16,11,0.0000,
1,6,0,0,1,0,0,0,1,1,1,0,1,0
0,7,0,0,1,0,0,0,0,1,0,0,0,1
_____________________________________________________
_____________________________________________________
17,0,0.0000,
0,7,0,0,1,0,0,0,0,1,0,0,0,1
0,7,1,1,1,1,0,0,0,1,0,0,0,1
_____________________________________________________
_____________________________________________________
18,0,0.0000,
0,7,1,1,1,1,0,0,0,1,0,0,0,1
0,7,1,1,1,1,0,0,1,1,1,0,1,1
_____________________________________________________
_____________________________________________________
19,0,0.0000,
0,7,1,1,1,1,0,0,1,1,1,0,1,1
1,6,1,1,1,1,1,0,1,1,1,0,1,1
_____________________________________________________
_____________________________________________________
20,11,0.0000,
1,6,1,1,1,1,1,0,1,1,1,0,1,1
0,7,1,1,1,1,1,0,0,1,0,0,0,1
_____________________________________________________
_____________________________________________________
21,0,0.0000,
0,7,1,1,1,1,1,0,0,1,0,0,0,1
0,7,1,1,1,1,1,0,0,1,0,0,0,1
_____________________________________________________
_____________________________________________________
22,0,0.0000,
0,7,1,1,1,1,1,0,0,1,0,0,0,1
0,7,1,1,1,1,1,0,0,1,0,0,0,1
_____________________________________________________
_____________________________________________________
23,0,0.0000,
0,7,1,1,1,1,1,0,0,1,0,0,0,1
0,7,1,1,1,1,1,0,0,1,0,0,0,1
_____________________________________________________
_____________________________________________________
24,0,0.0000,
0,7,1,1,1,1,1,0,0,1,0,0,0,1
0,7,1,1,1,1,1,0,0,0,0,1,0,1
_____________________________________________________
_____________________________________________________
25,0,0.0000,
0,7,1,1,1,1,1,0,0,0,0,1,0,1
1,6,1,1,0,1,1,0,0,0,0,1,0,1
_____________________________________________________
_____________________________________________________
26,5,0.0000,
1,6,1,1,0,1,1,0,0,0,0,1,0,1
0,7,1,1,0,1,0,0,0,0,0,1,1,1
_____________________________________________________
_____________________________________________________
27,0,0.0000,
0,7,1,1,0,1,0,0,0,0,0,1,1,1
0,7,1,0,0,1,0,1,0,0,1,0,1,1
_____________________________________________________
_____________________________________________________
28,0,0.0000,
0,7,1,0,0,1,0,1,0,0,1,0,1,1
0,7,1,0,0,0,0,1,0,0,0,0,1,0
_____________________________________________________
_____________________________________________________
29,0,0.0000,
0,7,1,0,0,0,0,1,0,0,0,0,1,0
0,7,1,0,0,0,0,1,0,0,0,0,1,0
_____________________________________________________
_____________________________________________________
30,0,0.0000,
0,7,1,0,0,0,0,1,0,0,0,0,1,0
1,6,1,0,0,0,0,1,0,1,0,1,1,0
_____________________________________________________
_____________________________________________________
31,11,0.0000,
1,6,1,0,0,0,0,1,0,1,0,1,1,0
1,6,1,0,0,0,1,1,0,1,0,1,0,0
_____________________________________________________
_____________________________________________________
32,5,0.0000,
1,6,1,0,0,0,1,1,0,1,0,1,0,0
1,6,1,0,0,0,0,1,0,1,0,1,0,1
_____________________________________________________
_____________________________________________________
33,6,0.0000,
1,6,1,0,0,0,0,1,0,1,0,1,0,1
1,6,1,0,0,1,0,0,0,1,1,1,0,1
_____________________________________________________
_____________________________________________________
34,12,0.0000,
1,6,1,0,0,1,0,0,0,1,1,1,0,1
0,7,1,0,0,0,0,0,0,1,0,1,0,0
_____________________________________________________
_____________________________________________________
35,0,0.0000,
0,7,1,0,0,0,0,0,0,1,0,1,0,0
1,6,1,0,0,0,0,0,0,1,0,1,0,0
_____________________________________________________
_____________________________________________________
36,8,0.0000,
1,6,1,0,0,0,0,0,0,1,0,1,0,0
1,6,1,0,0,0,0,0,0,0,0,0,0,0
_____________________________________________________
_____________________________________________________
37,1,0.0000,
1,6,1,0,0,0,0,0,0,0,0,0,0,0
1,6,0,0,0,0,0,0,0,0,0,0,0,0
_____________________________________________________
_____________________________________________________
38,0,0.0000,
1,6,0,0,0,0,0,0,0,0,0,0,0,0
1,5,0,0,0,0,0,0,0,0,0,0,0,0
_____________________________________________________
_____________________________________________________
39,0,0.0000,
1,5,0,0,0,0,0,0,0,0,0,0,0,0
2,4,0,0,0,0,0,1,0,0,0,0,0,1
_____________________________________________________
_____________________________________________________
40,6,0.0000,
2,4,0,0,0,0,0,1,0,0,0,0,0,1
2,5,0,0,0,1,0,0,0,0,1,0,0,1
_____________________________________________________
_____________________________________________________
41,12,0.0000,
2,5,0,0,0,1,0,0,0,0,1,0,0,1
1,5,0,0,0,0,0,0,0,0,0,0,0,0
_____________________________________________________
_____________________________________________________
42,0,0.0000,
1,5,0,0,0,0,0,0,0,0,0,0,0,0
1,4,0,0,0,0,0,0,1,0,0,0,0,0
_____________________________________________________
_____________________________________________________
43,7,0.0000,
1,4,0,0,0,0,0,0,1,0,0,0,0,0
1,6,0,0,0,0,0,0,0,0,0,0,0,0
_____________________________________________________
_____________________________________________________
44,0,0.0000,
1,6,0,0,0,0,0,0,0,0,0,0,0,0
1,5,0,0,0,0,0,0,0,0,0,0,0,0
_____________________________________________________
_____________________________________________________
45,0,0.0000,
1,5,0,0,0,0,0,0,0,0,0,0,0,0
2,4,0,0,0,0,0,0,0,0,0,0,0,0
_____________________________________________________
_____________________________________________________
46,9,-1.0000,
2,4,0,0,0,0,0,0,0,0,0,0,0,0
2,5,0,0,-1,0,0,0,0,0,-1,0,0,0
_____________________________________________________
_____________________________________________________
47,9,0.0000,
2,5,0,0,-1,0,0,0,0,0,-1,0,0,0
2,5,0,0,-1,0,0,0,0,0,-1,0,0,0
_____________________________________________________
_____________________________________________________
48,9,0.0000,
2,5,0,0,-1,0,0,0,0,0,-1,0,0,0
2,5,0,0,-1,0,0,0,0,0,-1,0,0,0
_____________________________________________________
_____________________________________________________
49,9,0.0000,
2,5,0,0,-1,0,0,0,0,0,-1,0,0,0
1,5,0,0,-1,0,0,0,0,0,-1,0,0,0
_____________________________________________________
_____________________________________________________
50,9,0.0000,
1,5,0,0,-1,0,0,0,0,0,-1,0,0,0
0,7,0,0,-1,0,0,0,0,0,-1,0,0,0
_____________________________________________________
_____________________________________________________
51,0,0.0000,
0,7,0,0,-1,0,0,0,0,0,-1,0,0,0
0,7,0,0,-1,0,0,0,0,0,-1,0,0,0
_____________________________________________________
_____________________________________________________
52,0,0.0000,
0,7,0,0,-1,0,0,0,0,0,-1,0,0,0
0,7,0,0,-1,0,0,0,0,0,-1,0,0,0
_____________________________________________________
_____________________________________________________
53,0,0.0000,
0,7,0,0,-1,0,0,0,0,0,-1,0,0,0
1,6,0,0,-1,0,0,0,0,0,-1,0,0,0
_____________________________________________________
_____________________________________________________
54,9,0.0000,
1,6,0,0,-1,0,0,0,0,0,-1,0,0,0
1,6,0,0,-1,0,0,0,0,0,-1,0,0,0
_____________________________________________________
_____________________________________________________
55,9,0.0000,
1,6,0,0,-1,0,0,0,0,0,-1,0,0,0
1,6,0,0,-1,0,1,-1,0,1,1,-1,1,0
_____________________________________________________
_____________________________________________________
56,11,0.0000,
1,6,0,0,-1,0,1,-1,0,1,1,-1,1,0
0,7,1,0,-1,0,1,-1,0,0,1,-1,0,0
_____________________________________________________
_____________________________________________________
57,0,0.0000,
0,7,1,0,-1,0,1,-1,0,0,1,-1,0,0
1,6,1,0,-1,0,1,-1,0,1,1,-1,1,0
_____________________________________________________
_____________________________________________________
58,11,0.0000,
1,6,1,0,-1,0,1,-1,0,1,1,-1,1,0
1,6,1,0,-1,0,1,-1,0,0,1,-1,0,0
_____________________________________________________
_____________________________________________________
59,11,-1.0000,
1,6,1,0,-1,0,1,-1,0,0,1,-1,0,0
0,7,1,0,-1,1,1,-1,0,1,1,-1,1,0
_____________________________________________________
_____________________________________________________
60,0,0.0000,
0,7,1,0,-1,1,1,-1,0,1,1,-1,1,0
1,6,0,0,-1,1,0,-1,0,0,0,0,0,0
_____________________________________________________
_____________________________________________________
61,9,-1.0000,
1,6,0,0,-1,1,0,-1,0,0,0,0,0,0
1,6,-1,0,0,0,-1,-1,0,0,-1,0,0,0
_____________________________________________________
_____________________________________________________
62,9,0.0000,
1,6,-1,0,0,0,-1,-1,0,0,-1,0,0,0
1,6,-1,0,0,1,-1,1,0,1,-1,0,1,0
_____________________________________________________
_____________________________________________________
63,5,0.0000,
1,6,-1,0,0,1,-1,1,0,1,-1,0,1,0
0,7,-1,0,0,1,-1,1,0,1,-1,0,1,0
_____________________________________________________
_____________________________________________________
64,0,0.0000,
0,7,-1,0,0,1,-1,1,0,1,-1,0,1,0
1,6,1,0,0,1,1,1,0,1,1,0,1,0
_____________________________________________________
_____________________________________________________
65,11,0.0000,
1,6,1,0,0,1,1,1,0,1,1,0,1,0
1,6,1,0,0,0,1,1,0,0,1,0,0,0
_____________________________________________________
_____________________________________________________
66,5,0.0000,
1,6,1,0,0,0,1,1,0,0,1,0,0,0
0,7,0,0,0,0,0,1,0,0,0,0,1,0
_____________________________________________________
_____________________________________________________
67,0,0.0000,
0,7,0,0,0,0,0,1,0,0,0,0,1,0
0,7,1,0,0,1,1,1,0,1,1,0,1,0
_____________________________________________________
_____________________________________________________
68,0,0.0000,
0,7,1,0,0,1,1,1,0,1,1,0,1,0
0,7,1,0,0,1,1,1,0,1,1,0,1,0
_____________________________________________________
_____________________________________________________
69,0,0.0000,
0,7,1,0,0,1,1,1,0,1,1,0,1,0
1,6,1,0,0,0,1,1,0,0,0,0,0,0
_____________________________________________________
_____________________________________________________
70,5,0.0000,
1,6,1,0,0,0,1,1,0,0,0,0,0,0
0,7,0,0,0,0,0,0,0,0,0,0,0,0
_____________________________________________________
_____________________________________________________
71,0,0.0000,
0,7,0,0,0,0,0,0,0,0,0,0,0,0
1,6,0,0,0,0,0,0,0,0,0,0,0,0
_____________________________________________________
_____________________________________________________
72,0,0.0000,
1,6,0,0,0,0,0,0,0,0,0,0,0,0
1,5,0,0,0,0,0,0,0,0,0,0,0,0
_____________________________________________________
_____________________________________________________
73,0,0.0000,
1,5,0,0,0,0,0,0,0,0,0,0,0,0
2,4,0,0,0,0,0,0,0,0,0,0,0,0
_____________________________________________________
_____________________________________________________
74,9,-1.0000,
2,4,0,0,0,0,0,0,0,0,0,0,0,0
2,5,0,0,0,0,0,0,0,0,-1,0,0,0
_____________________________________________________
_____________________________________________________
75,9,0.0000,
2,5,0,0,0,0,0,0,0,0,-1,0,0,0
2,5,0,0,0,0,0,0,0,0,-1,0,0,0
_____________________________________________________
_____________________________________________________
76,9,0.0000,
2,5,0,0,0,0,0,0,0,0,-1,0,0,0
2,5,1,0,0,0,0,0,0,0,-1,0,0,0
_____________________________________________________
_____________________________________________________
77,9,0.0000,
2,5,1,0,0,0,0,0,0,0,-1,0,0,0
1,5,1,0,0,0,0,0,0,0,1,0,0,0
_____________________________________________________
_____________________________________________________
78,9,0.0000,
1,5,1,0,0,0,0,0,0,0,1,0,0,0
1,6,1,0,0,0,0,1,0,0,0,0,0,0
_____________________________________________________
_____________________________________________________
79,6,0.0000,
1,6,1,0,0,0,0,1,0,0,0,0,0,0
0,7,1,0,1,0,0,0,0,0,0,0,1,0
_____________________________________________________
_____________________________________________________
80,0,0.0000,
0,7,1,0,1,0,0,0,0,0,0,0,1,0
0,7,1,0,1,0,0,0,0,0,0,0,1,0
_____________________________________________________
_____________________________________________________
81,0,0.0000,
0,7,1,0,1,0,0,0,0,0,0,0,1,0
1,6,1,0,1,0,0,0,0,0,0,0,1,0
_____________________________________________________
_____________________________________________________
82,11,0.0000,
1,6,1,0,1,0,0,0,0,0,0,0,1,0
0,7,1,0,0,0,0,0,0,0,0,0,0,0
_____________________________________________________
_____________________________________________________
83,0,0.0000,
0,7,1,0,0,0,0,0,0,0,0,0,0,0
1,6,0,0,0,0,0,0,1,0,0,1,1,0
_____________________________________________________
_____________________________________________________
84,11,0.0000,
1,6,0,0,0,0,0,0,1,0,0,1,1,0
0,7,0,0,0,0,0,0,0,0,0,0,0,0
_____________________________________________________
_____________________________________________________
85,0,0.0000,
0,7,0,0,0,0,0,0,0,0,0,0,0,0
0,7,0,0,0,0,0,0,0,0,0,0,0,0
_____________________________________________________
_____________________________________________________
86,0,0.0000,
0,7,0,0,0,0,0,0,0,0,0,0,0,0
0,7,0,0,0,0,0,0,0,0,0,0,0,0
_____________________________________________________
_____________________________________________________
87,0,0.0000,
0,7,0,0,0,0,0,0,0,0,0,0,0,0
1,6,0,0,0,0,0,0,0,0,0,0,0,0
_____________________________________________________
_____________________________________________________
88,0,0.0000,
1,6,0,0,0,0,0,0,0,0,0,0,0,0
1,5,0,0,0,0,0,0,0,0,0,0,0,0
_____________________________________________________
_____________________________________________________
89,0,0.0000,
1,5,0,0,0,0,0,0,0,0,0,0,0,0
2,4,0,0,0,0,0,0,0,0,0,0,0,0
_____________________________________________________
_____________________________________________________
90,9,-1.0000,
2,4,0,0,0,0,0,0,0,0,0,0,0,0
1,5,0,1,1,0,0,0,0,0,0,1,1,1
_____________________________________________________
_____________________________________________________
91,11,0.0000,
1,5,0,1,1,0,0,0,0,0,0,1,1,1
0,7,0,1,1,0,0,1,0,0,0,0,0,1
_____________________________________________________
_____________________________________________________
92,0,0.0000,
0,7,0,1,1,0,0,1,0,0,0,0,0,1
0,7,0,1,1,0,0,1,0,0,0,0,0,1
_____________________________________________________
_____________________________________________________
93,0,0.0000,
0,7,0,1,1,0,0,1,0,0,0,0,0,1
1,6,0,1,1,0,0,1,0,0,0,0,0,1
_____________________________________________________
_____________________________________________________
94,6,0.0000,
1,6,0,1,1,0,0,1,0,0,0,0,0,1
1,6,0,1,1,0,0,0,0,0,0,0,0,0
_____________________________________________________
_____________________________________________________
95,2,0.0000,
1,6,0,1,1,0,0,0,0,0,0,0,0,0
1,6,0,0,0,0,0,0,0,0,0,0,0,0
_____________________________________________________
_____________________________________________________
96,0,0.0000,
1,6,0,0,0,0,0,0,0,0,0,0,0,0
1,5,0,0,0,0,0,0,0,0,0,0,0,0
_____________________________________________________
_____________________________________________________
97,0,0.0000,
1,5,0,0,0,0,0,0,0,0,0,0,0,0
2,4,1,0,1,0,0,0,0,0,1,1,1,0
_____________________________________________________
_____________________________________________________
98,11,0.0000,
2,4,1,0,1,0,0,0,0,0,1,1,1,0
1,5,1,0,1,0,0,0,0,0,0,0,0,0
_____________________________________________________
_____________________________________________________
99,1,0.0000,
1,5,1,0,1,0,0,0,0,0,0,0,0,0
0,7,0,0,0,0,0,0,0,0,0,0,0,0
_____________________________________________________
_____________________________________________________
100,0,0.0000,
0,7,0,0,0,0,0,0,0,0,0,0,0,0
1,6,0,0,0,0,0,0,0,0,1,1,0,1
_____________________________________________________
_____________________________________________________
101,12,0.0000,
1,6,0,0,0,0,0,0,0,0,1,1,0,1
0,7,0,0,0,0,0,0,0,0,0,0,0,0
_____________________________________________________
_____________________________________________________
102,0,0.0000,
0,7,0,0,0,0,0,0,0,0,0,0,0,0
1,6,0,0,0,0,0,0,0,0,0,0,0,0
_____________________________________________________
_____________________________________________________
103,0,0.0000,
1,6,0,0,0,0,0,0,0,0,0,0,0,0
2,5,0,0,0,0,0,0,0,0,0,0,0,0
_____________________________________________________
_____________________________________________________
104,9,-1.0000,
2,5,0,0,0,0,0,0,0,0,0,0,0,0
1,5,1,0,1,0,0,0,0,1,-1,-1,0,-1
_____________________________________________________
_____________________________________________________
105,12,0.0000,
1,5,1,0,1,0,0,0,0,1,-1,-1,0,-1
1,6,1,0,1,0,0,1,0,1,-1,-1,0,-1
_____________________________________________________
_____________________________________________________
106,6,0.0000,
1,6,1,0,1,0,0,1,0,1,-1,-1,0,-1
1,6,1,0,1,0,0,0,0,0,-1,0,0,0
_____________________________________________________
_____________________________________________________
107,9,0.0000,
1,6,1,0,1,0,0,0,0,0,-1,0,0,0
1,6,1,0,1,0,0,0,0,0,0,0,0,0
_____________________________________________________
_____________________________________________________
108,1,0.0000,
1,6,1,0,1,0,0,0,0,0,0,0,0,0
1,6,0,0,0,0,0,0,0,0,0,0,0,0
_____________________________________________________
_____________________________________________________
109,0,0.0000,
1,6,0,0,0,0,0,0,0,0,0,0,0,0
1,5,0,0,0,0,0,0,0,0,0,0,0,0
_____________________________________________________
_____________________________________________________
110,0,0.0000,
1,5,0,0,0,0,0,0,0,0,0,0,0,0
2,4,0,0,0,0,0,0,0,0,0,0,0,0
_____________________________________________________
_____________________________________________________
111,9,-1.0000,
2,4,0,0,0,0,0,0,0,0,0,0,0,0
1,5,0,0,0,0,1,1,0,1,0,0,0,0
_____________________________________________________
_____________________________________________________
112,5,0.0000,
1,5,0,0,0,0,1,1,0,1,0,0,0,0
0,7,0,0,0,0,0,0,0,0,0,0,0,0
_____________________________________________________
_____________________________________________________
113,0,0.0000,
0,7,0,0,0,0,0,0,0,0,0,0,0,0
0,7,0,0,0,0,0,0,0,0,0,0,0,0
_____________________________________________________
_____________________________________________________
114,0,0.0000,
0,7,0,0,0,0,0,0,0,0,0,0,0,0
0,7,0,0,0,0,0,0,0,0,0,0,0,0
_____________________________________________________
_____________________________________________________
115,0,0.0000,
0,7,0,0,0,0,0,0,0,0,0,0,0,0
0,7,0,0,0,0,0,0,1,0,0,1,0,0
_____________________________________________________
_____________________________________________________
116,0,0.0000,
0,7,0,0,0,0,0,0,1,0,0,1,0,0
0,7,0,1,0,0,0,0,1,0,0,1,0,0
_____________________________________________________
_____________________________________________________
117,0,0.0000,
0,7,0,1,0,0,0,0,1,0,0,1,0,0
1,6,0,1,0,0,0,0,1,0,0,1,0,0
_____________________________________________________
_____________________________________________________
118,7,0.0000,
1,6,0,1,0,0,0,0,1,0,0,1,0,0
0,7,0,0,0,0,0,0,0,0,0,0,0,0
_____________________________________________________
_____________________________________________________
119,0,0.0000,
0,7,0,0,0,0,0,0,0,0,0,0,0,0
0,7,0,0,0,0,0,0,0,0,0,0,0,0
_____________________________________________________
_____________________________________________________
120,0,0.0000,
0,7,0,0,0,0,0,0,0,0,0,0,0,0
1,6,0,0,0,0,0,0,0,1,0,0,0,0
_____________________________________________________
_____________________________________________________
121,8,0.0000,
1,6,0,0,0,0,0,0,0,1,0,0,0,0
0,7,0,0,0,0,0,0,0,0,0,0,0,0
_____________________________________________________
_____________________________________________________
122,0,0.0000,
0,7,0,0,0,0,0,0,0,0,0,0,0,0
1,6,0,0,0,0,0,0,0,0,0,0,0,0
_____________________________________________________
_____________________________________________________
123,0,0.0000,
1,6,0,0,0,0,0,0,0,0,0,0,0,0
1,5,0,0,0,0,0,0,0,0,0,0,0,0
_____________________________________________________
_____________________________________________________
124,0,0.0000,
1,5,0,0,0,0,0,0,0,0,0,0,0,0
2,4,0,0,0,0,0,0,0,0,0,0,0,0
_____________________________________________________
_____________________________________________________
125,9,-1.0000,
2,4,0,0,0,0,0,0,0,0,0,0,0,0
2,5,0,0,0,0,1,0,0,0,0,0,0,0
_____________________________________________________
_____________________________________________________
126,5,0.0000,
2,5,0,0,0,0,1,0,0,0,0,0,0,0
1,5,0,0,0,0,0,0,0,0,0,0,0,0
_____________________________________________________
_____________________________________________________
127,0,0.0000,
1,5,0,0,0,0,0,0,0,0,0,0,0,0
2,4,0,0,0,0,0,0,0,0,0,0,0,0
_____________________________________________________
_____________________________________________________
128,9,-1.0000,
2,4,0,0,0,0,0,0,0,0,0,0,0,0
1,5,-1,0,0,0,0,0,0,0,-1,0,0,0
_____________________________________________________
_____________________________________________________
129,9,0.0000,
1,5,-1,0,0,0,0,0,0,0,-1,0,0,0
0,7,-1,0,0,0,0,0,0,0,-1,0,0,0
_____________________________________________________
_____________________________________________________
130,0,0.0000,
0,7,-1,0,0,0,0,0,0,0,-1,0,0,0
1,6,-1,0,0,0,0,0,0,0,-1,0,0,0
_____________________________________________________
_____________________________________________________
131,9,0.0000,
1,6,-1,0,0,0,0,0,0,0,-1,0,0,0
1,6,1,0,0,0,0,0,0,0,1,0,0,0
_____________________________________________________
_____________________________________________________
132,9,0.0000,
1,6,1,0,0,0,0,0,0,0,1,0,0,0
0,7,0,0,0,0,0,0,0,0,0,0,0,0
_____________________________________________________
_____________________________________________________
133,0,0.0000,
0,7,0,0,0,0,0,0,0,0,0,0,0,0
1,6,0,0,0,0,0,0,0,0,0,0,0,0
_____________________________________________________
_____________________________________________________
134,0,0.0000,
1,6,0,0,0,0,0,0,0,0,0,0,0,0
2,5,0,0,0,0,0,0,0,0,0,0,0,0
_____________________________________________________
_____________________________________________________
135,9,-1.0000,
2,5,0,0,0,0,0,0,0,0,0,0,0,0
1,5,-1,0,0,0,0,0,0,0,-1,1,1,0
_____________________________________________________
_____________________________________________________
136,9,0.0000,
1,5,-1,0,0,0,0,0,0,0,-1,1,1,0
1,6,-1,0,1,0,0,0,1,0,-1,1,1,0
_____________________________________________________
_____________________________________________________
137,9,0.0000,
1,6,-1,0,1,0,0,0,1,0,-1,1,1,0
1,6,-1,0,1,1,0,1,1,0,-1,1,1,0
_____________________________________________________
_____________________________________________________
138,9,0.0000,
1,6,-1,0,1,1,0,1,1,0,-1,1,1,0
0,7,-1,0,1,1,0,1,1,0,-1,1,1,0
_____________________________________________________
_____________________________________________________
139,0,0.0000,
0,7,-1,0,1,1,0,1,1,0,-1,1,1,0
0,7,0,0,0,0,0,0,0,0,0,0,0,0
_____________________________________________________
