_____________________________________________________
0,5,0.0000,
2,5,1,0,0,0,1,0,0,1,0,0,0,1
1,5,1,0,0,0,0,0,0,0,0,0,0,0
_____________________________________________________
_____________________________________________________
1,1,0.0000,
1,5,1,0,0,0,0,0,0,0,0,0,0,0
1,6,0,0,0,0,0,0,0,0,0,0,0,1
_____________________________________________________
_____________________________________________________
2,12,0.0000,
1,6,0,0,0,0,0,0,0,0,0,0,0,1
1,6,0,0,0,0,0,0,0,0,0,0,0,0
_____________________________________________________
_____________________________________________________
3,0,0.0000,
1,6,0,0,0,0,0,0,0,0,0,0,0,0
1,5,0,0,0,0,0,0,0,0,0,0,0,0
_____________________________________________________
_____________________________________________________
4,0,0.0000,
1,5,0,0,0,0,0,0,0,0,0,0,0,0
1,4,0,0,0,0,1,0,0,1,0,0,0,1
_____________________________________________________
_____________________________________________________
5,5,0.0000,
1,4,0,0,0,0,1,0,0,1,0,0,0,1
0,7,0,0,0,0,0,0,0,0,0,0,0,0
_____________________________________________________
_____________________________________________________
6,0,0.0000,
0,7,0,0,0,0,0,0,0,0,0,0,0,0
0,7,0,0,0,0,0,0,0,0,0,0,0,0
_____________________________________________________
_____________________________________________________
7,0,0.0000,
0,7,0,0,0,0,0,0,0,0,0,0,0,0
1,6,0,0,0,0,0,0,0,0,0,0,0,0
_____________________________________________________
_____________________________________________________
8,0,0.0000,
1,6,0,0,0,0,0,0,0,0,0,0,0,0
2,5,1,0,0,0,0,0,0,0,0,0,0,0
_____________________________________________________
_____________________________________________________
9,1,0.0000,
2,5,1,0,0,0,0,0,0,0,0,0,0,0
1,5,0,0,0,0,0,0,0,0,0,0,0,0
_____________________________________________________
_____________________________________________________
10,0,0.0000,
1,5,0,0,0,0,0,0,0,0,0,0,0,0
2,4,0,0,0,0,0,0,0,0,0,0,0,1
_____________________________________________________
_____________________________________________________
11,12,0.0000,
2,4,0,0,0,0,0,0,0,0,0,0,0,1
1,5,0,0,0,0,0,0,0,0,0,0,0,0
_____________________________________________________
_____________________________________________________
12,0,0.0000,
1,5,0,0,0,0,0,0,0,0,0,0,0,0
1,4,0,0,0,0,1,0,0,1,0,0,0,1
_____________________________________________________
_____________________________________________________
13,5,0.0000,
1,4,0,0,0,0,1,0,0,1,0,0,0,1
0,7,0,1,0,0,0,0,0,0,0,0,0,0
_____________________________________________________
_____________________________________________________
14,0,0.0000,
0,7,0,1,0,0,0,0,0,0,0,0,0,0
0,7,0,1,0,0,0,0,0,0,0,0,0,0
_____________________________________________________
_____________________________________________________
15,0,0.0000,
0,7,0,1,0,0,0,0,0,0,0,0,0,0
1,6,0,1,0,0,0,0,0,0,0,0,0,0
_____________________________________________________
_____________________________________________________
16,2,0.0000,
1,6,0,1,0,0,0,0,0,0,0,0,0,0
0,7,0,0,0,0,0,0,0,0,0,0,0,0
_____________________________________________________
_____________________________________________________
17,0,0.0000,
0,7,0,0,0,0,0,0,0,0,0,0,0,0
0,7,0,0,0,0,0,0,0,0,1,1,0,0
_____________________________________________________
_____________________________________________________
18,0,0.0000,
0,7,0,0,0,0,0,0,0,0,1,1,0,0
0,7,0,0,1,0,0,0,0,0,1,1,0,0
_____________________________________________________
_____________________________________________________
19,0,0.0000,
0,7,0,0,1,0,0,0,0,0,1,1,0,0
0,7,0,0,1,0,0,0,0,0,1,1,0,0
_____________________________________________________
_____________________________________________________
20,0,0.0000,
0,7,0,0,1,0,0,0,0,0,1,1,0,0
0,7,0,1,1,0,0,0,0,0,0,1,0,0
_____________________________________________________
_____________________________________________________
21,0,0.0000,
0,7,0,1,1,0,0,0,0,0,0,1,0,0
0,7,0,1,0,0,0,0,0,0,0,1,0,0
_____________________________________________________
_____________________________________________________
22,0,0.0000,
0,7,0,1,0,0,0,0,0,0,0,1,0,0
1,6,0,1,0,0,0,0,0,0,0,1,0,0
_____________________________________________________
_____________________________________________________
23,2,0.0000,
1,6,0,1,0,0,0,0,0,0,0,1,0,0
1,6,0,0,0,0,1,0,0,0,1,0,0,0
_____________________________________________________
_____________________________________________________
24,5,0.0000,
1,6,0,0,0,0,1,0,0,0,1,0,0,0
0,7,0,0,1,0,0,0,1,0,1,0,0,0
_____________________________________________________
_____________________________________________________
25,0,0.0000,
0,7,0,0,1,0,0,0,1,0,1,0,0,0
0,7,1,0,1,0,0,1,1,0,1,0,0,0
_____________________________________________________
_____________________________________________________
26,0,0.0000,
0,7,1,0,1,0,0,1,1,0,1,0,0,0
1,6,1,0,1,0,0,1,1,0,1,0,0,0
_____________________________________________________
_____________________________________________________
27,7,0.0000,
1,6,1,0,1,0,0,1,1,0,1,0,0,0
0,7,0,0,1,0,0,0,0,0,0,0,0,0
_____________________________________________________
_____________________________________________________
28,0,0.0000,
0,7,0,0,1,0,0,0,0,0,0,0,0,0
0,7,0,0,1,0,0,0,0,0,0,0,0,0
_____________________________________________________
_____________________________________________________
29,0,0.0000,
0,7,0,0,1,0,0,0,0,0,0,0,0,0
0,7,0,0,1,0,0,0,0,0,0,0,0,0
_____________________________________________________
_____________________________________________________
30,0,0.0000,
0,7,0,0,1,0,0,0,0,0,0,0,0,0
1,6,0,0,1,0,0,0,0,0,0,0,0,0
_____________________________________________________
_____________________________________________________
31,3,0.0000,
1,6,0,0,1,0,0,0,0,0,0,0,0,0
0,7,0,0,0,0,0,0,0,0,0,0,0,0
_____________________________________________________
_____________________________________________________
32,0,0.0000,
0,7,0,0,0,0,0,0,0,0,0,0,0,0
0,7,0,0,0,0,0,0,0,0,0,0,0,0
_____________________________________________________
_____________________________________________________
33,0,0.0000,
0,7,0,0,0,0,0,0,0,0,0,0,0,0
1,6,0,0,0,0,0,0,0,0,0,0,0,0
_____________________________________________________
_____________________________________________________
34,0,0.0000,
1,6,0,0,0,0,0,0,0,0,0,0,0,0
1,5,0,0,0,0,0,0,0,0,0,0,0,0
_____________________________________________________
_____________________________________________________
35,0,0.0000,
1,5,0,0,0,0,0,0,0,0,0,0,0,0
2,4,0,0,0,0,0,0,0,0,0,0,0,0
_____________________________________________________
_____________________________________________________
36,9,-1.0000,
2,4,0,0,0,0,0,0,0,0,0,0,0,0
2,5,0,0,0,0,1,0,-1,-1,-1,1,0,1
_____________________________________________________
_____________________________________________________
37,9,0.0000,
2,5,0,0,0,0,1,0,-1,-1,-1,1,0,1
2,5,0,1,0,0,1,0,-1,-1,-1,1,0,1
_____________________________________________________
_____________________________________________________
38,9,0.0000,
2,5,0,1,0,0,1,0,-1,-1,-1,1,0,1
2,5,0,1,0,0,1,0,1,1,1,1,0,1
_____________________________________________________
_____________________________________________________
39,5,0.0000,
2,5,0,1,0,0,1,0,1,1,1,1,0,1
1,5,0,0,0,0,0,0,1,1,1,0,0,0
_____________________________________________________
_____________________________________________________
40,7,0.0000,
1,5,0,0,0,0,0,0,1,1,1,0,0,0
0,7,0,0,0,0,0,0,0,0,0,0,0,0
_____________________________________________________
_____________________________________________________
41,0,0.0000,
0,7,0,0,0,0,0,0,0,0,0,0,0,0
1,6,0,0,0,1,0,1,1,0,1,0,0,0
_____________________________________________________
_____________________________________________________
42,7,0.0000,
1,6,0,0,0,1,0,1,1,0,1,0,0,0
1,6,0,0,1,0,0,0,0,0,0,0,0,0
_____________________________________________________
_____________________________________________________
43,3,0.0000,
1,6,0,0,1,0,0,0,0,0,0,0,0,0
0,7,0,0,0,0,0,0,0,0,0,0,0,0
_____________________________________________________
_____________________________________________________
44,0,0.0000,
0,7,0,0,0,0,0,0,0,0,0,0,0,0
0,7,0,0,0,0,0,0,0,0,0,0,0,0
_____________________________________________________
_____________________________________________________
45,0,0.0000,
0,7,0,0,0,0,0,0,0,0,0,0,0,0
0,7,0,0,0,0,0,0,0,0,0,0,0,0
_____________________________________________________
_____________________________________________________
46,0,0.0000,
0,7,0,0,0,0,0,0,0,0,0,0,0,0
0,7,0,0,0,0,0,0,0,0,0,0,0,0
_____________________________________________________
_____________________________________________________
47,0,0.0000,
0,7,0,0,0,0,0,0,0,0,0,0,0,0
0,7,0,0,0,0,0,0,0,0,1,0,0,0
_____________________________________________________
_____________________________________________________
48,0,0.0000,
0,7,0,0,0,0,0,0,0,0,1,0,0,0
1,6,0,0,0,1,0,1,1,0,1,0,0,0
_____________________________________________________
_____________________________________________________
49,7,0.0000,
1,6,0,0,0,1,0,1,1,0,1,0,0,0
1,6,0,0,0,0,0,0,0,0,0,0,0,0
_____________________________________________________
_____________________________________________________
50,0,0.0000,
1,6,0,0,0,0,0,0,0,0,0,0,0,0
1,5,0,0,0,0,0,0,0,0,0,0,0,0
_____________________________________________________
_____________________________________________________
51,0,0.0000,
1,5,0,0,0,0,0,0,0,0,0,0,0,0
1,4,0,0,0,0,0,0,0,0,0,0,1,0
_____________________________________________________
_____________________________________________________
52,11,0.0000,
1,4,0,0,0,0,0,0,0,0,0,0,1,0
1,6,0,0,0,0,0,0,0,0,0,0,0,0
_____________________________________________________
_____________________________________________________
53,0,0.0000,
1,6,0,0,0,0,0,0,0,0,0,0,0,0
2,5,0,0,0,0,0,0,0,0,0,0,0,0
_____________________________________________________
_____________________________________________________
54,9,-1.0000,
2,5,0,0,0,0,0,0,0,0,0,0,0,0
2,5,0,0,0,-1,0,-1,-1,1,-1,0,1,0
_____________________________________________________
_____________________________________________________
55,9,0.0000,
2,5,0,0,0,-1,0,-1,-1,1,-1,0,1,0
2,5,0,0,0,0,0,0,0,1,0,0,1,0
_____________________________________________________
_____________________________________________________
56,11,0.0000,
2,5,0,0,0,0,0,0,0,1,0,0,1,0
1,5,0,0,0,0,0,0,0,0,0,0,0,0
_____________________________________________________
_____________________________________________________
57,0,0.0000,
1,5,0,0,0,0,0,0,0,0,0,0,0,0
2,4,0,0,0,0,0,0,0,0,0,0,1,0
_____________________________________________________
_____________________________________________________
58,11,0.0000,
2,4,0,0,0,0,0,0,0,0,0,0,1,0
1,5,0,0,0,0,0,0,0,0,0,0,0,0
_____________________________________________________
_____________________________________________________
59,0,0.0000,
1,5,0,0,0,0,0,0,0,0,0,0,0,0
2,4,0,0,0,0,0,0,0,0,0,0,0,0
_____________________________________________________
_____________________________________________________
60,9,-1.0000,
2,4,0,0,0,0,0,0,0,0,0,0,0,0
2,5,0,0,0,0,0,0,0,0,-1,0,0,0
_____________________________________________________
_____________________________________________________
61,9,0.0000,
2,5,0,0,0,0,0,0,0,0,-1,0,0,0
1,5,0,0,0,0,0,0,0,0,-1,0,0,0
_____________________________________________________
_____________________________________________________
62,9,0.0000,
1,5,0,0,0,0,0,0,0,0,-1,0,0,0
0,7,0,1,0,0,0,0,0,0,-1,1,0,0
_____________________________________________________
_____________________________________________________
63,0,0.0000,
0,7,0,1,0,0,0,0,0,0,-1,1,0,0
0,7,0,1,0,0,0,0,0,0,-1,1,0,0
_____________________________________________________
_____________________________________________________
64,0,0.0000,
0,7,0,1,0,0,0,0,0,0,-1,1,0,0
1,6,0,1,0,1,0,1,0,0,-1,1,0,0
_____________________________________________________
_____________________________________________________
65,6,0.0000,
1,6,0,1,0,1,0,1,0,0,-1,1,0,0
1,6,0,1,0,0,0,0,0,0,-1,1,1,0
_____________________________________________________
_____________________________________________________
66,9,0.0000,
1,6,0,1,0,0,0,0,0,0,-1,1,1,0
0,7,0,1,0,0,0,0,0,1,-1,1,1,0
_____________________________________________________
_____________________________________________________
67,0,0.0000,
0,7,0,1,0,0,0,0,0,1,-1,1,1,0
0,7,0,1,0,0,0,0,0,1,-1,1,1,0
_____________________________________________________
_____________________________________________________
68,0,0.0000,
0,7,0,1,0,0,0,0,0,1,-1,1,1,0
0,7,0,1,0,0,0,0,0,0,-1,1,0,0
_____________________________________________________
_____________________________________________________
69,0,0.0000,
0,7,0,1,0,0,0,0,0,0,-1,1,0,0
0,7,-1,0,0,0,1,0,0,0,0,-1,-1,-1
_____________________________________________________
_____________________________________________________
70,0,0.0000,
0,7,-1,0,0,0,1,0,0,0,0,-1,-1,-1
1,6,0,1,0,0,1,0,0,0,0,1,1,0
_____________________________________________________
_____________________________________________________
71,11,0.0000,
1,6,0,1,0,0,1,0,0,0,0,1,1,0
1,6,0,1,0,0,1,0,0,0,0,0,0,0
_____________________________________________________
_____________________________________________________
72,5,0.0000,
1,6,0,1,0,0,1,0,0,0,0,0,0,0
0,7,0,0,0,0,0,0,0,1,1,0,0,1
_____________________________________________________
_____________________________________________________
73,0,0.0000,
0,7,0,0,0,0,0,0,0,1,1,0,0,1
1,6,1,0,0,0,0,0,0,1,1,0,0,1
_____________________________________________________
_____________________________________________________
74,12,0.0000,
1,6,1,0,0,0,0,0,0,1,1,0,0,1
1,6,0,0,0,0,0,0,0,1,1,0,0,0
_____________________________________________________
_____________________________________________________
75,9,0.0000,
1,6,0,0,0,0,0,0,0,1,1,0,0,0
0,7,0,0,0,0,0,0,0,0,0,0,0,1
_____________________________________________________
_____________________________________________________
76,0,0.0000,
0,7,0,0,0,0,0,0,0,0,0,0,0,1
0,7,1,0,0,0,0,0,0,0,0,0,0,1
_____________________________________________________
_____________________________________________________
77,0,0.0000,
0,7,1,0,0,0,0,0,0,0,0,0,0,1
0,7,1,0,1,0,0,0,1,0,0,0,0,1
_____________________________________________________
_____________________________________________________
78,0,0.0000,
0,7,1,0,1,0,0,0,1,0,0,0,0,1
0,7,1,0,1,0,0,0,1,0,0,0,0,1
_____________________________________________________
_____________________________________________________
79,0,0.0000,
0,7,1,0,1,0,0,0,1,0,0,0,0,1
0,7,1,0,1,0,0,0,1,0,1,0,0,1
_____________________________________________________
_____________________________________________________
80,0,0.0000,
0,7,1,0,1,0,0,0,1,0,1,0,0,1
0,7,1,0,0,0,0,0,0,1,1,0,0,0
_____________________________________________________
_____________________________________________________
81,0,0.0000,
0,7,1,0,0,0,0,0,0,1,1,0,0,0
0,7,0,0,0,0,0,0,0,1,1,0,0,0
_____________________________________________________
_____________________________________________________
82,0,0.0000,
0,7,0,0,0,0,0,0,0,1,1,0,0,0
0,7,0,1,0,0,1,0,0,1,1,0,0,0
_____________________________________________________
_____________________________________________________
83,0,0.0000,
0,7,0,1,0,0,1,0,0,1,1,0,0,0
1,6,1,0,0,0,0,0,1,0,0,0,0,0
_____________________________________________________
_____________________________________________________
84,7,0.0000,
1,6,1,0,0,0,0,0,1,0,0,0,0,0
0,7,0,0,0,0,0,0,0,0,0,0,0,0
_____________________________________________________
_____________________________________________________
85,0,0.0000,
0,7,0,0,0,0,0,0,0,0,0,0,0,0
0,7,0,0,0,0,0,0,0,0,0,0,0,1
_____________________________________________________
_____________________________________________________
86,0,0.0000,
0,7,0,0,0,0,0,0,0,0,0,0,0,1
1,6,0,0,0,0,0,0,0,0,0,1,0,1
_____________________________________________________
_____________________________________________________
87,12,0.0000,
1,6,0,0,0,0,0,0,0,0,0,1,0,1
1,6,0,0,0,0,0,0,0,0,0,0,0,0
_____________________________________________________
_____________________________________________________
88,0,0.0000,
1,6,0,0,0,0,0,0,0,0,0,0,0,0
1,5,0,0,0,0,0,0,0,0,0,0,0,0
_____________________________________________________
_____________________________________________________
89,0,0.0000,
1,5,0,0,0,0,0,0,0,0,0,0,0,0
2,4,0,0,0,0,0,0,0,0,0,0,0,0
_____________________________________________________
_____________________________________________________
90,9,-1.0000,
2,4,0,0,0,0,0,0,0,0,0,0,0,0
2,5,0,0,0,0,0,0,0,0,-1,0,0,0
_____________________________________________________
_____________________________________________________
91,9,0.0000,
2,5,0,0,0,0,0,0,0,0,-1,0,0,0
2,5,0,0,0,0,0,0,0,0,-1,0,0,0
_____________________________________________________
_____________________________________________________
92,9,0.0000,
2,5,0,0,0,0,0,0,0,0,-1,0,0,0
2,5,0,0,0,0,0,0,0,0,-1,0,1,0
_____________________________________________________
_____________________________________________________
93,9,0.0000,
2,5,0,0,0,0,0,0,0,0,-1,0,1,0
1,5,0,0,1,0,0,1,0,1,-1,0,1,0
_____________________________________________________
_____________________________________________________
94,11,0.0000,
1,5,0,0,1,0,0,1,0,1,-1,0,1,0
0,7,0,0,0,0,0,0,0,0,-1,0,0,0
_____________________________________________________
_____________________________________________________
95,0,0.0000,
0,7,0,0,0,0,0,0,0,0,-1,0,0,0
1,6,1,0,0,0,0,0,1,0,-1,0,0,0
_____________________________________________________
_____________________________________________________
96,9,0.0000,
1,6,1,0,0,0,0,0,1,0,-1,0,0,0
1,6,1,0,0,0,0,0,1,0,-1,0,0,0
_____________________________________________________
_____________________________________________________
97,9,0.0000,
1,6,1,0,0,0,0,0,1,0,-1,0,0,0
0,7,0,0,-1,0,0,0,0,0,0,0,0,0
_____________________________________________________
_____________________________________________________
98,0,0.0000,
0,7,0,0,-1,0,0,0,0,0,0,0,0,0
0,7,0,0,0,0,0,0,0,0,0,0,0,0
_____________________________________________________
_____________________________________________________
99,0,0.0000,
0,7,0,0,0,0,0,0,0,0,0,0,0,0
0,7,0,0,0,0,0,0,0,0,0,1,1,0
_____________________________________________________
_____________________________________________________
100,0,0.0000,
0,7,0,0,0,0,0,0,0,0,0,1,1,0
0,7,0,0,0,0,0,0,0,0,0,1,1,0
_____________________________________________________
_____________________________________________________
101,0,0.0000,
0,7,0,0,0,0,0,0,0,0,0,1,1,0
0,7,0,0,0,0,0,0,0,0,0,1,1,0
_____________________________________________________
_____________________________________________________
102,0,0.0000,
0,7,0,0,0,0,0,0,0,0,0,1,1,0
0,7,0,0,0,0,0,0,0,0,0,1,1,0
_____________________________________________________
_____________________________________________________
103,0,0.0000,
0,7,0,0,0,0,0,0,0,0,0,1,1,0
0,7,0,0,0,0,0,0,0,0,0,1,1,0
_____________________________________________________
_____________________________________________________
104,0,0.0000,
0,7,0,0,0,0,0,0,0,0,0,1,1,0
0,7,0,0,0,0,0,0,0,0,0,1,1,0
_____________________________________________________
_____________________________________________________
105,0,0.0000,
0,7,0,0,0,0,0,0,0,0,0,1,1,0
1,6,0,0,0,1,0,0,0,0,0,1,1,0
_____________________________________________________
_____________________________________________________
106,11,0.0000,
1,6,0,0,0,1,0,0,0,0,0,1,1,0
0,7,0,1,0,1,0,0,0,0,0,1,0,0
_____________________________________________________
_____________________________________________________
107,0,0.0000,
0,7,0,1,0,1,0,0,0,0,0,1,0,0
0,7,0,1,0,1,0,0,0,0,0,1,0,0
_____________________________________________________
_____________________________________________________
108,0,0.0000,
0,7,0,1,0,1,0,0,0,0,0,1,0,0
0,7,0,1,1,1,0,0,0,0,0,1,0,0
_____________________________________________________
_____________________________________________________
109,0,0.0000,
0,7,0,1,1,1,0,0,0,0,0,1,0,0
1,6,0,1,1,1,0,0,0,0,0,1,0,0
_____________________________________________________
_____________________________________________________
110,2,0.0000,
1,6,0,1,1,1,0,0,0,0,0,1,0,0
0,7,0,0,1,0,0,0,0,0,0,1,0,0
_____________________________________________________
_____________________________________________________
111,0,0.0000,
0,7,0,0,1,0,0,0,0,0,0,1,0,0
1,6,1,1,0,1,0,0,1,1,0,0,1,0
_____________________________________________________
_____________________________________________________
112,11,0.0000,
1,6,1,1,0,1,0,0,1,1,0,0,1,0
1,6,1,1,0,1,0,0,1,1,0,0,0,1
_____________________________________________________
_____________________________________________________
113,7,0.0000,
1,6,1,1,0,1,0,0,1,1,0,0,0,1
1,6,1,1,0,1,0,1,0,1,0,0,0,1
_____________________________________________________
_____________________________________________________
114,6,0.0000,
1,6,1,1,0,1,0,1,0,1,0,0,0,1
1,6,1,0,0,1,0,0,0,0,0,0,0,0
_____________________________________________________
_____________________________________________________
115,1,0.0000,
1,6,1,0,0,1,0,0,0,0,0,0,0,0
0,7,0,0,0,1,0,0,0,0,0,0,0,0
_____________________________________________________
_____________________________________________________
116,0,0.0000,
0,7,0,0,0,1,0,0,0,0,0,0,0,0
1,6,1,0,0,1,0,0,0,0,0,0,0,0
_____________________________________________________
_____________________________________________________
117,1,0.0000,
1,6,1,0,0,1,0,0,0,0,0,0,0,0
1,6,0,0,0,1,0,0,0,0,0,0,0,0
_____________________________________________________
_____________________________________________________
118,0,0.0000,
1,6,0,0,0,1,0,0,0,0,0,0,0,0
1,5,0,0,0,1,0,0,0,0,0,0,0,0
_____________________________________________________
_____________________________________________________
119,0,0.0000,
1,5,0,0,0,1,0,0,0,0,0,0,0,0
2,4,0,1,0,1,0,0,0,1,0,0,0,0
_____________________________________________________
_____________________________________________________
120,2,0.0000,
2,4,0,1,0,1,0,0,0,1,0,0,0,0
1,5,0,0,1,1,0,0,0,0,1,0,0,0
_____________________________________________________
_____________________________________________________
121,9,0.0000,
1,5,0,0,1,1,0,0,0,0,1,0,0,0
0,7,0,0,0,1,0,1,0,0,0,0,0,1
_____________________________________________________
_____________________________________________________
122,0,0.0000,
0,7,0,0,0,1,0,1,0,0,0,0,0,1
1,6,0,0,0,1,1,1,0,0,0,1,0,1
_____________________________________________________
_____________________________________________________
123,5,0.0000,
1,6,0,0,0,1,1,1,0,0,0,1,0,1
1,6,0,0,0,1,0,1,0,0,0,0,0,1
_____________________________________________________
_____________________________________________________
124,6,0.0000,
1,6,0,0,0,1,0,1,0,0,0,0,0,1
1,6,0,1,0,1,0,0,0,1,0,0,0,0
_____________________________________________________
_____________________________________________________
125,3,-1.0000,
1,6,0,1,0,1,0,0,0,1,0,0,0,0
1,6,0,0,0,0,0,0,-1,0,-1,1,0,0
_____________________________________________________
_____________________________________________________
126,9,0.0000,
1,6,0,0,0,0,0,0,-1,0,-1,1,0,0
0,7,0,0,0,0,0,0,-1,0,-1,1,0,0
_____________________________________________________
_____________________________________________________
127,0,0.0000,
0,7,0,0,0,0,0,0,-1,0,-1,1,0,0
0,7,0,0,0,0,1,1,-1,0,-1,1,0,0
_____________________________________________________
_____________________________________________________
128,0,0.0000,
0,7,0,0,0,0,1,1,-1,0,-1,1,0,0
1,6,1,1,0,0,1,1,-1,0,-1,1,0,0
_____________________________________________________
_____________________________________________________
129,7,0.0000,
1,6,1,1,0,0,1,1,-1,0,-1,1,0,0
0,7,0,0,0,0,0,0,-1,0,-1,1,0,0
_____________________________________________________
_____________________________________________________
130,0,0.0000,
0,7,0,0,0,0,0,0,-1,0,-1,1,0,0
0,7,0,0,0,0,0,0,-1,1,-1,1,0,1
_____________________________________________________
_____________________________________________________
131,0,0.0000,
0,7,0,0,0,0,0,0,-1,1,-1,1,0,1
1,6,0,0,0,0,0,0,-1,1,-1,1,0,1
_____________________________________________________
_____________________________________________________
132,9,0.0000,
1,6,0,0,0,0,0,0,-1,1,-1,1,0,1
1,6,0,0,0,0,1,1,-1,1,0,1,0,1
_____________________________________________________
_____________________________________________________
133,7,0.0000,
1,6,0,0,0,0,1,1,-1,1,0,1,0,1
1,6,1,1,0,0,1,1,0,1,0,1,0,1
_____________________________________________________
_____________________________________________________
134,5,0.0000,
1,6,1,1,0,0,1,1,0,1,0,1,0,1
0,7,0,1,0,0,1,1,0,1,0,1,0,1
_____________________________________________________
_____________________________________________________
135,0,0.0000,
0,7,0,1,0,0,1,1,0,1,0,1,0,1
1,6,1,1,0,0,0,0,0,1,0,1,0,1
_____________________________________________________
_____________________________________________________
136,2,0.0000,
1,6,1,1,0,0,0,0,0,1,0,1,0,1
0,7,0,0,0,0,0,0,0,1,0,1,0,1
_____________________________________________________
_____________________________________________________
137,0,0.0000,
0,7,0,0,0,0,0,0,0,1,0,1,0,1
1,6,0,0,0,0,0,0,0,1,0,1,0,1
_____________________________________________________
_____________________________________________________
138,12,0.0000,
1,6,0,0,0,0,0,0,0,1,0,1,0,1
0,7,0,0,0,0,0,0,0,0,0,1,0,0
_____________________________________________________
_____________________________________________________
139,0,0.0000,
0,7,0,0,0,0,0,0,0,0,0,1,0,0
0,7,0,0,0,0,0,0,0,0,0,0,0,0
_____________________________________________________
