_____________________________________________________
0,11,0.0000,
3,5,1,1,1,1,1,1,1,1,0,0,1,1
3,5,1,1,1,1,0,1,0,1,0,0,0,1
_____________________________________________________
_____________________________________________________
1,6,0.0000,
3,5,1,1,1,1,0,1,0,1,0,0,0,1
3,4,1,1,0,1,0,0,0,1,0,0,0,1
_____________________________________________________
_____________________________________________________
2,12,0.0000,
3,4,1,1,0,1,0,0,0,1,0,0,0,1
3,4,1,1,0,1,1,0,1,0,0,0,1,0
_____________________________________________________
_____________________________________________________
3,11,0.0000,
3,4,1,1,0,1,1,0,1,0,0,0,1,0
2,4,1,1,0,1,0,0,0,0,0,0,0,0
_____________________________________________________
_____________________________________________________
4,2,0.0000,
2,4,1,1,0,1,0,0,0,0,0,0,0,0
1,4,1,0,0,0,0,0,0,0,0,0,0,0
_____________________________________________________
_____________________________________________________
5,1,0.0000,
1,4,1,0,0,0,0,0,0,0,0,0,0,0
0,7,0,0,0,0,0,0,0,0,0,0,0,0
_____________________________________________________
_____________________________________________________
6,0,0.0000,
0,7,0,0,0,0,0,0,0,0,0,0,0,0
0,7,0,0,0,0,0,0,0,0,0,0,0,0
_____________________________________________________
_____________________________________________________
7,0,0.0000,
0,7,0,0,0,0,0,0,0,0,0,0,0,0
1,6,0,0,0,0,0,0,0,0,0,0,0,0
_____________________________________________________
_____________________________________________________
8,0,0.0000,
1,6,0,0,0,0,0,0,0,0,0,0,0,0
2,5,0,0,0,0,1,0,1,0,0,0,1,0
_____________________________________________________
_____________________________________________________
9,11,0.0000,
2,5,0,0,0,0,1,0,1,0,0,0,1,0
1,5,0,1,0,0,0,0,0,0,0,0,0,0
_____________________________________________________
_____________________________________________________
10,2,0.0000,
1,5,0,1,0,0,0,0,0,0,0,0,0,0
1,6,0,0,0,0,0,0,0,0,0,0,0,0
_____________________________________________________
_____________________________________________________
11,0,0.0000,
1,6,0,0,0,0,0,0,0,0,0,0,0,0
1,5,0,0,1,0,0,1,0,0,0,0,0,0
_____________________________________________________
_____________________________________________________
12,6,0.0000,
1,5,0,0,1,0,0,1,0,0,0,0,0,0
1,6,0,0,0,0,0,0,1,0,0,0,1,0
_____________________________________________________
_____________________________________________________
13,11,0.0000,
1,6,0,0,0,0,0,0,1,0,0,0,1,0
1,6,1,0,0,0,1,1,1,0,0,1,0,0
_____________________________________________________
_____________________________________________________
14,5,0.0000,
1,6,1,0,0,0,1,1,1,0,0,1,0,0
0,7,1,0,0,0,0,0,0,0,0,1,0,0
_____________________________________________________
_____________________________________________________
15,0,0.0000,
0,7,1,0,0,0,0,0,0,0,0,1,0,0
0,7,1,0,0,0,0,1,1,0,0,1,0,0
_____________________________________________________
_____________________________________________________
16,0,0.0000,
0,7,1,0,0,0,0,1,1,0,0,1,0,0
1,6,1,0,0,0,1,1,1,0,0,1,0,0
_____________________________________________________
_____________________________________________________
17,5,0.0000,
1,6,1,0,0,0,1,1,1,0,0,1,0,0
1,6,1,0,0,0,0,0,1,0,0,1,0,0
_____________________________________________________
_____________________________________________________
18,7,0.0000,
1,6,1,0,0,0,0,0,1,0,0,1,0,0
1,6,1,1,0,0,0,0,0,0,0,1,0,0
_____________________________________________________
_____________________________________________________
19,2,0.0000,
1,6,1,1,0,0,0,0,0,0,0,1,0,0
1,6,1,0,0,0,0,0,1,0,0,1,0,0
_____________________________________________________
_____________________________________________________
20,7,0.0000,
1,6,1,0,0,0,0,0,1,0,0,1,0,0
0,7,1,0,0,0,0,0,0,0,0,1,0,0
_____________________________________________________
_____________________________________________________
21,0,0.0000,
0,7,1,0,0,0,0,0,0,0,0,1,0,0
1,6,1,0,0,0,0,0,0,0,0,1,0,0
_____________________________________________________
_____________________________________________________
22,1,0.0000,
1,6,1,0,0,0,0,0,0,0,0,1,0,0
1,6,0,0,0,0,0,1,1,0,0,1,0,0
_____________________________________________________
_____________________________________________________
23,7,0.0000,
1,6,0,0,0,0,0,1,1,0,0,1,0,0
1,6,0,0,0,0,0,0,0,0,0,1,0,0
_____________________________________________________
_____________________________________________________
24,10,0.0000,
1,6,0,0,0,0,0,0,0,0,0,1,0,0
1,6,0,0,0,0,0,0,0,0,1,0,0,1
_____________________________________________________
_____________________________________________________
25,12,0.0000,
1,6,0,0,0,0,0,0,0,0,1,0,0,1
1,6,0,0,0,0,1,1,1,0,0,0,0,0
_____________________________________________________
_____________________________________________________
26,7,0.0000,
1,6,0,0,0,0,1,1,1,0,0,0,0,0
1,6,0,0,0,0,0,0,1,0,0,0,0,0
_____________________________________________________
_____________________________________________________
27,7,0.0000,
1,6,0,0,0,0,0,0,1,0,0,0,0,0
1,6,0,0,0,0,0,0,0,0,1,1,0,0
_____________________________________________________
_____________________________________________________
28,9,0.0000,
1,6,0,0,0,0,0,0,0,0,1,1,0,0
0,7,0,0,0,0,0,0,0,0,0,0,0,0
_____________________________________________________
_____________________________________________________
29,0,0.0000,
0,7,0,0,0,0,0,0,0,0,0,0,0,0
1,6,0,0,0,0,0,0,0,0,0,0,0,0
_____________________________________________________
_____________________________________________________
30,0,0.0000,
1,6,0,0,0,0,0,0,0,0,0,0,0,0
1,5,0,0,0,0,0,0,0,0,0,0,0,0
_____________________________________________________
_____________________________________________________
31,0,0.0000,
1,5,0,0,0,0,0,0,0,0,0,0,0,0
1,4,0,0,0,0,0,0,0,0,0,0,0,0
_____________________________________________________
_____________________________________________________
32,0,0.0000,
1,4,0,0,0,0,0,0,0,0,0,0,0,0
2,3,0,0,0,0,0,1,0,0,0,0,0,0
_____________________________________________________
_____________________________________________________
33,6,0.0000,
2,3,0,0,0,0,0,1,0,0,0,0,0,0
2,5,0,0,0,0,0,0,0,0,0,0,0,0
_____________________________________________________
_____________________________________________________
34,9,-1.0000,
2,5,0,0,0,0,0,0,0,0,0,0,0,0
1,5,-1,0,0,0,0,0,0,0,-1,-1,0,0
_____________________________________________________
_____________________________________________________
35,9,0.0000,
1,5,-1,0,0,0,0,0,0,0,-1,-1,0,0
1,6,0,0,0,0,0,0,0,0,0,0,0,0
_____________________________________________________
_____________________________________________________
36,0,0.0000,
1,6,0,0,0,0,0,0,0,0,0,0,0,0
1,5,0,0,0,0,1,0,0,0,0,0,0,0
_____________________________________________________
_____________________________________________________
37,5,0.0000,
1,5,0,0,0,0,1,0,0,0,0,0,0,0
1,6,0,0,0,0,0,0,0,0,0,0,0,0
_____________________________________________________
_____________________________________________________
38,0,0.0000,
1,6,0,0,0,0,0,0,0,0,0,0,0,0
2,5,0,0,0,0,0,0,0,0,0,0,0,0
_____________________________________________________
_____________________________________________________
39,9,-1.0000,
2,5,0,0,0,0,0,0,0,0,0,0,0,0
1,5,-1,0,1,1,0,0,0,1,-1,1,0,0
_____________________________________________________
_____________________________________________________
40,9,0.0000,
1,5,-1,0,1,1,0,0,0,1,-1,1,0,0
0,7,1,0,1,1,0,0,0,1,1,1,0,0
_____________________________________________________
_____________________________________________________
41,0,0.0000,
0,7,1,0,1,1,0,0,0,1,1,1,0,0
0,7,0,0,1,1,0,0,0,0,0,0,1,0
_____________________________________________________
_____________________________________________________
42,0,0.0000,
0,7,0,0,1,1,0,0,0,0,0,0,1,0
0,7,1,0,1,1,0,0,0,0,0,0,1,1
_____________________________________________________
_____________________________________________________
43,0,0.0000,
0,7,1,0,1,1,0,0,0,0,0,0,1,1
0,7,1,0,1,1,0,0,0,0,0,0,1,1
_____________________________________________________
_____________________________________________________
44,0,0.0000,
0,7,1,0,1,1,0,0,0,0,0,0,1,1
0,7,1,0,1,1,0,0,0,0,0,1,1,1
_____________________________________________________
_____________________________________________________
45,0,0.0000,
0,7,1,0,1,1,0,0,0,0,0,1,1,1
0,7,1,0,1,1,0,0,1,1,0,1,1,1
_____________________________________________________
_____________________________________________________
46,0,0.0000,
0,7,1,0,1,1,0,0,1,1,0,1,1,1
0,7,1,0,1,1,0,0,1,1,0,1,1,1
_____________________________________________________
_____________________________________________________
47,0,0.0000,
0,7,1,0,1,1,0,0,1,1,0,1,1,1
0,7,1,0,1,1,0,0,1,1,0,1,1,1
_____________________________________________________
_____________________________________________________
48,0,0.0000,
0,7,1,0,1,1,0,0,1,1,0,1,1,1
1,6,1,0,1,1,0,0,1,1,0,1,1,1
_____________________________________________________
_____________________________________________________
49,11,0.0000,
1,6,1,0,1,1,0,0,1,1,0,1,1,1
0,7,1,1,1,1,1,1,1,1,0,1,0,1
_____________________________________________________
_____________________________________________________
50,0,0.0000,
0,7,1,1,1,1,1,1,1,1,0,1,0,1
1,6,1,1,1,1,1,1,1,1,0,1,0,1
_____________________________________________________
_____________________________________________________
51,5,0.0000,
1,6,1,1,1,1,1,1,1,1,0,1,0,1
1,6,1,0,1,1,1,1,1,1,0,1,0,1
_____________________________________________________
_____________________________________________________
52,5,0.0000,
1,6,1,0,1,1,1,1,1,1,0,1,0,1
1,6,1,0,1,1,0,0,1,1,0,1,0,1
_____________________________________________________
_____________________________________________________
53,7,0.0000,
1,6,1,0,1,1,0,0,1,1,0,1,0,1
1,6,1,0,1,1,0,0,0,0,0,0,0,1
_____________________________________________________
_____________________________________________________
54,12,0.0000,
1,6,1,0,1,1,0,0,0,0,0,0,0,1
1,6,1,0,1,1,0,0,0,0,0,0,0,0
_____________________________________________________
_____________________________________________________
55,1,0.0000,
1,6,1,0,1,1,0,0,0,0,0,0,0,0
1,6,0,1,0,1,1,0,0,0,1,0,0,0
_____________________________________________________
_____________________________________________________
56,5,0.0000,
1,6,0,1,0,1,1,0,0,0,1,0,0,0
1,6,0,1,0,1,0,0,0,0,1,0,0,0
_____________________________________________________
_____________________________________________________
57,2,0.0000,
1,6,0,1,0,1,0,0,0,0,1,0,0,0
1,6,0,0,0,1,0,0,0,0,0,0,0,0
_____________________________________________________
_____________________________________________________
58,0,0.0000,
1,6,0,0,0,1,0,0,0,0,0,0,0,0
2,5,0,0,0,1,0,0,0,0,0,0,0,0
_____________________________________________________
_____________________________________________________
59,0,0.0000,
2,5,0,0,0,1,0,0,0,0,0,0,0,0
3,4,0,0,0,1,0,0,0,0,0,1,0,0
_____________________________________________________
_____________________________________________________
60,9,-1.0000,
3,4,0,0,0,1,0,0,0,0,0,1,0,0
2,4,0,-1,0,1,0,0,0,0,-1,1,0,0
_____________________________________________________
_____________________________________________________
61,9,0.0000,
2,4,0,-1,0,1,0,0,0,0,-1,1,0,0
1,4,0,-1,0,1,1,0,0,0,-1,1,0,0
_____________________________________________________
_____________________________________________________
62,9,0.0000,
1,4,0,-1,0,1,1,0,0,0,-1,1,0,0
1,6,0,1,1,1,1,0,0,0,1,1,0,0
_____________________________________________________
_____________________________________________________
63,5,0.0000,
1,6,0,1,1,1,1,0,0,0,1,1,0,0
0,7,0,1,0,1,0,1,0,0,1,1,0,0
_____________________________________________________
_____________________________________________________
64,0,0.0000,
0,7,0,1,0,1,0,1,0,0,1,1,0,0
0,7,0,1,0,1,0,1,0,0,1,1,0,0
_____________________________________________________
_____________________________________________________
65,0,0.0000,
0,7,0,1,0,1,0,1,0,0,1,1,0,0
0,7,0,1,1,1,1,1,0,0,1,1,0,0
_____________________________________________________
_____________________________________________________
66,0,0.0000,
0,7,0,1,1,1,1,1,0,0,1,1,0,0
0,7,0,0,1,1,1,1,0,0,0,1,0,0
_____________________________________________________
_____________________________________________________
67,0,0.0000,
0,7,0,0,1,1,1,1,0,0,0,1,0,0
1,6,0,0,1,1,1,1,0,0,0,1,0,0
_____________________________________________________
_____________________________________________________
68,5,0.0000,
1,6,0,0,1,1,1,1,0,0,0,1,0,0
1,6,0,0,0,1,1,1,0,0,0,1,1,0
_____________________________________________________
_____________________________________________________
69,11,0.0000,
1,6,0,0,0,1,1,1,0,0,0,1,1,0
1,6,0,0,0,0,1,0,0,0,0,1,1,0
_____________________________________________________
_____________________________________________________
70,11,0.0000,
1,6,0,0,0,0,1,0,0,0,0,1,1,0
0,7,0,0,0,1,1,0,0,1,0,1,0,1
_____________________________________________________
_____________________________________________________
71,0,0.0000,
0,7,0,0,0,1,1,0,0,1,0,1,0,1
0,7,0,1,1,1,1,0,0,1,0,1,0,1
_____________________________________________________
_____________________________________________________
72,0,0.0000,
0,7,0,1,1,1,1,0,0,1,0,1,0,1
0,7,0,1,1,1,1,0,0,1,0,1,1,1
_____________________________________________________
_____________________________________________________
73,0,0.0000,
0,7,0,1,1,1,1,0,0,1,0,1,1,1
1,6,0,1,1,1,1,0,1,1,0,1,1,1
_____________________________________________________
_____________________________________________________
74,11,0.0000,
1,6,0,1,1,1,1,0,1,1,0,1,1,1
1,6,0,1,1,1,1,1,1,1,0,1,0,1
_____________________________________________________
_____________________________________________________
75,5,0.0000,
1,6,0,1,1,1,1,1,1,1,0,1,0,1
1,6,0,1,1,1,0,1,1,1,0,1,0,1
_____________________________________________________
_____________________________________________________
76,7,0.0000,
1,6,0,1,1,1,0,1,1,1,0,1,0,1
0,7,0,1,1,1,0,1,1,1,0,1,0,1
_____________________________________________________
_____________________________________________________
77,0,0.0000,
0,7,0,1,1,1,0,1,1,1,0,1,0,1
1,6,0,1,1,1,1,1,1,1,0,1,0,1
_____________________________________________________
_____________________________________________________
78,5,0.0000,
1,6,0,1,1,1,1,1,1,1,0,1,0,1
1,6,0,1,1,1,0,1,1,1,1,1,0,1
_____________________________________________________
_____________________________________________________
79,7,0.0000,
1,6,0,1,1,1,0,1,1,1,1,1,0,1
0,7,1,1,1,1,0,0,0,1,1,1,0,1
_____________________________________________________
_____________________________________________________
80,0,0.0000,
0,7,1,1,1,1,0,0,0,1,1,1,0,1
1,6,1,1,1,1,0,0,0,1,1,1,0,1
_____________________________________________________
_____________________________________________________
81,2,0.0000,
1,6,1,1,1,1,0,0,0,1,1,1,0,1
0,7,1,0,1,0,0,0,0,0,1,1,0,1
_____________________________________________________
_____________________________________________________
82,0,0.0000,
0,7,1,0,1,0,0,0,0,0,1,1,0,1
1,6,1,0,1,0,0,0,0,0,1,1,0,1
_____________________________________________________
_____________________________________________________
83,12,0.0000,
1,6,1,0,1,0,0,0,0,0,1,1,0,1
0,7,0,0,0,0,0,0,1,0,0,0,0,1
_____________________________________________________
_____________________________________________________
84,0,0.0000,
0,7,0,0,0,0,0,0,1,0,0,0,0,1
0,7,0,0,0,0,0,0,1,0,0,0,0,1
_____________________________________________________
_____________________________________________________
85,0,0.0000,
0,7,0,0,0,0,0,0,1,0,0,0,0,1
1,6,0,0,0,0,0,0,1,0,0,0,0,1
_____________________________________________________
_____________________________________________________
86,7,0.0000,
1,6,0,0,0,0,0,0,1,0,0,0,0,1
1,6,0,0,0,0,0,0,0,0,0,1,0,1
_____________________________________________________
_____________________________________________________
87,12,0.0000,
1,6,0,0,0,0,0,0,0,0,0,1,0,1
1,6,0,0,0,1,0,0,0,0,0,1,0,0
_____________________________________________________
_____________________________________________________
88,10,0.0000,
1,6,0,0,0,1,0,0,0,0,0,1,0,0
0,7,0,0,0,0,0,0,0,1,0,0,0,0
_____________________________________________________
_____________________________________________________
89,0,0.0000,
0,7,0,0,0,0,0,0,0,1,0,0,0,0
0,7,0,1,0,0,0,0,0,1,0,0,0,0
_____________________________________________________
_____________________________________________________
90,0,0.0000,
0,7,0,1,0,0,0,0,0,1,0,0,0,0
0,7,0,1,0,0,0,0,1,1,1,0,1,0
_____________________________________________________
_____________________________________________________
91,0,0.0000,
0,7,0,1,0,0,0,0,1,1,1,0,1,0
1,6,0,1,1,0,1,0,1,1,1,1,1,0
_____________________________________________________
_____________________________________________________
92,11,0.0000,
1,6,0,1,1,0,1,0,1,1,1,1,1,0
1,6,0,1,0,1,0,0,1,1,0,1,0,0
_____________________________________________________
_____________________________________________________
93,7,0.0000,
1,6,0,1,0,1,0,0,1,1,0,1,0,0
1,6,0,1,0,1,0,0,0,1,0,1,0,0
_____________________________________________________
_____________________________________________________
94,2,0.0000,
1,6,0,1,0,1,0,0,0,1,0,1,0,0
1,6,0,0,0,1,0,0,0,0,0,1,0,0
_____________________________________________________
_____________________________________________________
95,10,0.0000,
1,6,0,0,0,1,0,0,0,0,0,1,0,0
1,6,1,0,0,0,0,0,0,0,0,0,0,0
_____________________________________________________
_____________________________________________________
96,1,0.0000,
1,6,1,0,0,0,0,0,0,0,0,0,0,0
0,7,0,0,0,0,0,0,0,0,0,0,0,0
_____________________________________________________
_____________________________________________________
97,0,0.0000,
0,7,0,0,0,0,0,0,0,0,0,0,0,0
0,7,1,0,1,1,0,1,1,1,1,0,0,1
_____________________________________________________
_____________________________________________________
98,0,0.0000,
0,7,1,0,1,1,0,1,1,1,1,0,0,1
0,7,1,0,1,1,0,1,1,1,1,0,0,1
_____________________________________________________
_____________________________________________________
99,0,0.0000,
0,7,1,0,1,1,0,1,1,1,1,0,0,1
0,7,1,0,1,1,0,1,1,1,1,1,0,1
_____________________________________________________
_____________________________________________________
100,0,0.0000,
0,7,1,0,1,1,0,1,1,1,1,1,0,1
0,7,1,0,1,1,0,1,1,1,1,1,0,1
_____________________________________________________
_____________________________________________________
101,0,0.0000,
0,7,1,0,1,1,0,1,1,1,1,1,0,1
0,7,1,0,1,1,0,1,1,1,1,1,0,1
_____________________________________________________
_____________________________________________________
102,0,0.0000,
0,7,1,0,1,1,0,1,1,1,1,1,0,1
0,7,1,0,1,1,0,1,1,1,1,1,0,1
_____________________________________________________
_____________________________________________________
103,0,0.0000,
0,7,1,0,1,1,0,1,1,1,1,1,0,1
0,7,1,0,1,1,0,1,1,1,1,1,0,1
_____________________________________________________
_____________________________________________________
104,0,0.0000,
0,7,1,0,1,1,0,1,1,1,1,1,0,1
1,6,1,0,1,1,0,1,1,1,1,1,0,1
_____________________________________________________
_____________________________________________________
105,7,0.0000,
1,6,1,0,1,1,0,1,1,1,1,1,0,1
0,7,1,1,1,1,1,1,1,1,1,1,0,1
_____________________________________________________
_____________________________________________________
106,0,0.0000,
0,7,1,1,1,1,1,1,1,1,1,1,0,1
0,7,1,1,1,1,1,1,1,1,1,1,0,0
_____________________________________________________
_____________________________________________________
107,0,0.0000,
0,7,1,1,1,1,1,1,1,1,1,1,0,0
0,7,0,1,1,1,1,0,0,0,0,1,0,1
_____________________________________________________
_____________________________________________________
108,0,0.0000,
0,7,0,1,1,1,1,0,0,0,0,1,0,1
1,6,1,1,1,1,1,1,1,1,1,1,0,1
_____________________________________________________
_____________________________________________________
109,5,0.0000,
1,6,1,1,1,1,1,1,1,1,1,1,0,1
0,7,1,0,1,1,0,1,1,1,1,1,0,1
_____________________________________________________
_____________________________________________________
110,0,0.0000,
0,7,1,0,1,1,0,1,1,1,1,1,0,1
1,6,1,0,1,1,0,1,1,1,1,1,0,1
_____________________________________________________
_____________________________________________________
111,7,0.0000,
1,6,1,0,1,1,0,1,1,1,1,1,0,1
1,6,1,1,0,1,0,1,0,0,0,0,0,0
_____________________________________________________
_____________________________________________________
112,6,0.0000,
1,6,1,1,0,1,0,1,0,0,0,0,0,0
0,7,0,1,0,1,0,0,0,0,0,0,0,0
_____________________________________________________
_____________________________________________________
113,0,0.0000,
0,7,0,1,0,1,0,0,0,0,0,0,0,0
0,7,0,1,0,1,0,0,0,0,0,0,0,0
_____________________________________________________
_____________________________________________________
114,0,0.0000,
0,7,0,1,0,1,0,0,0,0,0,0,0,0
0,7,1,1,0,1,0,1,0,0,0,0,0,0
_____________________________________________________
_____________________________________________________
115,0,0.0000,
0,7,1,1,0,1,0,1,0,0,0,0,0,0
1,6,1,1,0,1,0,1,0,0,0,0,0,0
_____________________________________________________
_____________________________________________________
116,6,0.0000,
1,6,1,1,0,1,0,1,0,0,0,0,0,0
0,7,0,1,0,1,0,0,0,0,0,0,1,0
_____________________________________________________
_____________________________________________________
117,0,0.0000,
0,7,0,1,0,1,0,0,0,0,0,0,1,0
1,6,0,1,0,1,1,0,0,0,0,0,1,0
_____________________________________________________
_____________________________________________________
118,11,0.0000,
1,6,0,1,0,1,1,0,0,0,0,0,1,0
0,7,0,1,0,1,0,0,0,0,0,1,0,0
_____________________________________________________
_____________________________________________________
119,0,0.0000,
0,7,0,1,0,1,0,0,0,0,0,1,0,0
1,6,1,1,0,1,0,1,0,0,0,1,0,0
_____________________________________________________
_____________________________________________________
120,6,0.0000,
1,6,1,1,0,1,0,1,0,0,0,1,0,0
1,6,0,1,0,1,0,0,0,0,0,1,0,0
_____________________________________________________
_____________________________________________________
121,2,0.0000,
1,6,0,1,0,1,0,0,0,0,0,1,0,0
0,7,0,0,0,1,0,0,0,1,0,1,0,0
_____________________________________________________
_____________________________________________________
122,0,0.0000,
0,7,0,0,0,1,0,0,0,1,0,1,0,0
0,7,0,0,0,1,0,0,1,1,0,1,0,0
_____________________________________________________
_____________________________________________________
123,0,0.0000,
0,7,0,0,0,1,0,0,1,1,0,1,0,0
1,6,1,0,0,1,0,1,1,1,0,1,0,0
_____________________________________________________
_____________________________________________________
124,7,0.0000,
1,6,1,0,0,1,0,1,1,1,0,1,0,0
0,7,1,0,0,1,0,1,0,1,0,1,0,0
_____________________________________________________
_____________________________________________________
125,0,0.0000,
0,7,1,0,0,1,0,1,0,1,0,1,0,0
1,6,1,1,1,1,0,0,1,1,0,1,1,1
_____________________________________________________
_____________________________________________________
126,11,0.0000,
1,6,1,1,1,1,0,0,1,1,0,1,1,1
0,7,0,1,1,0,0,0,1,1,0,0,0,1
_____________________________________________________
_____________________________________________________
127,0,0.0000,
0,7,0,1,1,0,0,0,1,1,0,0,0,1
0,7,0,1,1,0,0,0,1,1,0,0,0,1
_____________________________________________________
_____________________________________________________
128,0,0.0000,
0,7,0,1,1,0,0,0,1,1,0,0,0,1
1,6,0,1,1,0,0,0,1,1,0,0,0,1
_____________________________________________________
_____________________________________________________
129,7,0.0000,
1,6,0,1,1,0,0,0,1,1,0,0,0,1
0,7,0,1,1,0,0,0,1,1,0,0,0,1
_____________________________________________________
_____________________________________________________
130,0,0.0000,
0,7,0,1,1,0,0,0,1,1,0,0,0,1
1,6,0,1,1,0,0,0,1,1,0,0,0,1
_____________________________________________________
_____________________________________________________
131,7,0.0000,
1,6,0,1,1,0,0,0,1,1,0,0,0,1
0,7,0,0,1,0,0,0,0,1,0,0,0,1
_____________________________________________________
_____________________________________________________
132,0,0.0000,
0,7,0,0,1,0,0,0,0,1,0,0,0,1
0,7,0,0,1,0,0,0,1,1,0,0,0,1
_____________________________________________________
_____________________________________________________
133,0,0.0000,
0,7,0,0,1,0,0,0,1,1,0,0,0,1
1,6,0,1,1,0,0,0,1,1,0,1,1,1
_____________________________________________________
_____________________________________________________
134,11,0.0000,
1,6,0,1,1,0,0,0,1,1,0,1,1,1
0,7,0,1,1,0,0,0,1,1,0,0,0,1
_____________________________________________________
_____________________________________________________
135,0,0.0000,
0,7,0,1,1,0,0,0,1,1,0,0,0,1
1,6,0,1,1,0,0,0,1,1,0,0,0,1
_____________________________________________________
_____________________________________________________
136,7,0.0000,
1,6,0,1,1,0,0,0,1,1,0,0,0,1
0,7,0,0,1,0,0,0,0,1,0,0,0,1
_____________________________________________________
_____________________________________________________
137,0,0.0000,
0,7,0,0,1,0,0,0,0,1,0,0,0,1
0,7,0,0,1,0,0,0,0,1,0,0,0,1
_____________________________________________________
_____________________________________________________
138,0,0.0000,
0,7,0,0,1,0,0,0,0,1,0,0,0,1
1,6,0,0,1,0,0,0,0,1,0,0,0,1
_____________________________________________________
_____________________________________________________
139,12,0.0000,
1,6,0,0,1,0,0,0,0,1,0,0,0,1
0,6,0,0,0,0,0,0,0,0,0,0,0,0
_____________________________________________________
