_____________________________________________________
0,5,0.0000,
6,2,1,1,0,0,1,1,0,0,0,1,0,1
5,2,1,1,0,0,0,1,0,0,0,0,0,1
_____________________________________________________
_____________________________________________________
1,2,0.0000,
5,2,1,1,0,0,0,1,0,0,0,0,0,1
5,2,0,0,0,0,0,1,0,0,0,0,1,1
_____________________________________________________
_____________________________________________________
2,9,-1.0000,
5,2,0,0,0,0,0,1,0,0,0,0,1,1
4,2,0,0,0,1,0,1,0,0,-1,0,1,1
_____________________________________________________
_____________________________________________________
3,9,0.0000,
4,2,0,0,0,1,0,1,0,0,-1,0,1,1
4,2,0,0,0,1,0,1,0,0,-1,0,1,0
_____________________________________________________
_____________________________________________________
4,9,0.0000,
4,2,0,0,0,1,0,1,0,0,-1,0,1,0
3,1,0,0,0,0,0,0,0,0,-1,0,0,0
_____________________________________________________
_____________________________________________________
5,9,0.0000,
3,1,0,0,0,0,0,0,0,0,-1,0,0,0
3,2,0,0,0,0,1,0,0,0,-1,1,0,0
_____________________________________________________
_____________________________________________________
6,9,0.0000,
3,2,0,0,0,0,1,0,0,0,-1,1,0,0
2,3,0,0,0,0,1,0,0,0,-1,1,1,0
_____________________________________________________
_____________________________________________________
7,9,0.0000,
2,3,0,0,0,0,1,0,0,0,-1,1,1,0
1,4,1,1,0,1,1,0,0,0,-1,1,1,0
_____________________________________________________
_____________________________________________________
8,9,0.0000,
1,4,1,1,0,1,1,0,0,0,-1,1,1,0
0,7,1,1,0,1,1,0,0,0,-1,1,1,0
_____________________________________________________
_____________________________________________________
9,0,0.0000,
0,7,1,1,0,1,1,0,0,0,-1,1,1,0
0,7,1,1,0,1,1,0,0,0,1,1,1,0
_____________________________________________________
_____________________________________________________
10,0,0.0000,
0,7,1,1,0,1,1,0,0,0,1,1,1,0
0,7,1,1,0,1,1,0,0,0,1,1,1,0
_____________________________________________________
_____________________________________________________
11,0,0.0000,
0,7,1,1,0,1,1,0,0,0,1,1,1,0
0,7,1,1,1,1,1,0,0,0,1,1,1,0
_____________________________________________________
_____________________________________________________
12,0,0.0000,
0,7,1,1,1,1,1,0,0,0,1,1,1,0
0,7,1,1,1,1,1,0,0,0,1,1,1,0
_____________________________________________________
_____________________________________________________
13,0,0.0000,
0,7,1,1,1,1,1,0,0,0,1,1,1,0
0,7,1,1,1,1,1,0,0,1,1,1,1,1
_____________________________________________________
_____________________________________________________
14,0,0.0000,
0,7,1,1,1,1,1,0,0,1,1,1,1,1
0,7,1,1,1,1,1,0,0,1,1,1,1,1
_____________________________________________________
_____________________________________________________
15,0,0.0000,
0,7,1,1,1,1,1,0,0,1,1,1,1,1
0,7,1,1,1,1,1,0,0,1,1,1,1,1
_____________________________________________________
_____________________________________________________
16,0,0.0000,
0,7,1,1,1,1,1,0,0,1,1,1,1,1
1,6,1,1,1,1,1,0,0,1,1,1,1,1
_____________________________________________________
_____________________________________________________
17,11,0.0000,
1,6,1,1,1,1,1,0,0,1,1,1,1,1
0,7,1,0,1,1,0,0,0,1,0,1,0,1
_____________________________________________________
_____________________________________________________
18,0,0.0000,
0,7,1,0,1,1,0,0,0,1,0,1,0,1
0,7,1,0,1,1,0,0,0,1,0,1,0,1
_____________________________________________________
_____________________________________________________
19,0,0.0000,
0,7,1,0,1,1,0,0,0,1,0,1,0,1
0,7,1,0,1,0,0,0,0,1,0,1,0,0
_____________________________________________________
_____________________________________________________
20,0,0.0000,
0,7,1,0,1,0,0,0,0,1,0,1,0,0
0,7,1,0,1,0,0,0,0,1,0,1,0,0
_____________________________________________________
_____________________________________________________
21,0,0.0000,
0,7,1,0,1,0,0,0,0,1,0,1,0,0
0,7,1,0,1,0,0,0,0,1,0,1,0,0
_____________________________________________________
_____________________________________________________
22,0,0.0000,
0,7,1,0,1,0,0,0,0,1,0,1,0,0
0,7,1,0,1,0,0,0,0,1,0,1,0,0
_____________________________________________________
_____________________________________________________
23,0,0.0000,
0,7,1,0,1,0,0,0,0,1,0,1,0,0
1,6,1,0,1,0,0,0,0,1,0,1,0,0
_____________________________________________________
_____________________________________________________
24,1,0.0000,
1,6,1,0,1,0,0,0,0,1,0,1,0,0
0,7,0,0,1,0,0,0,0,1,0,1,0,1
_____________________________________________________
_____________________________________________________
25,0,0.0000,
0,7,0,0,1,0,0,0,0,1,0,1,0,1
1,6,0,0,0,1,0,0,0,1,0,1,0,1
_____________________________________________________
_____________________________________________________
26,12,0.0000,
1,6,0,0,0,1,0,0,0,1,0,1,0,1
0,7,0,0,0,0,0,0,0,1,0,1,0,0
_____________________________________________________
_____________________________________________________
27,0,0.0000,
0,7,0,0,0,0,0,0,0,1,0,1,0,0
1,6,0,0,1,0,0,1,0,0,1,1,1,0
_____________________________________________________
_____________________________________________________
28,11,0.0000,
1,6,0,0,1,0,0,1,0,0,1,1,1,0
0,7,0,0,0,0,0,1,1,0,0,1,0,0
_____________________________________________________
_____________________________________________________
29,0,0.0000,
0,7,0,0,0,0,0,1,1,0,0,1,0,0
0,7,0,1,0,0,0,1,1,0,0,1,0,0
_____________________________________________________
_____________________________________________________
30,0,0.0000,
0,7,0,1,0,0,0,1,1,0,0,1,0,0
0,7,0,1,0,0,0,1,1,0,0,1,0,0
_____________________________________________________
_____________________________________________________
31,0,0.0000,
0,7,0,1,0,0,0,1,1,0,0,1,0,0
1,6,0,1,0,0,0,1,1,0,0,1,0,0
_____________________________________________________
_____________________________________________________
32,7,0.0000,
1,6,0,1,0,0,0,1,1,0,0,1,0,0
1,6,0,0,0,0,0,1,0,0,0,1,0,0
_____________________________________________________
_____________________________________________________
33,6,0.0000,
1,6,0,0,0,0,0,1,0,0,0,1,0,0
1,6,0,0,0,0,0,0,0,0,0,0,0,0
_____________________________________________________
_____________________________________________________
34,0,0.0000,
1,6,0,0,0,0,0,0,0,0,0,0,0,0
2,5,0,0,0,0,0,0,0,0,0,0,0,0
_____________________________________________________
_____________________________________________________
35,9,-1.0000,
2,5,0,0,0,0,0,0,0,0,0,0,0,0
1,5,0,0,-1,0,0,0,0,0,-1,0,-1,0
_____________________________________________________
_____________________________________________________
36,9,0.0000,
1,5,0,0,-1,0,0,0,0,0,-1,0,-1,0
1,6,0,0,-1,0,0,0,1,0,-1,0,-1,0
_____________________________________________________
_____________________________________________________
37,9,0.0000,
1,6,0,0,-1,0,0,0,1,0,-1,0,-1,0
1,6,0,1,-1,0,0,0,1,0,-1,0,-1,0
_____________________________________________________
_____________________________________________________
38,9,0.0000,
1,6,0,1,-1,0,0,0,1,0,-1,0,-1,0
0,7,0,1,-1,0,0,0,1,0,-1,0,-1,0
_____________________________________________________
_____________________________________________________
39,0,0.0000,
0,7,0,1,-1,0,0,0,1,0,-1,0,-1,0
0,7,0,1,-1,0,0,0,1,0,-1,0,-1,0
_____________________________________________________
_____________________________________________________
40,0,0.0000,
0,7,0,1,-1,0,0,0,1,0,-1,0,-1,0
0,7,0,1,-1,0,0,0,1,0,-1,0,-1,0
_____________________________________________________
_____________________________________________________
41,0,0.0000,
0,7,0,1,-1,0,0,0,1,0,-1,0,-1,0
0,7,0,0,-1,0,0,1,0,1,0,0,1,1
_____________________________________________________
_____________________________________________________
42,0,0.0000,
0,7,0,0,-1,0,0,1,0,1,0,0,1,1
0,7,1,0,-1,0,0,1,1,1,0,0,1,1
_____________________________________________________
_____________________________________________________
43,0,0.0000,
0,7,1,0,-1,0,0,1,1,1,0,0,1,1
1,6,1,0,-1,0,0,1,1,1,0,0,1,1
_____________________________________________________
_____________________________________________________
44,11,0.0000,
1,6,1,0,-1,0,0,1,1,1,0,0,1,1
0,7,1,0,-1,0,0,0,1,1,0,0,0,1
_____________________________________________________
_____________________________________________________
45,0,0.0000,
0,7,1,0,-1,0,0,0,1,1,0,0,0,1
0,7,1,0,-1,0,0,0,1,1,0,0,0,1
_____________________________________________________
_____________________________________________________
46,0,0.0000,
0,7,1,0,-1,0,0,0,1,1,0,0,0,1
0,7,1,0,-1,0,0,0,1,1,0,0,0,1
_____________________________________________________
_____________________________________________________
47,0,0.0000,
0,7,1,0,-1,0,0,0,1,1,0,0,0,1
0,7,1,0,-1,0,0,0,1,0,0,0,0,0
_____________________________________________________
_____________________________________________________
48,0,0.0000,
0,7,1,0,-1,0,0,0,1,0,0,0,0,0
0,7,1,0,-1,0,0,0,1,0,0,0,0,0
_____________________________________________________
_____________________________________________________
49,0,0.0000,
0,7,1,0,-1,0,0,0,1,0,0,0,0,0
1,6,1,0,-1,0,0,0,1,0,0,0,0,0
_____________________________________________________
_____________________________________________________
50,7,0.0000,
1,6,1,0,-1,0,0,0,1,0,0,0,0,0
0,7,0,0,-1,0,0,0,0,0,0,0,0,0
_____________________________________________________
_____________________________________________________
51,0,0.0000,
0,7,0,0,-1,0,0,0,0,0,0,0,0,0
0,7,0,0,-1,0,0,0,0,1,0,0,0,0
_____________________________________________________
_____________________________________________________
52,0,0.0000,
0,7,0,0,-1,0,0,0,0,1,0,0,0,0
0,7,0,0,-1,0,0,0,0,1,0,0,0,0
_____________________________________________________
_____________________________________________________
53,0,0.0000,
0,7,0,0,-1,0,0,0,0,1,0,0,0,0
0,7,0,0,-1,0,0,0,0,1,0,1,0,1
_____________________________________________________
_____________________________________________________
54,0,0.0000,
0,7,0,0,-1,0,0,0,0,1,0,1,0,1
0,7,0,0,-1,1,0,0,0,1,0,1,0,1
_____________________________________________________
_____________________________________________________
55,0,0.0000,
0,7,0,0,-1,1,0,0,0,1,0,1,0,1
0,7,1,0,0,-1,0,1,0,1,-1,1,1,0
_____________________________________________________
_____________________________________________________
56,0,0.0000,
0,7,1,0,0,-1,0,1,0,1,-1,1,1,0
0,7,1,0,0,-1,0,1,0,1,-1,1,0,0
_____________________________________________________
_____________________________________________________
57,0,0.0000,
0,7,1,0,0,-1,0,1,0,1,-1,1,0,0
1,6,0,0,0,1,0,0,0,0,1,0,1,0
_____________________________________________________
_____________________________________________________
58,11,0.0000,
1,6,0,0,0,1,0,0,0,0,1,0,1,0
1,6,0,0,0,1,1,0,0,0,1,0,1,0
_____________________________________________________
_____________________________________________________
59,11,0.0000,
1,6,0,0,0,1,1,0,0,0,1,0,1,0
0,7,0,0,0,1,1,0,0,0,1,0,1,0
_____________________________________________________
_____________________________________________________
60,0,0.0000,
0,7,0,0,0,1,1,0,0,0,1,0,1,0
0,7,1,0,0,1,1,1,0,1,1,1,1,0
_____________________________________________________
_____________________________________________________
61,0,0.0000,
0,7,1,0,0,1,1,1,0,1,1,1,1,0
1,6,1,0,0,1,1,1,0,1,1,1,1,0
_____________________________________________________
_____________________________________________________
62,11,0.0000,
1,6,1,0,0,1,1,1,0,1,1,1,1,0
0,7,0,0,0,1,1,0,0,0,1,1,1,0
_____________________________________________________
_____________________________________________________
63,0,0.0000,
0,7,0,0,0,1,1,0,0,0,1,1,1,0
1,6,1,0,0,1,1,1,0,1,1,0,0,0
_____________________________________________________
_____________________________________________________
64,5,0.0000,
1,6,1,0,0,1,1,1,0,1,1,0,0,0
1,6,0,0,0,1,0,0,0,1,1,1,1,0
_____________________________________________________
_____________________________________________________
65,11,0.0000,
1,6,0,0,0,1,0,0,0,1,1,1,1,0
1,6,0,0,0,1,0,0,0,1,1,1,1,0
_____________________________________________________
_____________________________________________________
66,11,0.0000,
1,6,0,0,0,1,0,0,0,1,1,1,1,0
1,6,0,0,0,1,0,0,0,0,1,0,0,0
_____________________________________________________
_____________________________________________________
67,9,0.0000,
1,6,0,0,0,1,0,0,0,0,1,0,0,0
0,7,0,0,0,0,0,0,0,0,0,0,0,0
_____________________________________________________
_____________________________________________________
68,0,0.0000,
0,7,0,0,0,0,0,0,0,0,0,0,0,0
0,7,0,0,0,0,0,0,0,0,0,0,0,0
_____________________________________________________
_____________________________________________________
69,0,0.0000,
0,7,0,0,0,0,0,0,0,0,0,0,0,0
0,7,1,0,1,0,0,1,1,0,0,1,1,1
_____________________________________________________
_____________________________________________________
70,0,0.0000,
0,7,1,0,1,0,0,1,1,0,0,1,1,1
0,7,1,0,1,0,0,0,1,1,0,1,0,1
_____________________________________________________
_____________________________________________________
71,0,0.0000,
0,7,1,0,1,0,0,0,1,1,0,1,0,1
1,6,1,0,1,0,0,0,1,1,0,1,0,1
_____________________________________________________
_____________________________________________________
72,7,0.0000,
1,6,1,0,1,0,0,0,1,1,0,1,0,1
1,6,1,0,0,0,0,0,0,1,0,1,0,0
_____________________________________________________
_____________________________________________________
73,10,0.0000,
1,6,1,0,0,0,0,0,0,1,0,1,0,0
0,7,1,0,0,0,0,0,0,0,0,0,0,0
_____________________________________________________
_____________________________________________________
74,0,0.0000,
0,7,1,0,0,0,0,0,0,0,0,0,0,0
1,6,1,0,0,1,0,0,0,0,1,0,0,0
_____________________________________________________
_____________________________________________________
75,9,0.0000,
1,6,1,0,0,1,0,0,0,0,1,0,0,0
0,7,1,0,0,0,0,0,0,0,0,0,0,0
_____________________________________________________
_____________________________________________________
76,0,0.0000,
0,7,1,0,0,0,0,0,0,0,0,0,0,0
0,7,1,0,0,0,0,0,0,0,0,0,0,0
_____________________________________________________
_____________________________________________________
77,0,0.0000,
0,7,1,0,0,0,0,0,0,0,0,0,0,0
0,7,1,0,0,0,0,0,0,0,1,0,0,0
_____________________________________________________
_____________________________________________________
78,0,0.0000,
0,7,1,0,0,0,0,0,0,0,1,0,0,0
0,7,0,0,0,1,0,0,0,0,1,0,0,0
_____________________________________________________
_____________________________________________________
79,0,0.0000,
0,7,0,0,0,1,0,0,0,0,1,0,0,0
0,7,0,0,0,1,0,0,0,0,1,0,0,0
_____________________________________________________
_____________________________________________________
80,0,0.0000,
0,7,0,0,0,1,0,0,0,0,1,0,0,0
0,7,0,0,0,1,0,0,0,0,1,0,0,0
_____________________________________________________
_____________________________________________________
81,0,0.0000,
0,7,0,0,0,1,0,0,0,0,1,0,0,0
0,7,0,0,0,1,0,0,0,0,1,0,0,0
_____________________________________________________
_____________________________________________________
82,0,0.0000,
0,7,0,0,0,1,0,0,0,0,1,0,0,0
0,7,0,0,0,1,0,0,0,0,1,0,0,0
_____________________________________________________
_____________________________________________________
83,0,0.0000,
0,7,0,0,0,1,0,0,0,0,1,0,0,0
0,7,0,0,1,1,0,1,0,0,0,0,0,0
_____________________________________________________
_____________________________________________________
84,0,0.0000,
0,7,0,0,1,1,0,1,0,0,0,0,0,0
1,6,0,1,1,1,0,1,0,0,0,0,0,0
_____________________________________________________
_____________________________________________________
85,6,0.0000,
1,6,0,1,1,1,0,1,0,0,0,0,0,0
0,7,0,1,1,0,0,0,0,0,0,0,0,0
_____________________________________________________
_____________________________________________________
86,0,0.0000,
0,7,0,1,1,0,0,0,0,0,0,0,0,0
0,7,0,1,1,0,0,0,0,1,0,0,0,0
_____________________________________________________
_____________________________________________________
87,0,0.0000,
0,7,0,1,1,0,0,0,0,1,0,0,0,0
0,7,0,1,1,0,0,0,0,1,1,0,0,0
_____________________________________________________
_____________________________________________________
88,0,0.0000,
0,7,0,1,1,0,0,0,0,1,1,0,0,0
0,7,0,1,1,0,0,0,0,1,1,0,0,0
_____________________________________________________
_____________________________________________________
89,0,0.0000,
0,7,0,1,1,0,0,0,0,1,1,0,0,0
1,6,0,1,1,0,0,0,0,1,1,0,0,0
_____________________________________________________
_____________________________________________________
90,9,0.0000,
1,6,0,1,1,0,0,0,0,1,1,0,0,0
1,6,0,1,1,0,0,0,0,1,0,0,0,0
_____________________________________________________
_____________________________________________________
91,2,0.0000,
1,6,0,1,1,0,0,0,0,1,0,0,0,0
0,7,0,0,0,0,0,0,0,1,0,0,0,0
_____________________________________________________
_____________________________________________________
92,0,0.0000,
0,7,0,0,0,0,0,0,0,1,0,0,0,0
0,7,0,0,0,0,0,0,0,1,1,0,0,0
_____________________________________________________
_____________________________________________________
93,0,0.0000,
0,7,0,0,0,0,0,0,0,1,1,0,0,0
1,6,0,0,0,0,0,0,0,1,1,0,0,0
_____________________________________________________
_____________________________________________________
94,9,0.0000,
1,6,0,0,0,0,0,0,0,1,1,0,0,0
0,7,0,0,0,0,0,0,0,1,0,1,1,0
_____________________________________________________
_____________________________________________________
95,0,0.0000,
0,7,0,0,0,0,0,0,0,1,0,1,1,0
0,7,0,0,0,0,1,0,0,1,0,1,1,0
_____________________________________________________
_____________________________________________________
96,0,0.0000,
0,7,0,0,0,0,1,0,0,1,0,1,1,0
1,6,0,1,1,0,1,0,0,1,0,1,1,0
_____________________________________________________
_____________________________________________________
97,11,0.0000,
1,6,0,1,1,0,1,0,0,1,0,1,1,0
0,7,0,1,0,0,1,0,0,1,0,1,0,1
_____________________________________________________
_____________________________________________________
98,0,0.0000,
0,7,0,1,0,0,1,0,0,1,0,1,0,1
0,7,0,1,0,0,1,0,0,1,0,1,0,1
_____________________________________________________
_____________________________________________________
99,0,0.0000,
0,7,0,1,0,0,1,0,0,1,0,1,0,1
0,7,0,1,0,0,1,1,0,1,0,0,0,0
_____________________________________________________
_____________________________________________________
100,0,0.0000,
0,7,0,1,0,0,1,1,0,1,0,0,0,0
0,7,0,1,0,0,1,1,0,1,1,0,0,0
_____________________________________________________
_____________________________________________________
101,0,0.0000,
0,7,0,1,0,0,1,1,0,1,1,0,0,0
0,7,0,1,0,0,1,1,0,1,1,0,0,0
_____________________________________________________
_____________________________________________________
102,0,0.0000,
0,7,0,1,0,0,1,1,0,1,1,0,0,0
0,7,0,1,0,0,1,1,0,1,1,0,0,0
_____________________________________________________
_____________________________________________________
103,0,0.0000,
0,7,0,1,0,0,1,1,0,1,1,0,0,0
1,6,0,1,0,0,0,1,0,0,1,0,0,0
_____________________________________________________
_____________________________________________________
104,6,0.0000,
1,6,0,1,0,0,0,1,0,0,1,0,0,0
0,7,0,1,0,0,0,0,1,0,1,0,0,0
_____________________________________________________
_____________________________________________________
105,0,0.0000,
0,7,0,1,0,0,0,0,1,0,1,0,0,0
1,6,0,1,0,0,0,0,1,0,0,0,0,0
_____________________________________________________
_____________________________________________________
106,7,0.0000,
1,6,0,1,0,0,0,0,1,0,0,0,0,0
1,6,0,1,0,0,0,0,0,0,0,0,0,0
_____________________________________________________
_____________________________________________________
107,2,0.0000,
1,6,0,1,0,0,0,0,0,0,0,0,0,0
1,6,0,0,0,0,0,0,0,0,0,0,0,0
_____________________________________________________
_____________________________________________________
108,0,0.0000,
1,6,0,0,0,0,0,0,0,0,0,0,0,0
1,5,0,0,0,0,0,0,0,0,0,0,0,0
_____________________________________________________
_____________________________________________________
109,0,0.0000,
1,5,0,0,0,0,0,0,0,0,0,0,0,0
2,4,0,0,0,0,0,0,0,0,0,0,0,0
_____________________________________________________
_____________________________________________________
110,9,-1.0000,
2,4,0,0,0,0,0,0,0,0,0,0,0,0
1,5,0,0,0,0,1,0,0,1,1,0,0,0
_____________________________________________________
_____________________________________________________
111,5,0.0000,
1,5,0,0,0,0,1,0,0,1,1,0,0,0
0,7,0,0,0,0,0,0,0,0,0,0,1,0
_____________________________________________________
_____________________________________________________
112,0,0.0000,
0,7,0,0,0,0,0,0,0,0,0,0,1,0
0,7,0,0,0,0,0,0,0,0,0,0,1,0
_____________________________________________________
_____________________________________________________
113,0,0.0000,
0,7,0,0,0,0,0,0,0,0,0,0,1,0
1,6,0,0,0,0,0,0,0,0,0,0,1,0
_____________________________________________________
_____________________________________________________
114,11,0.0000,
1,6,0,0,0,0,0,0,0,0,0,0,1,0
0,7,0,0,0,0,0,0,0,0,0,0,0,0
_____________________________________________________
_____________________________________________________
115,0,0.0000,
0,7,0,0,0,0,0,0,0,0,0,0,0,0
0,7,0,0,0,0,0,0,0,0,0,0,0,0
_____________________________________________________
_____________________________________________________
116,0,0.0000,
0,7,0,0,0,0,0,0,0,0,0,0,0,0
0,7,0,0,0,0,0,1,0,0,0,1,0,0
_____________________________________________________
_____________________________________________________
117,0,0.0000,
0,7,0,0,0,0,0,1,0,0,0,1,0,0
1,6,0,0,0,0,0,1,0,0,0,1,0,0
_____________________________________________________
_____________________________________________________
118,6,0.0000,
1,6,0,0,0,0,0,1,0,0,0,1,0,0
1,6,0,0,0,0,1,0,0,0,0,0,0,0
_____________________________________________________
_____________________________________________________
119,5,0.0000,
1,6,0,0,0,0,1,0,0,0,0,0,0,0
0,7,0,0,0,0,0,0,0,0,0,0,0,0
_____________________________________________________
_____________________________________________________
120,0,0.0000,
0,7,0,0,0,0,0,0,0,0,0,0,0,0
0,7,0,0,0,0,0,0,0,0,0,0,1,0
_____________________________________________________
_____________________________________________________
121,0,0.0000,
0,7,0,0,0,0,0,0,0,0,0,0,1,0
1,6,0,0,0,0,0,0,0,0,0,0,1,0
_____________________________________________________
_____________________________________________________
122,11,0.0000,
1,6,0,0,0,0,0,0,0,0,0,0,1,0
0,7,0,0,0,0,0,1,0,0,0,1,0,0
_____________________________________________________
_____________________________________________________
123,0,0.0000,
0,7,0,0,0,0,0,1,0,0,0,1,0,0
0,7,0,0,0,0,0,1,0,0,0,1,0,0
_____________________________________________________
_____________________________________________________
124,0,0.0000,
0,7,0,0,0,0,0,1,0,0,0,1,0,0
0,7,0,0,0,0,0,1,0,0,0,1,0,0
_____________________________________________________
_____________________________________________________
125,0,0.0000,
0,7,0,0,0,0,0,1,0,0,0,1,0,0
0,7,0,0,0,0,1,0,0,0,0,0,0,0
_____________________________________________________
_____________________________________________________
126,0,0.0000,
0,7,0,0,0,0,1,0,0,0,0,0,0,0
1,6,0,0,0,0,1,0,0,0,0,0,0,0
_____________________________________________________
_____________________________________________________
127,5,0.0000,
1,6,0,0,0,0,1,0,0,0,0,0,0,0
0,7,0,0,0,0,0,0,0,0,0,0,0,0
_____________________________________________________
_____________________________________________________
128,0,0.0000,
0,7,0,0,0,0,0,0,0,0,0,0,0,0
0,7,0,0,0,0,0,0,0,0,0,0,0,0
_____________________________________________________
_____________________________________________________
129,0,0.0000,
0,7,0,0,0,0,0,0,0,0,0,0,0,0
0,7,0,0,0,0,0,0,0,0,0,0,0,0
_____________________________________________________
_____________________________________________________
130,0,0.0000,
0,7,0,0,0,0,0,0,0,0,0,0,0,0
0,7,0,0,0,0,0,0,0,0,0,0,0,0
_____________________________________________________
_____________________________________________________
131,0,0.0000,
0,7,0,0,0,0,0,0,0,0,0,0,0,0
0,7,0,0,0,0,0,0,1,0,0,1,0,0
_____________________________________________________
_____________________________________________________
132,0,0.0000,
0,7,0,0,0,0,0,0,1,0,0,1,0,0
1,6,0,0,0,0,0,0,1,1,0,1,0,0
_____________________________________________________
_____________________________________________________
133,7,0.0000,
1,6,0,0,0,0,0,0,1,1,0,1,0,0
1,6,0,1,0,1,0,1,0,1,0,0,0,0
_____________________________________________________
_____________________________________________________
134,6,0.0000,
1,6,0,1,0,1,0,1,0,1,0,0,0,0
1,6,1,0,0,1,0,0,0,0,0,0,0,0
_____________________________________________________
_____________________________________________________
135,1,0.0000,
1,6,1,0,0,1,0,0,0,0,0,0,0,0
0,7,0,0,0,0,0,0,0,0,0,0,0,0
_____________________________________________________
_____________________________________________________
136,0,0.0000,
0,7,0,0,0,0,0,0,0,0,0,0,0,0
1,6,0,1,0,0,0,1,0,1,0,0,0,0
_____________________________________________________
_____________________________________________________
137,6,0.0000,
1,6,0,1,0,0,0,1,0,1,0,0,0,0
1,6,0,0,0,0,0,0,0,0,0,0,0,0
_____________________________________________________
_____________________________________________________
138,0,0.0000,
1,6,0,0,0,0,0,0,0,0,0,0,0,0
2,5,0,0,0,0,0,0,0,0,0,0,0,0
_____________________________________________________
_____________________________________________________
139,9,-1.0000,
2,5,0,0,0,0,0,0,0,0,0,0,0,0
1,5,0,0,0,0,0,0,0,0,0,0,0,0
_____________________________________________________
