_____________________________________________________
0,11,0.0000,
5,3,1,1,1,1,1,1,1,1,1,1,1,1
5,3,1,1,1,1,1,1,1,1,1,1,0,1
_____________________________________________________
_____________________________________________________
1,5,0.0000,
5,3,1,1,1,1,1,1,1,1,1,1,0,1
4,3,1,1,1,1,0,1,1,1,1,1,0,1
_____________________________________________________
_____________________________________________________
2,7,0.0000,
4,3,1,1,1,1,0,1,1,1,1,1,0,1
4,3,1,1,1,1,0,1,0,1,1,1,0,1
_____________________________________________________
_____________________________________________________
3,6,0.0000,
4,3,1,1,1,1,0,1,0,1,1,1,0,1
4,2,1,1,1,1,0,0,0,1,1,0,0,1
_____________________________________________________
_____________________________________________________
4,12,0.0000,
4,2,1,1,1,1,0,0,0,1,1,0,0,1
4,2,1,1,1,1,0,0,0,1,0,0,0,0
_____________________________________________________
_____________________________________________________
5,2,0.0000,
4,2,1,1,1,1,0,0,0,1,0,0,0,0
3,3,1,0,0,1,0,0,0,1,0,0,0,1
_____________________________________________________
_____________________________________________________
6,12,0.0000,
3,3,1,0,0,1,0,0,0,1,0,0,0,1
3,3,1,0,0,1,0,0,0,1,0,0,0,0
_____________________________________________________
_____________________________________________________
7,10,-1.0000,
3,3,1,0,0,1,0,0,0,1,0,0,0,0
2,3,1,0,0,1,0,-1,0,1,0,-1,0,0
_____________________________________________________
_____________________________________________________
8,10,0.0000,
2,3,1,0,0,1,0,-1,0,1,0,-1,0,0
1,4,1,0,1,1,0,-1,1,1,0,-1,0,0
_____________________________________________________
_____________________________________________________
9,7,0.0000,
1,4,1,0,1,1,0,-1,1,1,0,-1,0,0
0,7,1,1,1,1,0,-1,0,1,0,-1,0,1
_____________________________________________________
_____________________________________________________
10,0,0.0000,
0,7,1,1,1,1,0,-1,0,1,0,-1,0,1
1,6,1,1,1,1,0,-1,0,1,1,-1,0,1
_____________________________________________________
_____________________________________________________
11,12,0.0000,
1,6,1,1,1,1,0,-1,0,1,1,-1,0,1
1,6,1,1,1,1,0,-1,0,1,0,-1,0,0
_____________________________________________________
_____________________________________________________
12,8,0.0000,
1,6,1,1,1,1,0,-1,0,1,0,-1,0,0
0,7,1,1,1,0,0,-1,0,0,0,-1,0,0
_____________________________________________________
_____________________________________________________
13,0,0.0000,
0,7,1,1,1,0,0,-1,0,0,0,-1,0,0
1,6,0,-1,0,0,-1,1,1,1,1,-1,-1,1
_____________________________________________________
_____________________________________________________
14,5,0.0000,
1,6,0,-1,0,0,-1,1,1,1,1,-1,-1,1
1,6,0,-1,0,0,-1,1,1,1,1,-1,-1,1
_____________________________________________________
_____________________________________________________
15,5,0.0000,
1,6,0,-1,0,0,-1,1,1,1,1,-1,-1,1
0,7,0,-1,0,1,-1,1,1,1,1,-1,-1,1
_____________________________________________________
_____________________________________________________
16,0,0.0000,
0,7,0,-1,0,1,-1,1,1,1,1,-1,-1,1
0,7,0,-1,1,1,-1,1,1,1,1,-1,-1,1
_____________________________________________________
_____________________________________________________
17,0,0.0000,
0,7,0,-1,1,1,-1,1,1,1,1,-1,-1,1
1,6,0,-1,1,1,-1,1,1,1,1,-1,-1,1
_____________________________________________________
_____________________________________________________
18,5,0.0000,
1,6,0,-1,1,1,-1,1,1,1,1,-1,-1,1
1,6,0,-1,1,1,-1,1,1,1,1,-1,-1,1
_____________________________________________________
_____________________________________________________
19,5,0.0000,
1,6,0,-1,1,1,-1,1,1,1,1,-1,-1,1
1,6,0,-1,1,1,-1,1,1,1,1,-1,-1,1
_____________________________________________________
_____________________________________________________
20,5,0.0000,
1,6,0,-1,1,1,-1,1,1,1,1,-1,-1,1
0,7,0,-1,1,1,-1,1,1,1,1,-1,-1,1
_____________________________________________________
_____________________________________________________
21,0,0.0000,
0,7,0,-1,1,1,-1,1,1,1,1,-1,-1,1
0,7,0,-1,1,1,-1,1,1,1,1,-1,-1,1
_____________________________________________________
_____________________________________________________
22,0,0.0000,
0,7,0,-1,1,1,-1,1,1,1,1,-1,-1,1
1,6,0,-1,1,1,-1,1,1,1,1,-1,-1,1
_____________________________________________________
_____________________________________________________
23,5,0.0000,
1,6,0,-1,1,1,-1,1,1,1,1,-1,-1,1
0,7,0,-1,1,1,-1,1,1,1,1,-1,-1,1
_____________________________________________________
_____________________________________________________
24,0,0.0000,
0,7,0,-1,1,1,-1,1,1,1,1,-1,-1,1
0,7,0,-1,1,1,-1,1,1,1,1,-1,-1,1
_____________________________________________________
_____________________________________________________
25,0,0.0000,
0,7,0,-1,1,1,-1,1,1,1,1,-1,-1,1
1,6,0,-1,1,1,-1,1,1,1,1,-1,-1,1
_____________________________________________________
_____________________________________________________
26,5,0.0000,
1,6,0,-1,1,1,-1,1,1,1,1,-1,-1,1
1,6,0,-1,1,1,-1,1,1,1,1,-1,-1,1
_____________________________________________________
_____________________________________________________
27,5,0.0000,
1,6,0,-1,1,1,-1,1,1,1,1,-1,-1,1
1,6,1,0,1,1,1,0,1,-1,1,1,0,-1
_____________________________________________________
_____________________________________________________
28,5,0.0000,
1,6,1,0,1,1,1,0,1,-1,1,1,0,-1
1,6,0,0,1,1,0,0,1,-1,1,1,0,-1
_____________________________________________________
_____________________________________________________
29,12,0.0000,
1,6,0,0,1,1,0,0,1,-1,1,1,0,-1
0,7,0,1,1,1,1,0,1,-1,1,1,0,-1
_____________________________________________________
_____________________________________________________
30,0,0.0000,
0,7,0,1,1,1,1,0,1,-1,1,1,0,-1
1,6,1,1,1,1,1,0,1,-1,1,1,0,-1
_____________________________________________________
_____________________________________________________
31,5,0.0000,
1,6,1,1,1,1,1,0,1,-1,1,1,0,-1
1,6,0,1,1,1,0,0,1,-1,1,1,0,-1
_____________________________________________________
_____________________________________________________
32,2,0.0000,
1,6,0,1,1,1,0,0,1,-1,1,1,0,-1
0,7,0,0,1,1,0,0,1,-1,1,1,0,-1
_____________________________________________________
_____________________________________________________
33,0,0.0000,
0,7,0,0,1,1,0,0,1,-1,1,1,0,-1
1,6,0,1,1,1,1,0,1,-1,1,1,0,-1
_____________________________________________________
_____________________________________________________
34,12,0.0000,
1,6,0,1,1,1,1,0,1,-1,1,1,0,-1
0,7,1,1,1,1,1,0,1,-1,1,1,0,-1
_____________________________________________________
_____________________________________________________
35,0,0.0000,
0,7,1,1,1,1,1,0,1,-1,1,1,0,-1
0,7,1,1,1,1,1,0,1,-1,1,1,0,-1
_____________________________________________________
_____________________________________________________
36,0,0.0000,
0,7,1,1,1,1,1,0,1,-1,1,1,0,-1
0,7,1,1,1,1,1,0,1,-1,1,1,0,-1
_____________________________________________________
_____________________________________________________
37,0,0.0000,
0,7,1,1,1,1,1,0,1,-1,1,1,0,-1
0,7,1,1,1,1,1,0,1,-1,1,1,0,-1
_____________________________________________________
_____________________________________________________
38,0,0.0000,
0,7,1,1,1,1,1,0,1,-1,1,1,0,-1
1,6,1,1,1,1,1,0,1,-1,1,1,0,-1
_____________________________________________________
_____________________________________________________
39,5,0.0000,
1,6,1,1,1,1,1,0,1,-1,1,1,0,-1
1,6,0,1,1,1,0,0,1,-1,1,1,0,-1
_____________________________________________________
_____________________________________________________
40,12,0.0000,
1,6,0,1,1,1,0,0,1,-1,1,1,0,-1
0,7,1,1,1,1,1,0,1,-1,1,1,0,-1
_____________________________________________________
_____________________________________________________
41,0,0.0000,
0,7,1,1,1,1,1,0,1,-1,1,1,0,-1
1,6,1,0,1,1,1,1,0,1,1,1,1,-1
_____________________________________________________
_____________________________________________________
42,11,0.0000,
1,6,1,0,1,1,1,1,0,1,1,1,1,-1
0,7,1,1,1,0,1,1,1,1,1,1,0,-1
_____________________________________________________
_____________________________________________________
43,0,0.0000,
0,7,1,1,1,0,1,1,1,1,1,1,0,-1
0,7,1,1,1,0,1,1,1,1,1,1,0,-1
_____________________________________________________
_____________________________________________________
44,0,0.0000,
0,7,1,1,1,0,1,1,1,1,1,1,0,-1
1,6,1,1,1,0,1,1,1,1,1,1,0,-1
_____________________________________________________
_____________________________________________________
45,5,0.0000,
1,6,1,1,1,0,1,1,1,1,1,1,0,-1
1,6,1,1,1,0,0,0,1,1,1,1,0,-1
_____________________________________________________
_____________________________________________________
46,2,0.0000,
1,6,1,1,1,0,0,0,1,1,1,1,0,-1
1,6,1,0,1,1,0,0,0,1,1,1,1,-1
_____________________________________________________
_____________________________________________________
47,11,0.0000,
1,6,1,0,1,1,0,0,0,1,1,1,1,-1
0,7,1,0,1,0,0,0,0,1,1,1,0,-1
_____________________________________________________
_____________________________________________________
48,0,0.0000,
0,7,1,0,1,0,0,0,0,1,1,1,0,-1
1,6,1,0,1,0,0,0,0,1,1,1,0,-1
_____________________________________________________
_____________________________________________________
49,12,0.0000,
1,6,1,0,1,0,0,0,0,1,1,1,0,-1
1,6,1,0,1,0,0,0,0,1,1,1,0,-1
_____________________________________________________
_____________________________________________________
50,12,0.0000,
1,6,1,0,1,0,0,0,0,1,1,1,0,-1
1,6,1,0,1,0,0,0,0,1,1,1,0,-1
_____________________________________________________
_____________________________________________________
51,12,0.0000,
1,6,1,0,1,0,0,0,0,1,1,1,0,-1
1,6,1,0,1,0,0,0,0,1,1,1,0,-1
_____________________________________________________
_____________________________________________________
52,12,0.0000,
1,6,1,0,1,0,0,0,0,1,1,1,0,-1
1,6,1,0,1,0,0,0,0,1,1,1,1,-1
_____________________________________________________
_____________________________________________________
53,11,0.0000,
1,6,1,0,1,0,0,0,0,1,1,1,1,-1
0,7,1,0,1,0,0,0,0,1,1,1,0,-1
_____________________________________________________
_____________________________________________________
54,0,0.0000,
0,7,1,0,1,0,0,0,0,1,1,1,0,-1
1,6,1,0,1,0,0,0,0,1,1,1,0,-1
_____________________________________________________
_____________________________________________________
55,12,0.0000,
1,6,1,0,1,0,0,0,0,1,1,1,0,-1
0,7,0,0,0,1,1,0,0,1,1,0,1,0
_____________________________________________________
_____________________________________________________
56,0,0.0000,
0,7,0,0,0,1,1,0,0,1,1,0,1,0
0,7,0,0,0,1,1,0,0,1,1,0,1,0
_____________________________________________________
_____________________________________________________
57,0,0.0000,
0,7,0,0,0,1,1,0,0,1,1,0,1,0
1,6,0,0,0,1,1,0,0,1,1,0,1,0
_____________________________________________________
_____________________________________________________
58,11,0.0000,
1,6,0,0,0,1,1,0,0,1,1,0,1,0
1,6,0,0,0,1,0,0,0,0,1,0,0,1
_____________________________________________________
_____________________________________________________
59,12,0.0000,
1,6,0,0,0,1,0,0,0,0,1,0,0,1
1,6,0,0,0,1,0,0,0,0,1,0,0,0
_____________________________________________________
_____________________________________________________
60,9,0.0000,
1,6,0,0,0,1,0,0,0,0,1,0,0,0
0,7,0,0,0,1,0,1,0,0,0,0,0,0
_____________________________________________________
_____________________________________________________
61,0,0.0000,
0,7,0,0,0,1,0,1,0,0,0,0,0,0
0,7,0,0,0,1,0,1,0,0,0,0,0,0
_____________________________________________________
_____________________________________________________
62,0,0.0000,
0,7,0,0,0,1,0,1,0,0,0,0,0,0
0,7,0,0,0,1,0,1,0,0,0,0,0,0
_____________________________________________________
_____________________________________________________
63,0,0.0000,
0,7,0,0,0,1,0,1,0,0,0,0,0,0
0,7,0,0,0,1,0,1,0,0,0,0,0,1
_____________________________________________________
_____________________________________________________
64,0,0.0000,
0,7,0,0,0,1,0,1,0,0,0,0,0,1
1,6,0,0,0,1,0,1,0,0,0,0,0,1
_____________________________________________________
_____________________________________________________
65,6,0.0000,
1,6,0,0,0,1,0,1,0,0,0,0,0,1
0,7,0,0,0,1,0,0,0,0,0,0,0,1
_____________________________________________________
_____________________________________________________
66,0,0.0000,
0,7,0,0,0,1,0,0,0,0,0,0,0,1
1,6,0,0,0,1,0,0,0,0,0,0,0,1
_____________________________________________________
_____________________________________________________
67,12,0.0000,
1,6,0,0,0,1,0,0,0,0,0,0,0,1
1,6,0,0,0,1,0,0,0,0,0,0,0,0
_____________________________________________________
_____________________________________________________
68,0,0.0000,
1,6,0,0,0,1,0,0,0,0,0,0,0,0
1,5,0,0,0,1,0,0,0,0,0,0,0,0
_____________________________________________________
_____________________________________________________
69,0,0.0000,
1,5,0,0,0,1,0,0,0,0,0,0,0,0
1,4,0,0,1,-1,1,0,1,0,0,0,1,0
_____________________________________________________
_____________________________________________________
70,11,0.0000,
1,4,0,0,1,-1,1,0,1,0,0,0,1,0
0,7,0,0,0,-1,0,0,1,0,0,0,0,0
_____________________________________________________
_____________________________________________________
71,0,0.0000,
0,7,0,0,0,-1,0,0,1,0,0,0,0,0
0,7,0,0,0,-1,0,0,1,0,0,0,0,0
_____________________________________________________
_____________________________________________________
72,0,0.0000,
0,7,0,0,0,-1,0,0,1,0,0,0,0,0
1,6,0,0,1,-1,1,1,1,0,0,0,1,0
_____________________________________________________
_____________________________________________________
73,11,0.0000,
1,6,0,0,1,-1,1,1,1,0,0,0,1,0
1,6,1,0,0,-1,1,1,1,0,0,0,1,0
_____________________________________________________
_____________________________________________________
74,5,0.0000,
1,6,1,0,0,-1,1,1,1,0,0,0,1,0
0,7,1,0,0,-1,0,1,1,0,0,0,0,0
_____________________________________________________
_____________________________________________________
75,0,0.0000,
0,7,1,0,0,-1,0,1,1,0,0,0,0,0
1,6,1,0,0,-1,0,1,1,0,0,0,0,0
_____________________________________________________
_____________________________________________________
76,7,0.0000,
1,6,1,0,0,-1,0,1,1,0,0,0,0,0
0,7,1,0,1,-1,1,1,0,0,0,0,1,0
_____________________________________________________
_____________________________________________________
77,0,0.0000,
0,7,1,0,1,-1,1,1,0,0,0,0,1,0
1,6,1,0,1,-1,1,1,0,1,1,0,1,1
_____________________________________________________
_____________________________________________________
78,5,0.0000,
1,6,1,0,1,-1,1,1,0,1,1,0,1,1
0,7,1,0,1,-1,1,1,0,1,1,0,1,1
_____________________________________________________
_____________________________________________________
79,0,0.0000,
0,7,1,0,1,-1,1,1,0,1,1,0,1,1
0,7,1,0,1,-1,1,1,0,1,1,0,1,1
_____________________________________________________
_____________________________________________________
80,0,0.0000,
0,7,1,0,1,-1,1,1,0,1,1,0,1,1
0,7,1,0,1,-1,1,1,0,1,1,0,1,1
_____________________________________________________
_____________________________________________________
81,0,0.0000,
0,7,1,0,1,-1,1,1,0,1,1,0,1,1
1,6,1,0,1,-1,1,1,0,1,1,1,1,1
_____________________________________________________
_____________________________________________________
82,5,0.0000,
1,6,1,0,1,-1,1,1,0,1,1,1,1,1
0,7,1,1,1,-1,1,1,1,1,1,1,1,1
_____________________________________________________
_____________________________________________________
83,0,0.0000,
0,7,1,1,1,-1,1,1,1,1,1,1,1,1
1,6,0,0,1,1,1,1,-1,0,0,1,0,1
_____________________________________________________
_____________________________________________________
84,7,0.0000,
1,6,0,0,1,1,1,1,-1,0,0,1,0,1
1,6,0,0,1,1,1,1,-1,0,0,1,0,1
_____________________________________________________
_____________________________________________________
85,7,0.0000,
1,6,0,0,1,1,1,1,-1,0,0,1,0,1
1,6,0,0,1,1,1,1,-1,0,0,1,0,1
_____________________________________________________
_____________________________________________________
86,7,0.0000,
1,6,0,0,1,1,1,1,-1,0,0,1,0,1
0,7,0,0,1,1,1,1,-1,0,0,1,0,1
_____________________________________________________
_____________________________________________________
87,0,0.0000,
0,7,0,0,1,1,1,1,-1,0,0,1,0,1
0,7,0,0,1,1,1,1,-1,0,1,1,0,1
_____________________________________________________
_____________________________________________________
88,0,0.0000,
0,7,0,0,1,1,1,1,-1,0,1,1,0,1
0,7,0,0,1,1,1,1,-1,1,1,1,0,1
_____________________________________________________
_____________________________________________________
89,0,0.0000,
0,7,0,0,1,1,1,1,-1,1,1,1,0,1
1,6,0,0,1,1,1,1,-1,1,1,1,0,1
_____________________________________________________
_____________________________________________________
90,7,0.0000,
1,6,0,0,1,1,1,1,-1,1,1,1,0,1
0,7,0,0,1,1,1,1,-1,1,1,1,0,1
_____________________________________________________
_____________________________________________________
91,0,0.0000,
0,7,0,0,1,1,1,1,-1,1,1,1,0,1
1,6,0,0,1,1,1,1,-1,1,1,1,0,1
_____________________________________________________
_____________________________________________________
92,7,0.0000,
1,6,0,0,1,1,1,1,-1,1,1,1,0,1
1,6,0,0,1,1,1,1,-1,1,1,1,0,1
_____________________________________________________
_____________________________________________________
93,7,0.0000,
1,6,0,0,1,1,1,1,-1,1,1,1,0,1
0,7,0,0,1,1,1,1,-1,1,1,1,0,1
_____________________________________________________
_____________________________________________________
94,0,0.0000,
0,7,0,0,1,1,1,1,-1,1,1,1,0,1
0,7,0,0,1,1,1,1,-1,1,1,1,0,1
_____________________________________________________
_____________________________________________________
95,0,0.0000,
0,7,0,0,1,1,1,1,-1,1,1,1,0,1
1,6,0,0,1,1,1,1,-1,1,1,1,0,1
_____________________________________________________
_____________________________________________________
96,7,0.0000,
1,6,0,0,1,1,1,1,-1,1,1,1,0,1
0,7,0,0,1,1,1,1,-1,1,1,1,0,1
_____________________________________________________
_____________________________________________________
97,0,0.0000,
0,7,0,0,1,1,1,1,-1,1,1,1,0,1
0,7,0,1,1,1,1,1,1,1,-1,1,1,1
_____________________________________________________
_____________________________________________________
98,0,0.0000,
0,7,0,1,1,1,1,1,1,1,-1,1,1,1
0,7,0,1,1,1,1,1,1,1,-1,1,1,1
_____________________________________________________
_____________________________________________________
99,0,0.0000,
0,7,0,1,1,1,1,1,1,1,-1,1,1,1
1,6,0,1,1,1,1,1,1,1,-1,1,1,1
_____________________________________________________
_____________________________________________________
100,11,0.0000,
1,6,0,1,1,1,1,1,1,1,-1,1,1,1
0,7,0,1,1,1,1,1,1,0,-1,1,0,1
_____________________________________________________
_____________________________________________________
101,0,0.0000,
0,7,0,1,1,1,1,1,1,0,-1,1,0,1
0,7,0,1,1,1,1,1,1,0,-1,1,0,1
_____________________________________________________
_____________________________________________________
102,0,0.0000,
0,7,0,1,1,1,1,1,1,0,-1,1,0,1
1,6,0,1,1,1,1,1,1,0,-1,1,1,1
_____________________________________________________
_____________________________________________________
103,11,0.0000,
1,6,0,1,1,1,1,1,1,0,-1,1,1,1
1,6,1,1,1,1,1,1,1,0,-1,1,0,1
_____________________________________________________
_____________________________________________________
104,7,0.0000,
1,6,1,1,1,1,1,1,1,0,-1,1,0,1
0,7,1,1,1,0,1,1,0,0,-1,1,1,1
_____________________________________________________
_____________________________________________________
105,0,0.0000,
0,7,1,1,1,0,1,1,0,0,-1,1,1,1
1,6,1,1,1,0,1,1,0,1,-1,1,1,1
_____________________________________________________
_____________________________________________________
106,11,0.0000,
1,6,1,1,1,0,1,1,0,1,-1,1,1,1
1,6,1,1,1,0,1,1,0,0,-1,1,0,1
_____________________________________________________
_____________________________________________________
107,5,0.0000,
1,6,1,1,1,0,1,1,0,0,-1,1,0,1
0,7,1,1,1,0,0,1,0,0,-1,1,0,1
_____________________________________________________
_____________________________________________________
108,0,0.0000,
0,7,1,1,1,0,0,1,0,0,-1,1,0,1
0,7,1,1,1,0,0,1,0,1,-1,1,1,1
_____________________________________________________
_____________________________________________________
109,0,0.0000,
0,7,1,1,1,0,0,1,0,1,-1,1,1,1
0,7,1,1,1,0,0,1,0,1,-1,1,1,1
_____________________________________________________
_____________________________________________________
110,0,0.0000,
0,7,1,1,1,0,0,1,0,1,-1,1,1,1
0,7,1,1,1,0,0,1,0,1,-1,1,1,1
_____________________________________________________
_____________________________________________________
111,0,0.0000,
0,7,1,1,1,0,0,1,0,1,-1,1,1,1
0,7,1,0,1,1,1,1,1,1,1,1,1,1
_____________________________________________________
_____________________________________________________
112,0,0.0000,
0,7,1,0,1,1,1,1,1,1,1,1,1,1
1,6,1,0,1,1,1,1,1,1,1,1,1,1
_____________________________________________________
_____________________________________________________
113,11,0.0000,
1,6,1,0,1,1,1,1,1,1,1,1,1,1
0,7,1,0,1,1,1,1,1,1,1,1,0,1
_____________________________________________________
_____________________________________________________
114,0,0.0000,
0,7,1,0,1,1,1,1,1,1,1,1,0,1
0,7,1,0,1,1,1,1,1,1,1,1,0,1
_____________________________________________________
_____________________________________________________
115,0,0.0000,
0,7,1,0,1,1,1,1,1,1,1,1,0,1
1,6,1,0,1,1,1,1,1,1,1,1,0,1
_____________________________________________________
_____________________________________________________
116,5,0.0000,
1,6,1,0,1,1,1,1,1,1,1,1,0,1
1,6,1,0,1,1,0,1,1,1,1,1,0,1
_____________________________________________________
_____________________________________________________
117,7,0.0000,
1,6,1,0,1,1,0,1,1,1,1,1,0,1
1,6,1,0,1,1,0,1,1,1,1,1,1,1
_____________________________________________________
_____________________________________________________
118,11,0.0000,
1,6,1,0,1,1,0,1,1,1,1,1,1,1
1,6,1,0,1,1,0,1,1,1,1,1,0,1
_____________________________________________________
_____________________________________________________
119,7,0.0000,
1,6,1,0,1,1,0,1,1,1,1,1,0,1
1,6,1,0,1,1,1,1,1,1,1,1,0,1
_____________________________________________________
_____________________________________________________
120,5,0.0000,
1,6,1,0,1,1,1,1,1,1,1,1,0,1
0,7,1,0,1,1,0,1,1,1,1,1,0,1
_____________________________________________________
_____________________________________________________
121,0,0.0000,
0,7,1,0,1,1,0,1,1,1,1,1,0,1
0,7,1,0,1,1,0,1,1,1,1,1,0,1
_____________________________________________________
_____________________________________________________
122,0,0.0000,
0,7,1,0,1,1,0,1,1,1,1,1,0,1
1,6,1,0,1,1,0,1,1,1,1,1,0,1
_____________________________________________________
_____________________________________________________
123,7,0.0000,
1,6,1,0,1,1,0,1,1,1,1,1,0,1
0,7,1,0,1,1,0,1,0,0,1,0,0,1
_____________________________________________________
_____________________________________________________
124,0,0.0000,
0,7,1,0,1,1,0,1,0,0,1,0,0,1
0,7,1,0,1,1,0,1,1,1,1,1,0,1
_____________________________________________________
_____________________________________________________
125,0,0.0000,
0,7,1,0,1,1,0,1,1,1,1,1,0,1
1,6,1,1,1,0,-1,0,1,0,1,1,0,1
_____________________________________________________
_____________________________________________________
126,5,0.0000,
1,6,1,1,1,0,-1,0,1,0,1,1,0,1
1,6,1,1,1,0,-1,0,1,0,1,1,0,1
_____________________________________________________
_____________________________________________________
127,5,0.0000,
1,6,1,1,1,0,-1,0,1,0,1,1,0,1
0,7,1,1,1,0,-1,0,1,0,1,1,0,1
_____________________________________________________
_____________________________________________________
128,0,0.0000,
0,7,1,1,1,0,-1,0,1,0,1,1,0,1
0,7,1,1,1,0,-1,0,1,0,1,1,0,1
_____________________________________________________
_____________________________________________________
129,0,0.0000,
0,7,1,1,1,0,-1,0,1,0,1,1,0,1
1,6,1,1,1,0,-1,0,1,0,1,1,0,1
_____________________________________________________
_____________________________________________________
130,5,0.0000,
1,6,1,1,1,0,-1,0,1,0,1,1,0,1
1,6,1,1,1,0,-1,0,1,0,1,1,0,1
_____________________________________________________
_____________________________________________________
131,5,0.0000,
1,6,1,1,1,0,-1,0,1,0,1,1,0,1
0,7,1,1,1,0,-1,1,1,1,1,1,0,1
_____________________________________________________
_____________________________________________________
132,0,0.0000,
0,7,1,1,1,0,-1,1,1,1,1,1,0,1
1,6,1,1,1,0,-1,1,1,1,1,1,0,1
_____________________________________________________
_____________________________________________________
133,5,0.0000,
1,6,1,1,1,0,-1,1,1,1,1,1,0,1
1,6,1,1,1,0,-1,1,1,1,1,1,0,1
_____________________________________________________
_____________________________________________________
134,5,0.0000,
1,6,1,1,1,0,-1,1,1,1,1,1,0,1
1,6,1,1,1,0,-1,1,1,1,1,1,0,1
_____________________________________________________
_____________________________________________________
135,5,0.0000,
1,6,1,1,1,0,-1,1,1,1,1,1,0,1
1,6,1,1,1,0,-1,1,1,1,1,1,0,1
_____________________________________________________
_____________________________________________________
136,5,0.0000,
1,6,1,1,1,0,-1,1,1,1,1,1,0,1
1,6,1,1,1,0,-1,1,1,1,1,1,0,1
_____________________________________________________
_____________________________________________________
137,5,0.0000,
1,6,1,1,1,0,-1,1,1,1,1,1,0,1
1,6,1,1,1,0,-1,1,1,1,1,1,0,1
_____________________________________________________
_____________________________________________________
138,5,0.0000,
1,6,1,1,1,0,-1,1,1,1,1,1,0,1
1,6,1,1,1,0,-1,1,1,1,1,1,0,1
_____________________________________________________
_____________________________________________________
139,5,0.0000,
1,6,1,1,1,0,-1,1,1,1,1,1,0,1
0,6,0,0,0,0,0,0,0,0,0,0,0,0
_____________________________________________________
