_____________________________________________________
0,11,0.0000,
4,3,0,1,1,1,1,1,1,1,1,1,1,0
3,3,0,0,1,1,1,1,1,1,1,1,0,0
_____________________________________________________
_____________________________________________________
1,5,0.0000,
3,3,0,0,1,1,1,1,1,1,1,1,0,0
3,3,0,0,1,1,0,1,1,1,1,1,0,0
_____________________________________________________
_____________________________________________________
2,7,0.0000,
3,3,0,0,1,1,0,1,1,1,1,1,0,0
2,3,0,0,1,1,0,0,0,0,1,1,0,0
_____________________________________________________
_____________________________________________________
3,9,0.0000,
2,3,0,0,1,1,0,0,0,0,1,1,0,0
2,4,0,0,1,0,0,0,0,0,0,1,0,0
_____________________________________________________
_____________________________________________________
4,3,0.0000,
2,4,0,0,1,0,0,0,0,0,0,1,0,0
2,5,0,0,0,0,0,0,0,0,0,1,0,0
_____________________________________________________
_____________________________________________________
5,0,0.0000,
2,5,0,0,0,0,0,0,0,0,0,1,0,0
2,4,0,0,1,0,0,0,0,0,0,1,0,0
_____________________________________________________
_____________________________________________________
6,10,0.0000,
2,4,0,0,1,0,0,0,0,0,0,1,0,0
1,4,0,0,1,0,0,0,0,0,0,0,0,0
_____________________________________________________
_____________________________________________________
7,3,0.0000,
1,4,0,0,1,0,0,0,0,0,0,0,0,0
1,6,0,0,0,0,0,0,0,0,0,0,0,0
_____________________________________________________
_____________________________________________________
8,0,0.0000,
1,6,0,0,0,0,0,0,0,0,0,0,0,0
2,5,0,0,0,0,0,0,0,0,0,0,0,0
_____________________________________________________
_____________________________________________________
9,9,-1.0000,
2,5,0,0,0,0,0,0,0,0,0,0,0,0
1,5,0,0,0,-1,0,0,0,0,-1,0,0,0
_____________________________________________________
_____________________________________________________
10,9,0.0000,
1,5,0,0,0,-1,0,0,0,0,-1,0,0,0
0,7,0,0,0,1,1,0,0,0,1,0,0,0
_____________________________________________________
_____________________________________________________
11,0,0.0000,
0,7,0,0,0,1,1,0,0,0,1,0,0,0
0,7,0,0,0,1,1,0,0,0,1,0,0,0
_____________________________________________________
_____________________________________________________
12,0,0.0000,
0,7,0,0,0,1,1,0,0,0,1,0,0,0
0,7,0,0,0,1,1,0,0,0,1,1,0,0
_____________________________________________________
_____________________________________________________
13,0,0.0000,
0,7,0,0,0,1,1,0,0,0,1,1,0,0
1,6,0,0,0,1,0,0,1,1,0,0,1,0
_____________________________________________________
_____________________________________________________
14,11,0.0000,
1,6,0,0,0,1,0,0,1,1,0,0,1,0
1,6,0,0,0,1,0,0,1,1,0,0,0,0
_____________________________________________________
_____________________________________________________
15,7,0.0000,
1,6,0,0,0,1,0,0,1,1,0,0,0,0
1,6,0,0,0,0,0,0,0,1,0,0,0,0
_____________________________________________________
_____________________________________________________
16,8,0.0000,
1,6,0,0,0,0,0,0,0,1,0,0,0,0
1,6,0,0,0,0,0,0,0,0,0,0,0,0
_____________________________________________________
_____________________________________________________
17,0,0.0000,
1,6,0,0,0,0,0,0,0,0,0,0,0,0
2,5,0,0,1,0,0,0,1,0,0,0,0,0
_____________________________________________________
_____________________________________________________
18,7,0.0000,
2,5,0,0,1,0,0,0,1,0,0,0,0,0
2,5,0,0,1,0,0,0,0,0,0,0,0,0
_____________________________________________________
_____________________________________________________
19,3,0.0000,
2,5,0,0,1,0,0,0,0,0,0,0,0,0
1,5,0,0,0,0,0,0,0,0,0,0,0,0
_____________________________________________________
_____________________________________________________
20,0,0.0000,
1,5,0,0,0,0,0,0,0,0,0,0,0,0
1,4,0,0,0,0,0,0,0,0,0,0,0,0
_____________________________________________________
_____________________________________________________
21,0,0.0000,
1,4,0,0,0,0,0,0,0,0,0,0,0,0
1,3,0,0,0,0,0,0,0,0,0,0,0,0
_____________________________________________________
_____________________________________________________
22,0,0.0000,
1,3,0,0,0,0,0,0,0,0,0,0,0,0
1,2,0,0,0,0,0,0,0,0,0,0,0,0
_____________________________________________________
_____________________________________________________
23,9,-1.0000,
1,2,0,0,0,0,0,0,0,0,0,0,0,0
0,7,0,0,0,0,1,0,0,0,-1,-1,0,1
_____________________________________________________
_____________________________________________________
24,0,0.0000,
0,7,0,0,0,0,1,0,0,0,-1,-1,0,1
0,7,1,1,0,0,1,0,0,0,-1,-1,0,1
_____________________________________________________
_____________________________________________________
25,0,0.0000,
0,7,1,1,0,0,1,0,0,0,-1,-1,0,1
1,6,1,1,0,0,1,0,0,0,-1,-1,0,1
_____________________________________________________
_____________________________________________________
26,9,0.0000,
1,6,1,1,0,0,1,0,0,0,-1,-1,0,1
0,7,1,1,0,0,1,0,0,0,-1,-1,0,1
_____________________________________________________
_____________________________________________________
27,0,0.0000,
0,7,1,1,0,0,1,0,0,0,-1,-1,0,1
0,7,0,0,0,1,1,0,1,0,0,0,0,1
_____________________________________________________
_____________________________________________________
28,0,0.0000,
0,7,0,0,0,1,1,0,1,0,0,0,0,1
0,7,1,0,0,1,1,0,1,0,0,0,0,1
_____________________________________________________
_____________________________________________________
29,0,0.0000,
0,7,1,0,0,1,1,0,1,0,0,0,0,1
0,7,1,0,0,1,1,0,1,0,1,0,1,1
_____________________________________________________
_____________________________________________________
30,0,0.0000,
0,7,1,0,0,1,1,0,1,0,1,0,1,1
1,6,1,0,0,1,1,1,1,0,1,0,1,1
_____________________________________________________
_____________________________________________________
31,5,0.0000,
1,6,1,0,0,1,1,1,1,0,1,0,1,1
0,7,1,1,0,1,0,1,1,0,1,0,1,1
_____________________________________________________
_____________________________________________________
32,0,0.0000,
0,7,1,1,0,1,0,1,1,0,1,0,1,1
1,6,1,1,0,0,1,1,0,0,1,0,1,1
_____________________________________________________
_____________________________________________________
33,11,0.0000,
1,6,1,1,0,0,1,1,0,0,1,0,1,1
0,7,1,1,0,0,1,0,0,0,1,0,1,1
_____________________________________________________
_____________________________________________________
34,0,0.0000,
0,7,1,1,0,0,1,0,0,0,1,0,1,1
0,7,1,1,0,0,1,1,0,0,1,0,1,1
_____________________________________________________
_____________________________________________________
35,0,0.0000,
0,7,1,1,0,0,1,1,0,0,1,0,1,1
0,7,1,1,0,0,1,1,0,0,1,0,1,1
_____________________________________________________
_____________________________________________________
36,0,0.0000,
0,7,1,1,0,0,1,1,0,0,1,0,1,1
0,7,1,1,0,0,1,1,0,0,1,0,1,1
_____________________________________________________
_____________________________________________________
37,0,0.0000,
0,7,1,1,0,0,1,1,0,0,1,0,1,1
0,7,1,1,0,0,1,1,0,1,0,0,0,1
_____________________________________________________
_____________________________________________________
38,0,0.0000,
0,7,1,1,0,0,1,1,0,1,0,0,0,1
0,7,1,1,0,0,1,0,0,1,0,0,0,1
_____________________________________________________
_____________________________________________________
39,0,0.0000,
0,7,1,1,0,0,1,0,0,1,0,0,0,1
0,7,1,1,0,0,1,0,0,1,0,0,0,1
_____________________________________________________
_____________________________________________________
40,0,0.0000,
0,7,1,1,0,0,1,0,0,1,0,0,0,1
0,7,1,1,0,0,1,1,0,1,1,0,1,1
_____________________________________________________
_____________________________________________________
41,0,0.0000,
0,7,1,1,0,0,1,1,0,1,1,0,1,1
0,7,1,1,1,1,0,1,1,-1,1,0,-1,0
_____________________________________________________
_____________________________________________________
42,0,0.0000,
0,7,1,1,1,1,0,1,1,-1,1,0,-1,0
1,6,1,1,1,1,0,1,1,-1,1,0,-1,0
_____________________________________________________
_____________________________________________________
43,7,0.0000,
1,6,1,1,1,1,0,1,1,-1,1,0,-1,0
0,7,1,1,1,1,0,1,0,-1,1,0,-1,0
_____________________________________________________
_____________________________________________________
44,0,0.0000,
0,7,1,1,1,1,0,1,0,-1,1,0,-1,0
0,7,1,1,1,1,0,1,0,-1,1,0,-1,0
_____________________________________________________
_____________________________________________________
45,0,0.0000,
0,7,1,1,1,1,0,1,0,-1,1,0,-1,0
0,7,1,1,1,1,1,1,0,-1,1,0,-1,1
_____________________________________________________
_____________________________________________________
46,0,0.0000,
0,7,1,1,1,1,1,1,0,-1,1,0,-1,1
0,7,1,1,1,1,1,1,0,-1,0,0,-1,1
_____________________________________________________
_____________________________________________________
47,0,0.0000,
0,7,1,1,1,1,1,1,0,-1,0,0,-1,1
1,6,1,1,0,1,1,1,0,-1,0,0,-1,1
_____________________________________________________
_____________________________________________________
48,11,0.0000,
1,6,1,1,0,1,1,1,0,-1,0,0,-1,1
0,7,1,1,0,1,1,1,0,-1,0,1,-1,1
_____________________________________________________
_____________________________________________________
49,0,0.0000,
0,7,1,1,0,1,1,1,0,-1,0,1,-1,1
1,6,1,1,1,1,1,1,0,-1,1,1,-1,1
_____________________________________________________
_____________________________________________________
50,11,0.0000,
1,6,1,1,1,1,1,1,0,-1,1,1,-1,1
1,6,1,1,1,1,1,1,0,-1,1,1,-1,1
_____________________________________________________
_____________________________________________________
51,5,0.0000,
1,6,1,1,1,1,1,1,0,-1,1,1,-1,1
1,6,1,1,1,1,0,1,0,-1,1,1,-1,0
_____________________________________________________
_____________________________________________________
52,6,0.0000,
1,6,1,1,1,1,0,1,0,-1,1,1,-1,0
1,6,1,0,1,1,0,0,1,-1,1,1,-1,0
_____________________________________________________
_____________________________________________________
53,7,0.0000,
1,6,1,0,1,1,0,0,1,-1,1,1,-1,0
0,7,1,0,1,1,0,0,0,-1,1,1,-1,0
_____________________________________________________
_____________________________________________________
54,0,0.0000,
0,7,1,0,1,1,0,0,0,-1,1,1,-1,0
1,6,1,0,1,1,0,0,0,-1,1,1,-1,0
_____________________________________________________
_____________________________________________________
55,11,0.0000,
1,6,1,0,1,1,0,0,0,-1,1,1,-1,0
1,6,-1,1,1,1,1,1,1,1,-1,-1,1,1
_____________________________________________________
_____________________________________________________
56,11,0.0000,
1,6,-1,1,1,1,1,1,1,1,-1,-1,1,1
1,6,-1,1,1,1,0,1,1,1,-1,-1,0,1
_____________________________________________________
_____________________________________________________
57,1,0.0000,
1,6,-1,1,1,1,0,1,1,1,-1,-1,0,1
0,7,-1,1,1,1,0,1,1,1,-1,-1,0,1
_____________________________________________________
_____________________________________________________
58,0,0.0000,
0,7,-1,1,1,1,0,1,1,1,-1,-1,0,1
0,7,-1,1,1,1,0,1,1,1,-1,-1,0,1
_____________________________________________________
_____________________________________________________
59,0,0.0000,
0,7,-1,1,1,1,0,1,1,1,-1,-1,0,1
0,7,-1,1,1,1,0,1,1,1,-1,-1,0,1
_____________________________________________________
_____________________________________________________
60,0,0.0000,
0,7,-1,1,1,1,0,1,1,1,-1,-1,0,1
1,6,-1,1,1,1,0,1,1,1,-1,-1,0,1
_____________________________________________________
_____________________________________________________
61,1,0.0000,
1,6,-1,1,1,1,0,1,1,1,-1,-1,0,1
1,6,-1,1,1,1,0,1,1,1,-1,-1,1,1
_____________________________________________________
_____________________________________________________
62,11,0.0000,
1,6,-1,1,1,1,0,1,1,1,-1,-1,1,1
0,7,-1,1,1,1,0,1,1,1,-1,-1,0,1
_____________________________________________________
_____________________________________________________
63,0,0.0000,
0,7,-1,1,1,1,0,1,1,1,-1,-1,0,1
0,7,-1,1,1,1,0,1,1,1,-1,-1,0,1
_____________________________________________________
_____________________________________________________
64,0,0.0000,
0,7,-1,1,1,1,0,1,1,1,-1,-1,0,1
1,6,-1,1,1,1,0,1,1,1,-1,-1,0,1
_____________________________________________________
_____________________________________________________
65,1,0.0000,
1,6,-1,1,1,1,0,1,1,1,-1,-1,0,1
1,6,-1,1,1,1,0,1,1,1,-1,-1,0,1
_____________________________________________________
_____________________________________________________
66,1,0.0000,
1,6,-1,1,1,1,0,1,1,1,-1,-1,0,1
0,7,-1,1,1,1,0,1,0,0,-1,-1,0,1
_____________________________________________________
_____________________________________________________
67,0,0.0000,
0,7,-1,1,1,1,0,1,0,0,-1,-1,0,1
1,6,-1,1,1,1,0,1,0,0,-1,-1,0,1
_____________________________________________________
_____________________________________________________
68,9,0.0000,
1,6,-1,1,1,1,0,1,0,0,-1,-1,0,1
0,7,-1,1,1,1,0,1,0,0,-1,-1,0,1
_____________________________________________________
_____________________________________________________
69,0,0.0000,
0,7,-1,1,1,1,0,1,0,0,-1,-1,0,1
1,6,0,1,0,0,0,0,0,1,1,0,1,0
_____________________________________________________
_____________________________________________________
70,11,0.0000,
1,6,0,1,0,0,0,0,0,1,1,0,1,0
0,7,0,1,0,0,0,0,0,1,1,0,1,0
_____________________________________________________
_____________________________________________________
71,0,0.0000,
0,7,0,1,0,0,0,0,0,1,1,0,1,0
1,6,0,1,0,0,0,0,0,1,1,0,1,0
_____________________________________________________
_____________________________________________________
72,11,0.0000,
1,6,0,1,0,0,0,0,0,1,1,0,1,0
1,6,0,0,0,0,1,1,0,1,1,0,1,1
_____________________________________________________
_____________________________________________________
73,11,0.0000,
1,6,0,0,0,0,1,1,0,1,1,0,1,1
0,7,0,0,0,0,1,1,0,1,1,1,0,1
_____________________________________________________
_____________________________________________________
74,0,0.0000,
0,7,0,0,0,0,1,1,0,1,1,1,0,1
1,6,0,0,0,0,1,1,0,1,1,1,0,1
_____________________________________________________
_____________________________________________________
75,5,0.0000,
1,6,0,0,0,0,1,1,0,1,1,1,0,1
1,6,0,0,0,0,1,1,0,1,1,1,0,1
_____________________________________________________
_____________________________________________________
76,5,0.0000,
1,6,0,0,0,0,1,1,0,1,1,1,0,1
1,6,0,0,0,0,0,0,0,1,1,1,0,1
_____________________________________________________
_____________________________________________________
77,12,0.0000,
1,6,0,0,0,0,0,0,0,1,1,1,0,1
1,6,0,0,0,0,0,0,0,1,1,1,0,0
_____________________________________________________
_____________________________________________________
78,9,0.0000,
1,6,0,0,0,0,0,0,0,1,1,1,0,0
0,7,0,0,0,0,0,0,0,0,0,1,0,0
_____________________________________________________
_____________________________________________________
79,0,0.0000,
0,7,0,0,0,0,0,0,0,0,0,1,0,0
0,7,0,0,1,0,0,0,1,0,0,1,1,0
_____________________________________________________
_____________________________________________________
80,0,0.0000,
0,7,0,0,1,0,0,0,1,0,0,1,1,0
1,6,0,1,1,0,0,1,1,0,0,1,1,1
_____________________________________________________
_____________________________________________________
81,11,0.0000,
1,6,0,1,1,0,0,1,1,0,0,1,1,1
1,6,0,0,1,0,1,1,1,0,0,1,0,1
_____________________________________________________
_____________________________________________________
82,5,0.0000,
1,6,0,0,1,0,1,1,1,0,0,1,0,1
0,7,0,0,1,0,1,1,1,0,0,1,0,1
_____________________________________________________
_____________________________________________________
83,0,0.0000,
0,7,0,0,1,0,1,1,1,0,0,1,0,1
0,7,1,1,0,0,1,0,1,0,0,-1,1,0
_____________________________________________________
_____________________________________________________
84,0,0.0000,
0,7,1,1,0,0,1,0,1,0,0,-1,1,0
0,7,1,1,0,0,1,0,1,0,0,-1,1,0
_____________________________________________________
_____________________________________________________
85,0,0.0000,
0,7,1,1,0,0,1,0,1,0,0,-1,1,0
1,6,1,1,1,0,1,1,1,0,0,-1,1,0
_____________________________________________________
_____________________________________________________
86,11,0.0000,
1,6,1,1,1,0,1,1,1,0,0,-1,1,0
1,6,0,0,1,0,1,1,0,0,0,-1,0,0
_____________________________________________________
_____________________________________________________
87,5,0.0000,
1,6,0,0,1,0,1,1,0,0,0,-1,0,0
0,7,0,0,1,0,0,1,0,0,0,-1,0,0
_____________________________________________________
_____________________________________________________
88,0,0.0000,
0,7,0,0,1,0,0,1,0,0,0,-1,0,0
0,7,0,0,1,0,0,1,0,0,0,-1,0,0
_____________________________________________________
_____________________________________________________
89,0,0.0000,
0,7,0,0,1,0,0,1,0,0,0,-1,0,0
0,7,0,0,1,0,0,1,0,0,0,-1,0,0
_____________________________________________________
_____________________________________________________
90,0,0.0000,
0,7,0,0,1,0,0,1,0,0,0,-1,0,0
0,7,0,0,1,1,0,1,0,0,0,-1,0,0
_____________________________________________________
_____________________________________________________
91,0,0.0000,
0,7,0,0,1,1,0,1,0,0,0,-1,0,0
1,6,0,0,1,1,1,1,0,0,0,-1,0,0
_____________________________________________________
_____________________________________________________
92,5,0.0000,
1,6,0,0,1,1,1,1,0,0,0,-1,0,0
1,6,0,0,1,1,0,1,0,0,0,-1,0,0
_____________________________________________________
_____________________________________________________
93,6,0.0000,
1,6,0,0,1,1,0,1,0,0,0,-1,0,0
1,6,0,0,0,1,0,1,0,0,0,-1,0,0
_____________________________________________________
_____________________________________________________
94,6,0.0000,
1,6,0,0,0,1,0,1,0,0,0,-1,0,0
0,7,0,0,0,1,0,0,0,0,1,-1,0,0
_____________________________________________________
_____________________________________________________
95,0,0.0000,
0,7,0,0,0,1,0,0,0,0,1,-1,0,0
1,6,0,0,0,1,0,0,0,0,1,-1,0,0
_____________________________________________________
_____________________________________________________
96,10,0.0000,
1,6,0,0,0,1,0,0,0,0,1,-1,0,0
1,6,0,0,0,1,0,0,0,0,1,-1,0,0
_____________________________________________________
_____________________________________________________
97,10,0.0000,
1,6,0,0,0,1,0,0,0,0,1,-1,0,0
1,6,1,0,1,1,0,0,0,1,1,0,1,-1
_____________________________________________________
_____________________________________________________
98,11,0.0000,
1,6,1,0,1,1,0,0,0,1,1,0,1,-1
1,6,1,0,1,1,0,0,1,1,1,0,0,-1
_____________________________________________________
_____________________________________________________
99,7,0.0000,
1,6,1,0,1,1,0,0,1,1,1,0,0,-1
0,7,1,0,1,1,0,0,0,1,1,0,1,-1
_____________________________________________________
_____________________________________________________
100,0,0.0000,
0,7,1,0,1,1,0,0,0,1,1,0,1,-1
0,7,1,0,1,1,0,0,0,1,1,0,1,-1
_____________________________________________________
_____________________________________________________
101,0,0.0000,
0,7,1,0,1,1,0,0,0,1,1,0,1,-1
0,7,1,0,1,1,0,0,0,1,1,0,1,-1
_____________________________________________________
_____________________________________________________
102,0,0.0000,
0,7,1,0,1,1,0,0,0,1,1,0,1,-1
1,6,1,0,1,1,0,0,0,1,1,0,1,-1
_____________________________________________________
_____________________________________________________
103,11,0.0000,
1,6,1,0,1,1,0,0,0,1,1,0,1,-1
0,7,1,0,0,1,1,1,0,1,0,0,0,-1
_____________________________________________________
_____________________________________________________
104,0,0.0000,
0,7,1,0,0,1,1,1,0,1,0,0,0,-1
1,6,1,0,0,1,1,1,0,1,0,0,0,-1
_____________________________________________________
_____________________________________________________
105,5,0.0000,
1,6,1,0,0,1,1,1,0,1,0,0,0,-1
1,6,1,0,0,1,0,0,0,1,0,1,0,-1
_____________________________________________________
_____________________________________________________
106,12,0.0000,
1,6,1,0,0,1,0,0,0,1,0,1,0,-1
0,7,1,1,1,1,0,0,1,1,1,1,0,-1
_____________________________________________________
_____________________________________________________
107,0,0.0000,
0,7,1,1,1,1,0,0,1,1,1,1,0,-1
0,7,1,1,1,1,0,0,1,1,1,1,0,-1
_____________________________________________________
_____________________________________________________
108,0,0.0000,
0,7,1,1,1,1,0,0,1,1,1,1,0,-1
1,6,1,1,1,1,0,0,1,1,1,1,0,-1
_____________________________________________________
_____________________________________________________
109,2,0.0000,
1,6,1,1,1,1,0,0,1,1,1,1,0,-1
0,7,1,0,1,1,1,1,1,1,1,0,0,-1
_____________________________________________________
_____________________________________________________
110,0,0.0000,
0,7,1,0,1,1,1,1,1,1,1,0,0,-1
1,6,1,0,1,1,1,1,1,1,1,0,0,-1
_____________________________________________________
_____________________________________________________
111,5,0.0000,
1,6,1,0,1,1,1,1,1,1,1,0,0,-1
1,6,-1,0,0,0,-1,1,0,0,0,0,-1,0
_____________________________________________________
_____________________________________________________
112,11,0.0000,
1,6,-1,0,0,0,-1,1,0,0,0,0,-1,0
0,7,-1,0,0,0,-1,1,0,0,1,0,-1,0
_____________________________________________________
_____________________________________________________
113,0,0.0000,
0,7,-1,0,0,0,-1,1,0,0,1,0,-1,0
1,6,-1,0,0,0,-1,1,0,1,1,0,-1,0
_____________________________________________________
_____________________________________________________
114,11,0.0000,
1,6,-1,0,0,0,-1,1,0,1,1,0,-1,0
1,6,-1,0,0,0,-1,1,0,1,1,0,-1,0
_____________________________________________________
_____________________________________________________
115,11,0.0000,
1,6,-1,0,0,0,-1,1,0,1,1,0,-1,0
0,7,-1,0,0,1,-1,1,0,1,1,0,-1,1
_____________________________________________________
_____________________________________________________
116,0,0.0000,
0,7,-1,0,0,1,-1,1,0,1,1,0,-1,1
0,7,-1,1,0,1,-1,1,0,1,1,0,-1,1
_____________________________________________________
_____________________________________________________
117,0,0.0000,
0,7,-1,1,0,1,-1,1,0,1,1,0,-1,1
0,7,-1,1,0,1,-1,1,0,1,1,0,-1,1
_____________________________________________________
_____________________________________________________
118,0,0.0000,
0,7,-1,1,0,1,-1,1,0,1,1,0,-1,1
0,7,-1,1,0,1,-1,1,0,1,1,0,-1,1
_____________________________________________________
_____________________________________________________
119,0,0.0000,
0,7,-1,1,0,1,-1,1,0,1,1,0,-1,1
0,7,-1,1,1,1,-1,1,0,1,1,0,-1,1
_____________________________________________________
_____________________________________________________
120,0,0.0000,
0,7,-1,1,1,1,-1,1,0,1,1,0,-1,1
1,6,-1,1,1,1,-1,1,0,1,1,0,-1,1
_____________________________________________________
_____________________________________________________
121,5,0.0000,
1,6,-1,1,1,1,-1,1,0,1,1,0,-1,1
0,7,-1,1,1,1,-1,1,0,1,1,0,-1,1
_____________________________________________________
_____________________________________________________
122,0,0.0000,
0,7,-1,1,1,1,-1,1,0,1,1,0,-1,1
0,7,-1,1,1,1,-1,1,0,1,1,0,-1,1
_____________________________________________________
_____________________________________________________
123,0,0.0000,
0,7,-1,1,1,1,-1,1,0,1,1,0,-1,1
0,7,-1,1,1,1,-1,1,0,1,1,0,-1,1
_____________________________________________________
_____________________________________________________
124,0,0.0000,
0,7,-1,1,1,1,-1,1,0,1,1,0,-1,1
1,6,-1,1,1,1,-1,1,0,1,1,0,-1,1
_____________________________________________________
_____________________________________________________
125,5,0.0000,
1,6,-1,1,1,1,-1,1,0,1,1,0,-1,1
1,6,0,0,1,1,1,1,1,0,1,1,1,1
_____________________________________________________
_____________________________________________________
126,5,0.0000,
1,6,0,0,1,1,1,1,1,0,1,1,1,1
1,6,1,1,1,0,0,1,1,1,1,1,1,1
_____________________________________________________
_____________________________________________________
127,11,0.0000,
1,6,1,1,1,0,0,1,1,1,1,1,1,1
1,6,0,0,1,0,0,1,1,0,1,1,1,1
_____________________________________________________
_____________________________________________________
128,11,0.0000,
1,6,0,0,1,0,0,1,1,0,1,1,1,1
0,7,0,0,1,0,0,1,1,0,1,1,1,1
_____________________________________________________
_____________________________________________________
129,0,0.0000,
0,7,0,0,1,0,0,1,1,0,1,1,1,1
1,6,1,1,1,0,1,1,1,1,1,1,1,1
_____________________________________________________
_____________________________________________________
130,5,0.0000,
1,6,1,1,1,0,1,1,1,1,1,1,1,1
1,6,1,1,1,0,0,1,1,1,1,1,1,1
_____________________________________________________
_____________________________________________________
131,11,0.0000,
1,6,1,1,1,0,0,1,1,1,1,1,1,1
1,6,0,0,1,0,0,1,1,0,1,1,1,1
_____________________________________________________
_____________________________________________________
132,11,0.0000,
1,6,0,0,1,0,0,1,1,0,1,1,1,1
0,7,0,0,1,0,0,1,1,1,1,1,1,1
_____________________________________________________
_____________________________________________________
133,0,0.0000,
0,7,0,0,1,0,0,1,1,1,1,1,1,1
1,6,1,1,1,0,0,1,1,1,1,1,1,1
_____________________________________________________
_____________________________________________________
134,11,0.0000,
1,6,1,1,1,0,0,1,1,1,1,1,1,1
1,6,0,0,1,0,0,1,1,1,1,1,1,1
_____________________________________________________
_____________________________________________________
135,11,0.0000,
1,6,0,0,1,0,0,1,1,1,1,1,1,1
0,7,0,0,1,0,0,1,1,0,1,1,0,0
_____________________________________________________
_____________________________________________________
136,0,0.0000,
0,7,0,0,1,0,0,1,1,0,1,1,0,0
1,6,0,0,1,0,0,1,1,1,1,1,1,1
_____________________________________________________
_____________________________________________________
137,11,0.0000,
1,6,0,0,1,0,0,1,1,1,1,1,1,1
0,7,0,0,1,0,0,1,1,1,1,1,1,1
_____________________________________________________
_____________________________________________________
138,0,0.0000,
0,7,0,0,1,0,0,1,1,1,1,1,1,1
0,7,1,1,1,0,0,1,1,1,1,1,1,1
_____________________________________________________
_____________________________________________________
139,0,0.0000,
0,7,1,1,1,0,0,1,1,1,1,1,1,1
0,7,0,0,0,0,0,0,0,0,0,0,0,0
_____________________________________________________
