_____________________________________________________
0,11,0.0000,
5,2,1,1,1,1,1,1,1,1,1,1,1,1
4,2,1,1,1,1,0,1,1,1,1,1,1,1
_____________________________________________________
_____________________________________________________
1,11,0.0000,
4,2,1,1,1,1,0,1,1,1,1,1,1,1
4,2,1,1,1,1,0,0,1,1,0,1,0,1
_____________________________________________________
_____________________________________________________
2,12,0.0000,
4,2,1,1,1,1,0,0,1,1,0,1,0,1
3,2,1,1,1,1,0,0,1,1,0,1,0,0
_____________________________________________________
_____________________________________________________
3,7,0.0000,
3,2,1,1,1,1,0,0,1,1,0,1,0,0
3,2,1,1,1,0,0,0,0,1,0,1,0,0
_____________________________________________________
_____________________________________________________
4,2,0.0000,
3,2,1,1,1,0,0,0,0,1,0,1,0,0
3,3,1,0,1,0,0,0,0,1,0,1,0,0
_____________________________________________________
_____________________________________________________
5,10,0.0000,
3,3,1,0,1,0,0,0,0,1,0,1,0,0
3,4,1,0,1,0,0,0,0,1,0,0,0,0
_____________________________________________________
_____________________________________________________
6,8,0.0000,
3,4,1,0,1,0,0,0,0,1,0,0,0,0
3,4,1,0,0,0,0,0,1,0,0,0,0,0
_____________________________________________________
_____________________________________________________
7,7,0.0000,
3,4,1,0,0,0,0,0,1,0,0,0,0,0
2,4,1,0,0,0,0,0,0,0,0,0,0,0
_____________________________________________________
_____________________________________________________
8,1,0.0000,
2,4,1,0,0,0,0,0,0,0,0,0,0,0
2,4,0,0,0,0,0,0,1,1,0,0,0,0
_____________________________________________________
_____________________________________________________
9,7,0.0000,
2,4,0,0,0,0,0,0,1,1,0,0,0,0
2,5,0,0,1,0,0,1,0,1,1,0,1,1
_____________________________________________________
_____________________________________________________
10,11,0.0000,
2,5,0,0,1,0,0,1,0,1,1,0,1,1
2,5,1,0,1,0,0,0,0,1,0,0,0,1
_____________________________________________________
_____________________________________________________
11,12,0.0000,
2,5,1,0,1,0,0,0,0,1,0,0,0,1
2,5,1,0,1,0,0,0,1,1,0,0,0,0
_____________________________________________________
_____________________________________________________
12,7,0.0000,
2,5,1,0,1,0,0,0,1,1,0,0,0,0
1,5,1,0,1,0,0,0,0,1,0,0,0,0
_____________________________________________________
_____________________________________________________
13,8,0.0000,
1,5,1,0,1,0,0,0,0,1,0,0,0,0
0,7,0,1,0,0,0,0,0,1,0,1,0,1
_____________________________________________________
_____________________________________________________
14,0,0.0000,
0,7,0,1,0,0,0,0,0,1,0,1,0,1
0,7,0,1,0,0,0,0,0,1,0,1,0,1
_____________________________________________________
_____________________________________________________
15,0,0.0000,
0,7,0,1,0,0,0,0,0,1,0,1,0,1
1,6,0,1,0,0,0,0,0,1,1,1,0,1
_____________________________________________________
_____________________________________________________
16,2,0.0000,
1,6,0,1,0,0,0,0,0,1,1,1,0,1
1,6,0,0,1,0,1,1,1,1,1,1,0,1
_____________________________________________________
_____________________________________________________
17,5,0.0000,
1,6,0,0,1,0,1,1,1,1,1,1,0,1
1,6,0,1,1,0,0,1,1,1,1,1,0,1
_____________________________________________________
_____________________________________________________
18,7,0.0000,
1,6,0,1,1,0,0,1,1,1,1,1,0,1
1,6,0,1,1,0,0,1,1,1,1,1,0,1
_____________________________________________________
_____________________________________________________
19,7,0.0000,
1,6,0,1,1,0,0,1,1,1,1,1,0,1
1,6,0,1,0,0,0,0,0,1,0,1,0,1
_____________________________________________________
_____________________________________________________
20,2,0.0000,
1,6,0,1,0,0,0,0,0,1,0,1,0,1
0,7,0,1,1,0,0,1,1,1,1,1,1,1
_____________________________________________________
_____________________________________________________
21,0,0.0000,
0,7,0,1,1,0,0,1,1,1,1,1,1,1
0,7,1,1,1,0,0,1,1,1,1,1,1,1
_____________________________________________________
_____________________________________________________
22,0,0.0000,
0,7,1,1,1,0,0,1,1,1,1,1,1,1
1,6,1,1,1,0,0,1,1,1,1,1,1,1
_____________________________________________________
_____________________________________________________
23,11,0.0000,
1,6,1,1,1,0,0,1,1,1,1,1,1,1
0,7,0,1,1,0,0,1,1,1,1,1,0,1
_____________________________________________________
_____________________________________________________
24,0,0.0000,
0,7,0,1,1,0,0,1,1,1,1,1,0,1
1,6,0,1,1,0,0,1,1,1,1,1,0,1
_____________________________________________________
_____________________________________________________
25,7,0.0000,
1,6,0,1,1,0,0,1,1,1,1,1,0,1
0,7,0,1,0,0,0,0,0,1,0,1,0,1
_____________________________________________________
_____________________________________________________
26,0,0.0000,
0,7,0,1,0,0,0,0,0,1,0,1,0,1
0,7,0,1,0,0,0,0,0,1,1,1,0,1
_____________________________________________________
_____________________________________________________
27,0,0.0000,
0,7,0,1,0,0,0,0,0,1,1,1,0,1
1,6,1,1,0,1,0,1,0,1,1,0,1,1
_____________________________________________________
_____________________________________________________
28,11,0.0000,
1,6,1,1,0,1,0,1,0,1,1,0,1,1
1,6,1,1,0,1,0,1,0,1,1,0,0,1
_____________________________________________________
_____________________________________________________
29,6,0.0000,
1,6,1,1,0,1,0,1,0,1,1,0,0,1
1,6,0,1,0,0,0,0,0,1,1,0,0,0
_____________________________________________________
_____________________________________________________
30,9,0.0000,
1,6,0,1,0,0,0,0,0,1,1,0,0,0
1,6,0,1,0,0,0,1,0,1,1,0,0,1
_____________________________________________________
_____________________________________________________
31,6,0.0000,
1,6,0,1,0,0,0,1,0,1,1,0,0,1
0,7,0,1,0,0,0,0,1,1,1,0,0,0
_____________________________________________________
_____________________________________________________
32,0,0.0000,
0,7,0,1,0,0,0,0,1,1,1,0,0,0
1,6,0,1,1,0,0,1,1,1,1,1,0,1
_____________________________________________________
_____________________________________________________
33,7,0.0000,
1,6,0,1,1,0,0,1,1,1,1,1,0,1
0,7,1,1,1,1,0,1,0,1,1,1,0,1
_____________________________________________________
_____________________________________________________
34,0,0.0000,
0,7,1,1,1,1,0,1,0,1,1,1,0,1
1,6,1,1,1,1,0,1,0,1,1,1,0,1
_____________________________________________________
_____________________________________________________
35,2,0.0000,
1,6,1,1,1,1,0,1,0,1,1,1,0,1
1,6,1,0,1,1,1,1,0,1,1,1,0,1
_____________________________________________________
_____________________________________________________
36,5,0.0000,
1,6,1,0,1,1,1,1,0,1,1,1,0,1
1,6,1,0,1,1,0,1,0,1,1,1,1,1
_____________________________________________________
_____________________________________________________
37,11,0.0000,
1,6,1,0,1,1,0,1,0,1,1,1,1,1
0,7,1,0,1,1,0,1,0,1,1,1,0,1
_____________________________________________________
_____________________________________________________
38,0,0.0000,
0,7,1,0,1,1,0,1,0,1,1,1,0,1
1,6,1,0,1,1,0,1,0,1,1,1,0,1
_____________________________________________________
_____________________________________________________
39,6,0.0000,
1,6,1,0,1,1,0,1,0,1,1,1,0,1
1,6,0,0,1,0,0,0,0,1,1,1,0,0
_____________________________________________________
_____________________________________________________
40,9,0.0000,
1,6,0,0,1,0,0,0,0,1,1,1,0,0
1,6,0,0,1,0,0,0,0,1,1,1,0,0
_____________________________________________________
_____________________________________________________
41,9,0.0000,
1,6,0,0,1,0,0,0,0,1,1,1,0,0
1,6,0,1,1,0,1,0,0,0,0,1,1,1
_____________________________________________________
_____________________________________________________
42,11,0.0000,
1,6,0,1,1,0,1,0,0,0,0,1,1,1
1,6,0,0,1,0,1,0,0,0,0,1,1,1
_____________________________________________________
_____________________________________________________
43,11,0.0000,
1,6,0,0,1,0,1,0,0,0,0,1,1,1
1,6,0,0,1,0,1,0,0,0,0,0,0,0
_____________________________________________________
_____________________________________________________
44,5,0.0000,
1,6,0,0,1,0,1,0,0,0,0,0,0,0
1,6,0,0,0,0,1,0,0,0,0,0,0,0
_____________________________________________________
_____________________________________________________
45,5,0.0000,
1,6,0,0,0,0,1,0,0,0,0,0,0,0
0,7,0,0,0,0,0,0,0,0,0,1,1,1
_____________________________________________________
_____________________________________________________
46,0,0.0000,
0,7,0,0,0,0,0,0,0,0,0,1,1,1
1,6,0,1,0,0,0,0,0,0,0,1,1,1
_____________________________________________________
_____________________________________________________
47,11,0.0000,
1,6,0,1,0,0,0,0,0,0,0,1,1,1
0,7,0,0,0,0,0,0,0,0,0,1,1,1
_____________________________________________________
_____________________________________________________
48,0,0.0000,
0,7,0,0,0,0,0,0,0,0,0,1,1,1
0,7,0,1,0,0,0,0,0,0,0,1,1,1
_____________________________________________________
_____________________________________________________
49,0,0.0000,
0,7,0,1,0,0,0,0,0,0,0,1,1,1
0,7,0,1,0,1,0,0,0,0,1,1,1,1
_____________________________________________________
_____________________________________________________
50,0,0.0000,
0,7,0,1,0,1,0,0,0,0,1,1,1,1
1,6,0,1,1,1,1,0,0,0,1,1,1,1
_____________________________________________________
_____________________________________________________
51,11,0.0000,
1,6,0,1,1,1,1,0,0,0,1,1,1,1
0,7,0,1,1,1,1,0,0,1,1,1,1,1
_____________________________________________________
_____________________________________________________
52,0,0.0000,
0,7,0,1,1,1,1,0,0,1,1,1,1,1
1,6,0,1,1,1,1,1,0,1,1,1,1,1
_____________________________________________________
_____________________________________________________
53,11,0.0000,
1,6,0,1,1,1,1,1,0,1,1,1,1,1
1,6,0,0,1,1,1,1,0,1,1,0,0,0
_____________________________________________________
_____________________________________________________
54,5,0.0000,
1,6,0,0,1,1,1,1,0,1,1,0,0,0
0,7,0,0,0,1,1,1,0,1,1,0,0,1
_____________________________________________________
_____________________________________________________
55,0,0.0000,
0,7,0,0,0,1,1,1,0,1,1,0,0,1
1,6,1,0,1,0,1,1,0,1,1,0,0,0
_____________________________________________________
_____________________________________________________
56,5,0.0000,
1,6,1,0,1,0,1,1,0,1,1,0,0,0
0,7,1,0,0,0,0,0,0,1,1,0,0,0
_____________________________________________________
_____________________________________________________
57,0,0.0000,
0,7,1,0,0,0,0,0,0,1,1,0,0,0
0,7,1,0,0,0,0,0,0,1,1,0,0,0
_____________________________________________________
_____________________________________________________
58,0,0.0000,
0,7,1,0,0,0,0,0,0,1,1,0,0,0
1,6,1,0,0,0,1,1,0,1,1,0,0,0
_____________________________________________________
_____________________________________________________
59,5,0.0000,
1,6,1,0,0,0,1,1,0,1,1,0,0,0
1,6,1,0,0,0,0,0,0,1,1,0,0,0
_____________________________________________________
_____________________________________________________
60,9,0.0000,
1,6,1,0,0,0,0,0,0,1,1,0,0,0
0,7,1,0,0,0,0,0,0,1,0,0,0,0
_____________________________________________________
_____________________________________________________
61,0,0.0000,
0,7,1,0,0,0,0,0,0,1,0,0,0,0
1,6,1,0,0,0,0,0,0,1,0,0,0,0
_____________________________________________________
_____________________________________________________
62,8,0.0000,
1,6,1,0,0,0,0,0,0,1,0,0,0,0
1,6,1,0,0,0,0,0,0,0,0,0,0,0
_____________________________________________________
_____________________________________________________
63,1,0.0000,
1,6,1,0,0,0,0,0,0,0,0,0,0,0
0,7,0,0,0,1,0,0,1,0,1,0,1,0
_____________________________________________________
_____________________________________________________
64,0,0.0000,
0,7,0,0,0,1,0,0,1,0,1,0,1,0
0,7,0,0,0,1,0,0,1,0,1,1,1,0
_____________________________________________________
_____________________________________________________
65,0,0.0000,
0,7,0,0,0,1,0,0,1,0,1,1,1,0
0,7,0,1,0,1,0,0,1,0,1,1,1,1
_____________________________________________________
_____________________________________________________
66,0,0.0000,
0,7,0,1,0,1,0,0,1,0,1,1,1,1
1,6,0,1,0,1,0,0,1,0,1,1,1,1
_____________________________________________________
_____________________________________________________
67,11,0.0000,
1,6,0,1,0,1,0,0,1,0,1,1,1,1
1,6,0,1,0,0,0,0,0,0,1,1,0,1
_____________________________________________________
_____________________________________________________
68,2,0.0000,
1,6,0,1,0,0,0,0,0,0,1,1,0,1
0,7,0,0,0,0,0,0,0,0,1,0,0,1
_____________________________________________________
_____________________________________________________
69,0,0.0000,
0,7,0,0,0,0,0,0,0,0,1,0,0,1
1,6,0,0,0,0,1,0,1,0,0,0,0,1
_____________________________________________________
_____________________________________________________
70,7,0.0000,
1,6,0,0,0,0,1,0,1,0,0,0,0,1
0,7,0,0,0,0,1,0,0,0,0,1,0,0
_____________________________________________________
_____________________________________________________
71,0,0.0000,
0,7,0,0,0,0,1,0,0,0,0,1,0,0
0,7,0,0,1,0,1,0,0,1,0,1,0,0
_____________________________________________________
_____________________________________________________
72,0,0.0000,
0,7,0,0,1,0,1,0,0,1,0,1,0,0
0,7,1,1,1,1,1,1,0,1,0,1,0,0
_____________________________________________________
_____________________________________________________
73,0,0.0000,
0,7,1,1,1,1,1,1,0,1,0,1,0,0
1,6,1,1,1,1,1,1,0,1,0,1,0,0
_____________________________________________________
_____________________________________________________
74,5,0.0000,
1,6,1,1,1,1,1,1,0,1,0,1,0,0
1,6,1,1,1,1,0,1,0,1,0,1,0,0
_____________________________________________________
_____________________________________________________
75,6,0.0000,
1,6,1,1,1,1,0,1,0,1,0,1,0,0
0,7,0,1,1,1,0,1,0,1,0,1,0,0
_____________________________________________________
_____________________________________________________
76,0,0.0000,
0,7,0,1,1,1,0,1,0,1,0,1,0,0
1,6,1,1,1,1,0,1,1,1,0,1,0,1
_____________________________________________________
_____________________________________________________
77,7,0.0000,
1,6,1,1,1,1,0,1,1,1,0,1,0,1
1,6,1,1,1,1,0,1,0,1,0,1,0,0
_____________________________________________________
_____________________________________________________
78,6,0.0000,
1,6,1,1,1,1,0,1,0,1,0,1,0,0
1,6,0,1,1,1,0,0,0,0,0,1,0,0
_____________________________________________________
_____________________________________________________
79,2,0.0000,
1,6,0,1,1,1,0,0,0,0,0,1,0,0
1,6,1,0,1,1,0,1,0,1,0,1,0,0
_____________________________________________________
_____________________________________________________
80,6,0.0000,
1,6,1,0,1,1,0,1,0,1,0,1,0,0
0,7,0,1,1,1,0,0,0,1,1,1,0,0
_____________________________________________________
_____________________________________________________
81,0,0.0000,
0,7,0,1,1,1,0,0,0,1,1,1,0,0
1,6,1,1,1,1,0,1,0,1,1,1,0,0
_____________________________________________________
_____________________________________________________
82,2,0.0000,
1,6,1,1,1,1,0,1,0,1,1,1,0,0
0,7,1,0,1,0,0,1,1,1,1,1,0,1
_____________________________________________________
_____________________________________________________
83,0,0.0000,
0,7,1,0,1,0,0,1,1,1,1,1,0,1
0,7,0,0,1,1,1,1,1,1,0,1,1,0
_____________________________________________________
_____________________________________________________
84,0,0.0000,
0,7,0,0,1,1,1,1,1,1,0,1,1,0
0,7,0,0,1,1,1,1,1,1,0,1,1,0
_____________________________________________________
_____________________________________________________
85,0,0.0000,
0,7,0,0,1,1,1,1,1,1,0,1,1,0
0,7,0,0,1,1,1,1,1,1,0,1,1,0
_____________________________________________________
_____________________________________________________
86,0,0.0000,
0,7,0,0,1,1,1,1,1,1,0,1,1,0
0,7,0,0,1,1,1,1,1,1,0,1,1,0
_____________________________________________________
_____________________________________________________
87,0,0.0000,
0,7,0,0,1,1,1,1,1,1,0,1,1,0
1,6,0,0,1,1,1,1,1,1,0,1,1,0
_____________________________________________________
_____________________________________________________
88,5,0.0000,
1,6,0,0,1,1,1,1,1,1,0,1,1,0
1,6,1,0,1,1,1,1,1,1,0,1,1,1
_____________________________________________________
_____________________________________________________
89,5,0.0000,
1,6,1,0,1,1,1,1,1,1,0,1,1,1
0,7,1,0,1,0,0,1,0,1,0,1,1,1
_____________________________________________________
_____________________________________________________
90,0,0.0000,
0,7,1,0,1,0,0,1,0,1,0,1,1,1
1,6,1,0,1,0,0,1,0,1,0,1,1,1
_____________________________________________________
_____________________________________________________
91,11,0.0000,
1,6,1,0,1,0,0,1,0,1,0,1,1,1
0,7,1,0,1,0,0,1,1,1,0,1,0,1
_____________________________________________________
_____________________________________________________
92,0,0.0000,
0,7,1,0,1,0,0,1,1,1,0,1,0,1
1,6,1,0,1,1,1,1,1,1,0,1,0,1
_____________________________________________________
_____________________________________________________
93,5,0.0000,
1,6,1,0,1,1,1,1,1,1,0,1,0,1
0,7,1,0,1,0,0,1,0,1,0,1,0,1
_____________________________________________________
_____________________________________________________
94,0,0.0000,
0,7,1,0,1,0,0,1,0,1,0,1,0,1
0,7,1,0,1,0,0,1,0,1,0,1,1,1
_____________________________________________________
_____________________________________________________
95,0,0.0000,
0,7,1,0,1,0,0,1,0,1,0,1,1,1
1,6,1,0,1,0,0,1,0,1,0,1,1,1
_____________________________________________________
_____________________________________________________
96,11,0.0000,
1,6,1,0,1,0,0,1,0,1,0,1,1,1
1,6,1,0,1,0,0,1,1,1,0,1,0,1
_____________________________________________________
_____________________________________________________
97,7,0.0000,
1,6,1,0,1,0,0,1,1,1,0,1,0,1
0,7,0,1,1,1,1,1,1,0,0,0,1,0
_____________________________________________________
_____________________________________________________
98,0,0.0000,
0,7,0,1,1,1,1,1,1,0,0,0,1,0
0,7,0,1,1,1,1,1,1,0,0,0,1,0
_____________________________________________________
_____________________________________________________
99,0,0.0000,
0,7,0,1,1,1,1,1,1,0,0,0,1,0
1,6,0,1,1,1,1,1,1,0,0,0,1,0
_____________________________________________________
_____________________________________________________
100,11,0.0000,
1,6,0,1,1,1,1,1,1,0,0,0,1,0
0,7,0,1,1,1,0,1,1,0,0,0,0,1
_____________________________________________________
_____________________________________________________
101,0,0.0000,
0,7,0,1,1,1,0,1,1,0,0,0,0,1
0,7,1,1,1,1,0,1,1,0,0,0,0,1
_____________________________________________________
_____________________________________________________
102,0,0.0000,
0,7,1,1,1,1,0,1,1,0,0,0,0,1
0,7,1,1,1,1,0,1,1,0,0,0,0,1
_____________________________________________________
_____________________________________________________
103,0,0.0000,
0,7,1,1,1,1,0,1,1,0,0,0,0,1
1,6,1,1,1,1,0,1,1,0,1,0,0,1
_____________________________________________________
_____________________________________________________
104,7,0.0000,
1,6,1,1,1,1,0,1,1,0,1,0,0,1
0,7,1,1,0,1,0,1,0,0,1,0,0,1
_____________________________________________________
_____________________________________________________
105,0,0.0000,
0,7,1,1,0,1,0,1,0,0,1,0,0,1
0,7,1,1,0,1,0,1,0,0,1,0,0,1
_____________________________________________________
_____________________________________________________
106,0,0.0000,
0,7,1,1,0,1,0,1,0,0,1,0,0,1
1,6,1,1,0,1,0,1,0,0,1,0,0,1
_____________________________________________________
_____________________________________________________
107,6,0.0000,
1,6,1,1,0,1,0,1,0,0,1,0,0,1
1,6,1,0,0,1,0,0,0,0,1,0,0,1
_____________________________________________________
_____________________________________________________
108,12,0.0000,
1,6,1,0,0,1,0,0,0,0,1,0,0,1
1,6,0,0,0,1,0,1,0,0,1,0,0,0
_____________________________________________________
_____________________________________________________
109,6,0.0000,
1,6,0,0,0,1,0,1,0,0,1,0,0,0
1,6,0,0,0,1,0,0,0,0,1,0,0,0
_____________________________________________________
_____________________________________________________
110,9,0.0000,
1,6,0,0,0,1,0,0,0,0,1,0,0,0
1,6,0,0,0,1,0,0,0,0,0,0,0,0
_____________________________________________________
_____________________________________________________
111,0,0.0000,
1,6,0,0,0,1,0,0,0,0,0,0,0,0
1,5,0,0,0,0,0,1,0,0,0,1,0,1
_____________________________________________________
_____________________________________________________
112,6,0.0000,
1,5,0,0,0,0,0,1,0,0,0,1,0,1
0,7,1,0,1,0,0,0,0,0,1,1,0,1
_____________________________________________________
_____________________________________________________
113,0,0.0000,
0,7,1,0,1,0,0,0,0,0,1,1,0,1
0,7,1,0,1,0,0,0,0,0,1,1,1,1
_____________________________________________________
_____________________________________________________
114,0,0.0000,
0,7,1,0,1,0,0,0,0,0,1,1,1,1
1,6,1,0,1,1,0,0,0,0,1,1,1,1
_____________________________________________________
_____________________________________________________
115,11,0.0000,
1,6,1,0,1,1,0,0,0,0,1,1,1,1
1,6,1,0,1,1,0,1,0,1,1,1,0,1
_____________________________________________________
_____________________________________________________
116,6,0.0000,
1,6,1,0,1,1,0,1,0,1,1,1,0,1
0,7,1,0,1,1,0,0,0,1,1,1,0,1
_____________________________________________________
_____________________________________________________
117,0,0.0000,
0,7,1,0,1,1,0,0,0,1,1,1,0,1
1,6,1,0,1,1,0,0,0,1,1,1,0,1
_____________________________________________________
_____________________________________________________
118,12,0.0000,
1,6,1,0,1,1,0,0,0,1,1,1,0,1
0,7,1,0,1,1,0,0,0,1,1,1,0,0
_____________________________________________________
_____________________________________________________
119,0,0.0000,
0,7,1,0,1,1,0,0,0,1,1,1,0,0
1,6,1,0,1,1,0,0,0,1,1,1,0,0
_____________________________________________________
_____________________________________________________
120,9,0.0000,
1,6,1,0,1,1,0,0,0,1,1,1,0,0
1,6,1,0,1,1,0,0,0,1,1,1,0,0
_____________________________________________________
_____________________________________________________
121,9,0.0000,
1,6,1,0,1,1,0,0,0,1,1,1,0,0
0,7,0,0,0,1,0,0,0,1,0,0,0,0
_____________________________________________________
_____________________________________________________
122,0,0.0000,
0,7,0,0,0,1,0,0,0,1,0,0,0,0
0,7,1,0,1,1,0,0,0,1,1,1,0,0
_____________________________________________________
_____________________________________________________
123,0,0.0000,
0,7,1,0,1,1,0,0,0,1,1,1,0,0
1,6,1,0,1,1,0,0,0,1,1,1,0,0
_____________________________________________________
_____________________________________________________
124,9,0.0000,
1,6,1,0,1,1,0,0,0,1,1,1,0,0
1,6,0,0,0,1,0,0,0,1,0,0,0,0
_____________________________________________________
_____________________________________________________
125,8,0.0000,
1,6,0,0,0,1,0,0,0,1,0,0,0,0
1,6,0,0,1,0,1,0,1,0,0,0,1,0
_____________________________________________________
_____________________________________________________
126,11,0.0000,
1,6,0,0,1,0,1,0,1,0,0,0,1,0
0,7,0,0,1,0,1,0,1,1,1,1,0,0
_____________________________________________________
_____________________________________________________
127,0,0.0000,
0,7,0,0,1,0,1,0,1,1,1,1,0,0
0,7,1,0,1,1,1,0,1,1,1,1,0,0
_____________________________________________________
_____________________________________________________
128,0,0.0000,
0,7,1,0,1,1,1,0,1,1,1,1,0,0
0,7,1,0,1,1,1,0,1,1,1,1,0,0
_____________________________________________________
_____________________________________________________
129,0,0.0000,
0,7,1,0,1,1,1,0,1,1,1,1,0,0
0,7,1,1,1,1,1,1,1,1,1,1,0,0
_____________________________________________________
_____________________________________________________
130,0,0.0000,
0,7,1,1,1,1,1,1,1,1,1,1,0,0
0,7,1,1,1,1,1,1,1,1,1,1,0,0
_____________________________________________________
_____________________________________________________
131,0,0.0000,
0,7,1,1,1,1,1,1,1,1,1,1,0,0
0,7,1,1,1,1,1,1,1,1,1,1,0,0
_____________________________________________________
_____________________________________________________
132,0,0.0000,
0,7,1,1,1,1,1,1,1,1,1,1,0,0
0,7,1,1,1,1,1,1,1,1,1,1,1,0
_____________________________________________________
_____________________________________________________
133,0,0.0000,
0,7,1,1,1,1,1,1,1,1,1,1,1,0
0,7,1,1,1,1,1,1,1,1,1,1,1,0
_____________________________________________________
_____________________________________________________
134,0,0.0000,
0,7,1,1,1,1,1,1,1,1,1,1,1,0
1,6,1,1,1,1,1,1,1,1,1,1,1,0
_____________________________________________________
_____________________________________________________
135,5,0.0000,
1,6,1,1,1,1,1,1,1,1,1,1,1,0
1,6,1,1,1,1,0,1,0,1,1,1,1,0
_____________________________________________________
_____________________________________________________
136,11,0.0000,
1,6,1,1,1,1,0,1,0,1,1,1,1,0
1,6,1,1,1,1,0,1,0,1,1,1,0,0
_____________________________________________________
_____________________________________________________
137,2,0.0000,
1,6,1,1,1,1,0,1,0,1,1,1,0,0
1,6,1,0,1,1,0,0,0,1,1,1,0,0
_____________________________________________________
_____________________________________________________
138,9,0.0000,
1,6,1,0,1,1,0,0,0,1,1,1,0,0
1,6,1,0,1,0,0,0,0,0,0,1,0,0
_____________________________________________________
_____________________________________________________
139,1,0.0000,
1,6,1,0,1,0,0,0,0,0,0,1,0,0
0,6,0,0,0,0,0,0,0,0,0,0,0,0
_____________________________________________________
