_____________________________________________________
0,9,-1.0000,
5,2,0,0,0,0,0,0,0,0,0,0,0,0
5,2,0,0,0,0,0,0,-1,0,-1,0,0,-1
_____________________________________________________
_____________________________________________________
1,9,0.0000,
5,2,0,0,0,0,0,0,-1,0,-1,0,0,-1
4,2,0,0,0,0,0,0,-1,0,0,0,0,0
_____________________________________________________
_____________________________________________________
2,9,-1.0000,
4,2,0,0,0,0,0,0,-1,0,0,0,0,0
3,2,0,0,0,0,0,0,-1,0,-1,0,0,-1
_____________________________________________________
_____________________________________________________
3,9,0.0000,
3,2,0,0,0,0,0,0,-1,0,-1,0,0,-1
2,2,0,0,0,0,0,0,-1,0,-1,0,0,-1
_____________________________________________________
_____________________________________________________
4,9,0.0000,
2,2,0,0,0,0,0,0,-1,0,-1,0,0,-1
1,2,0,0,0,0,0,0,-1,0,-1,0,0,-1
_____________________________________________________
_____________________________________________________
5,9,0.0000,
1,2,0,0,0,0,0,0,-1,0,-1,0,0,-1
1,6,0,0,0,0,0,0,-1,0,-1,0,0,-1
_____________________________________________________
_____________________________________________________
6,9,0.0000,
1,6,0,0,0,0,0,0,-1,0,-1,0,0,-1
0,7,0,0,0,0,0,0,-1,0,-1,0,0,-1
_____________________________________________________
_____________________________________________________
7,0,0.0000,
0,7,0,0,0,0,0,0,-1,0,-1,0,0,-1
0,7,0,0,0,0,0,0,-1,0,-1,0,0,-1
_____________________________________________________
_____________________________________________________
8,0,0.0000,
0,7,0,0,0,0,0,0,-1,0,-1,0,0,-1
1,6,1,0,0,0,0,1,-1,0,-1,0,0,-1
_____________________________________________________
_____________________________________________________
9,7,0.0000,
1,6,1,0,0,0,0,1,-1,0,-1,0,0,-1
1,6,1,0,0,0,0,1,-1,0,-1,0,0,0
_____________________________________________________
_____________________________________________________
10,7,0.0000,
1,6,1,0,0,0,0,1,-1,0,-1,0,0,0
0,7,1,0,0,0,0,1,0,0,0,0,0,0
_____________________________________________________
_____________________________________________________
11,0,0.0000,
0,7,1,0,0,0,0,1,0,0,0,0,0,0
1,6,1,0,0,0,0,1,0,0,0,0,0,0
_____________________________________________________
_____________________________________________________
12,6,0.0000,
1,6,1,0,0,0,0,1,0,0,0,0,0,0
1,6,0,0,0,0,0,0,0,0,0,0,0,0
_____________________________________________________
_____________________________________________________
13,0,0.0000,
1,6,0,0,0,0,0,0,0,0,0,0,0,0
1,5,0,0,0,0,0,0,0,0,1,0,0,0
_____________________________________________________
_____________________________________________________
14,9,0.0000,
1,5,0,0,0,0,0,0,0,0,1,0,0,0
0,7,0,0,0,0,0,0,0,0,0,0,0,0
_____________________________________________________
_____________________________________________________
15,0,0.0000,
0,7,0,0,0,0,0,0,0,0,0,0,0,0
0,7,0,0,0,0,0,0,0,0,0,0,0,0
_____________________________________________________
_____________________________________________________
16,0,0.0000,
0,7,0,0,0,0,0,0,0,0,0,0,0,0
0,7,0,0,0,0,0,0,0,0,0,0,0,0
_____________________________________________________
_____________________________________________________
17,0,0.0000,
0,7,0,0,0,0,0,0,0,0,0,0,0,0
0,7,0,0,0,0,0,0,0,0,0,0,1,0
_____________________________________________________
_____________________________________________________
18,0,0.0000,
0,7,0,0,0,0,0,0,0,0,0,0,1,0
0,7,0,0,0,0,0,0,0,0,0,0,1,0
_____________________________________________________
_____________________________________________________
19,0,0.0000,
0,7,0,0,0,0,0,0,0,0,0,0,1,0
0,7,0,0,0,0,0,0,0,0,0,0,1,0
_____________________________________________________
_____________________________________________________
20,0,0.0000,
0,7,0,0,0,0,0,0,0,0,0,0,1,0
1,6,0,0,0,0,0,0,0,0,0,0,1,0
_____________________________________________________
_____________________________________________________
21,11,0.0000,
1,6,0,0,0,0,0,0,0,0,0,0,1,0
1,6,0,0,0,0,0,0,0,0,0,0,0,0
_____________________________________________________
_____________________________________________________
22,0,0.0000,
1,6,0,0,0,0,0,0,0,0,0,0,0,0
1,5,0,0,0,0,0,0,0,0,0,0,0,0
_____________________________________________________
_____________________________________________________
23,0,0.0000,
1,5,0,0,0,0,0,0,0,0,0,0,0,0
2,4,0,0,0,0,0,0,0,0,0,0,0,0
_____________________________________________________
_____________________________________________________
24,9,-1.0000,
2,4,0,0,0,0,0,0,0,0,0,0,0,0
1,5,0,0,-1,0,0,0,0,0,-1,0,0,0
_____________________________________________________
_____________________________________________________
25,9,0.0000,
1,5,0,0,-1,0,0,0,0,0,-1,0,0,0
0,7,0,0,0,0,0,0,0,0,0,0,0,0
_____________________________________________________
_____________________________________________________
26,0,0.0000,
0,7,0,0,0,0,0,0,0,0,0,0,0,0
0,7,0,0,0,0,0,0,0,0,0,0,0,0
_____________________________________________________
_____________________________________________________
27,0,0.0000,
0,7,0,0,0,0,0,0,0,0,0,0,0,0
1,6,0,0,0,0,0,0,0,0,0,0,0,0
_____________________________________________________
_____________________________________________________
28,0,0.0000,
1,6,0,0,0,0,0,0,0,0,0,0,0,0
1,5,0,0,0,0,0,0,0,0,0,0,0,0
_____________________________________________________
_____________________________________________________
29,0,0.0000,
1,5,0,0,0,0,0,0,0,0,0,0,0,0
1,4,0,0,0,0,0,0,0,0,0,0,0,0
_____________________________________________________
_____________________________________________________
30,0,0.0000,
1,4,0,0,0,0,0,0,0,0,0,0,0,0
1,3,0,0,0,0,0,0,0,0,0,0,0,0
_____________________________________________________
_____________________________________________________
31,0,0.0000,
1,3,0,0,0,0,0,0,0,0,0,0,0,0
2,2,0,0,0,0,0,0,0,0,0,0,0,0
_____________________________________________________
_____________________________________________________
32,9,-1.0000,
2,2,0,0,0,0,0,0,0,0,0,0,0,0
1,5,0,0,0,0,0,0,0,0,-1,-1,1,0
_____________________________________________________
_____________________________________________________
33,9,0.0000,
1,5,0,0,0,0,0,0,0,0,-1,-1,1,0
0,7,0,0,0,1,0,0,0,0,-1,-1,1,0
_____________________________________________________
_____________________________________________________
34,0,0.0000,
0,7,0,0,0,1,0,0,0,0,-1,-1,1,0
0,7,0,0,0,1,0,0,0,0,-1,-1,1,0
_____________________________________________________
_____________________________________________________
35,0,0.0000,
0,7,0,0,0,1,0,0,0,0,-1,-1,1,0
0,7,0,0,0,0,0,0,0,0,-1,-1,0,0
_____________________________________________________
_____________________________________________________
36,0,0.0000,
0,7,0,0,0,0,0,0,0,0,-1,-1,0,0
0,7,0,0,0,0,0,0,0,0,1,1,0,0
_____________________________________________________
_____________________________________________________
37,0,0.0000,
0,7,0,0,0,0,0,0,0,0,1,1,0,0
1,6,0,0,0,0,0,0,0,0,1,1,0,0
_____________________________________________________
_____________________________________________________
38,9,0.0000,
1,6,0,0,0,0,0,0,0,0,1,1,0,0
0,7,0,0,0,0,0,0,0,0,0,0,1,0
_____________________________________________________
_____________________________________________________
39,0,0.0000,
0,7,0,0,0,0,0,0,0,0,0,0,1,0
0,7,0,0,0,1,0,0,0,0,0,0,1,0
_____________________________________________________
_____________________________________________________
40,0,0.0000,
0,7,0,0,0,1,0,0,0,0,0,0,1,0
1,6,0,0,1,1,0,1,0,1,0,0,0,0
_____________________________________________________
_____________________________________________________
41,6,0.0000,
1,6,0,0,1,1,0,1,0,1,0,0,0,0
1,6,0,0,0,0,0,0,0,0,0,0,0,0
_____________________________________________________
_____________________________________________________
42,0,0.0000,
1,6,0,0,0,0,0,0,0,0,0,0,0,0
1,5,0,0,0,0,0,0,0,0,0,0,0,0
_____________________________________________________
_____________________________________________________
43,0,0.0000,
1,5,0,0,0,0,0,0,0,0,0,0,0,0
1,4,0,0,0,0,0,0,0,0,0,0,0,0
_____________________________________________________
_____________________________________________________
44,0,0.0000,
1,4,0,0,0,0,0,0,0,0,0,0,0,0
2,3,0,0,0,0,0,0,0,0,0,0,0,0
_____________________________________________________
_____________________________________________________
45,9,-1.0000,
2,3,0,0,0,0,0,0,0,0,0,0,0,0
1,5,-1,0,-1,0,0,0,0,0,-1,0,0,-1
_____________________________________________________
_____________________________________________________
46,9,0.0000,
1,5,-1,0,-1,0,0,0,0,0,-1,0,0,-1
0,7,-1,0,-1,0,0,0,0,0,-1,0,0,-1
_____________________________________________________
_____________________________________________________
47,0,0.0000,
0,7,-1,0,-1,0,0,0,0,0,-1,0,0,-1
1,6,-1,0,-1,0,0,0,0,0,-1,0,0,-1
_____________________________________________________
_____________________________________________________
48,9,0.0000,
1,6,-1,0,-1,0,0,0,0,0,-1,0,0,-1
1,6,-1,0,-1,0,0,0,0,0,-1,0,0,-1
_____________________________________________________
_____________________________________________________
49,9,0.0000,
1,6,-1,0,-1,0,0,0,0,0,-1,0,0,-1
1,6,-1,0,-1,0,0,0,0,0,-1,0,0,-1
_____________________________________________________
_____________________________________________________
50,9,0.0000,
1,6,-1,0,-1,0,0,0,0,0,-1,0,0,-1
1,6,-1,0,-1,0,0,0,0,0,-1,0,0,-1
_____________________________________________________
_____________________________________________________
51,9,0.0000,
1,6,-1,0,-1,0,0,0,0,0,-1,0,0,-1
1,6,-1,1,-1,0,0,0,0,0,-1,0,0,-1
_____________________________________________________
_____________________________________________________
52,9,0.0000,
1,6,-1,1,-1,0,0,0,0,0,-1,0,0,-1
0,7,-1,1,-1,0,0,0,0,0,-1,0,0,0
_____________________________________________________
_____________________________________________________
53,0,0.0000,
0,7,-1,1,-1,0,0,0,0,0,-1,0,0,0
1,6,0,1,0,0,0,0,0,0,0,0,0,0
_____________________________________________________
_____________________________________________________
54,2,0.0000,
1,6,0,1,0,0,0,0,0,0,0,0,0,0
1,6,0,0,0,0,0,0,0,0,0,0,1,0
_____________________________________________________
_____________________________________________________
55,11,0.0000,
1,6,0,0,0,0,0,0,0,0,0,0,1,0
1,6,0,0,0,0,0,0,0,0,0,0,0,0
_____________________________________________________
_____________________________________________________
56,0,0.0000,
1,6,0,0,0,0,0,0,0,0,0,0,0,0
2,5,0,0,0,0,0,0,0,0,0,0,0,0
_____________________________________________________
_____________________________________________________
57,9,-1.0000,
2,5,0,0,0,0,0,0,0,0,0,0,0,0
2,5,-1,0,0,0,0,0,0,0,-1,0,0,0
_____________________________________________________
_____________________________________________________
58,9,0.0000,
2,5,-1,0,0,0,0,0,0,0,-1,0,0,0
2,5,-1,0,0,0,0,0,0,0,-1,0,0,0
_____________________________________________________
_____________________________________________________
59,9,0.0000,
2,5,-1,0,0,0,0,0,0,0,-1,0,0,0
1,5,-1,0,1,0,0,0,0,0,-1,0,0,0
_____________________________________________________
_____________________________________________________
60,9,0.0000,
1,5,-1,0,1,0,0,0,0,0,-1,0,0,0
0,7,-1,0,1,0,0,0,0,0,-1,0,0,0
_____________________________________________________
_____________________________________________________
61,0,0.0000,
0,7,-1,0,1,0,0,0,0,0,-1,0,0,0
1,6,-1,0,1,0,0,0,0,0,-1,0,0,0
_____________________________________________________
_____________________________________________________
62,9,0.0000,
1,6,-1,0,1,0,0,0,0,0,-1,0,0,0
0,7,-1,0,1,0,0,0,0,0,-1,0,0,0
_____________________________________________________
_____________________________________________________
63,0,0.0000,
0,7,-1,0,1,0,0,0,0,0,-1,0,0,0
1,6,-1,0,1,0,0,0,0,0,-1,0,0,0
_____________________________________________________
_____________________________________________________
64,9,0.0000,
1,6,-1,0,1,0,0,0,0,0,-1,0,0,0
0,7,-1,0,1,0,0,0,0,0,-1,0,0,0
_____________________________________________________
_____________________________________________________
65,0,0.0000,
0,7,-1,0,1,0,0,0,0,0,-1,0,0,0
1,6,-1,0,1,0,0,0,0,0,-1,0,0,0
_____________________________________________________
_____________________________________________________
66,9,0.0000,
1,6,-1,0,1,0,0,0,0,0,-1,0,0,0
1,6,-1,0,0,0,0,0,0,0,-1,0,0,0
_____________________________________________________
_____________________________________________________
67,9,0.0000,
1,6,-1,0,0,0,0,0,0,0,-1,0,0,0
1,6,-1,0,0,0,0,0,0,0,-1,0,0,0
_____________________________________________________
_____________________________________________________
68,9,0.0000,
1,6,-1,0,0,0,0,0,0,0,-1,0,0,0
1,6,-1,0,0,0,0,0,0,0,-1,0,0,0
_____________________________________________________
_____________________________________________________
69,9,0.0000,
1,6,-1,0,0,0,0,0,0,0,-1,0,0,0
1,6,0,0,0,0,0,0,0,0,0,0,0,0
_____________________________________________________
_____________________________________________________
70,0,0.0000,
1,6,0,0,0,0,0,0,0,0,0,0,0,0
2,5,0,0,0,0,0,0,0,0,0,0,0,0
_____________________________________________________
_____________________________________________________
71,9,-1.0000,
2,5,0,0,0,0,0,0,0,0,0,0,0,0
1,5,1,0,0,0,0,-1,1,0,-1,0,0,0
_____________________________________________________
_____________________________________________________
72,9,0.0000,
1,5,1,0,0,0,0,-1,1,0,-1,0,0,0
0,7,1,0,0,0,0,-1,1,0,-1,0,0,0
_____________________________________________________
_____________________________________________________
73,0,0.0000,
0,7,1,0,0,0,0,-1,1,0,-1,0,0,0
0,7,1,0,0,0,0,-1,1,0,-1,0,0,0
_____________________________________________________
_____________________________________________________
74,0,0.0000,
0,7,1,0,0,0,0,-1,1,0,-1,0,0,0
0,7,1,0,0,0,0,-1,1,0,-1,0,0,0
_____________________________________________________
_____________________________________________________
75,0,0.0000,
0,7,1,0,0,0,0,-1,1,0,-1,0,0,0
0,7,1,0,0,0,0,-1,1,0,-1,0,0,0
_____________________________________________________
_____________________________________________________
76,0,0.0000,
0,7,1,0,0,0,0,-1,1,0,-1,0,0,0
0,7,1,0,0,0,0,0,1,0,0,0,0,0
_____________________________________________________
_____________________________________________________
77,0,0.0000,
0,7,1,0,0,0,0,0,1,0,0,0,0,0
1,6,0,0,1,1,0,0,0,1,0,1,1,0
_____________________________________________________
_____________________________________________________
78,11,0.0000,
1,6,0,0,1,1,0,0,0,1,0,1,1,0
0,7,0,0,0,0,0,0,0,0,0,0,0,0
_____________________________________________________
_____________________________________________________
79,0,0.0000,
0,7,0,0,0,0,0,0,0,0,0,0,0,0
1,6,0,0,1,1,0,0,0,1,0,1,1,0
_____________________________________________________
_____________________________________________________
80,11,0.0000,
1,6,0,0,1,1,0,0,0,1,0,1,1,0
0,7,0,0,0,0,0,0,0,0,0,0,0,0
_____________________________________________________
_____________________________________________________
81,0,0.0000,
0,7,0,0,0,0,0,0,0,0,0,0,0,0
0,7,0,0,0,0,0,0,0,0,0,0,0,0
_____________________________________________________
_____________________________________________________
82,0,0.0000,
0,7,0,0,0,0,0,0,0,0,0,0,0,0
1,6,0,0,0,0,0,0,0,0,0,0,0,0
_____________________________________________________
_____________________________________________________
83,0,0.0000,
1,6,0,0,0,0,0,0,0,0,0,0,0,0
1,5,0,0,0,0,0,-1,0,0,0,0,0,-1
_____________________________________________________
_____________________________________________________
84,12,0.0000,
1,5,0,0,0,0,0,-1,0,0,0,0,0,-1
1,6,0,0,0,0,0,-1,0,0,0,0,0,-1
_____________________________________________________
_____________________________________________________
85,12,0.0000,
1,6,0,0,0,0,0,-1,0,0,0,0,0,-1
0,7,0,0,0,0,0,-1,0,0,0,0,0,-1
_____________________________________________________
_____________________________________________________
86,0,0.0000,
0,7,0,0,0,0,0,-1,0,0,0,0,0,-1
0,7,0,0,0,0,0,-1,0,0,0,0,0,-1
_____________________________________________________
_____________________________________________________
87,0,0.0000,
0,7,0,0,0,0,0,-1,0,0,0,0,0,-1
0,7,0,0,0,0,0,0,0,0,0,0,0,0
_____________________________________________________
_____________________________________________________
88,0,0.0000,
0,7,0,0,0,0,0,0,0,0,0,0,0,0
1,6,0,0,0,0,0,0,0,0,0,0,0,0
_____________________________________________________
_____________________________________________________
89,0,0.0000,
1,6,0,0,0,0,0,0,0,0,0,0,0,0
2,5,0,0,0,0,0,0,0,0,0,0,0,0
_____________________________________________________
_____________________________________________________
90,9,-1.0000,
2,5,0,0,0,0,0,0,0,0,0,0,0,0
2,5,0,-1,0,0,0,0,0,0,-1,0,1,0
_____________________________________________________
_____________________________________________________
91,9,0.0000,
2,5,0,-1,0,0,0,0,0,0,-1,0,1,0
1,5,0,1,0,0,0,0,0,0,1,0,1,0
_____________________________________________________
_____________________________________________________
92,11,0.0000,
1,5,0,1,0,0,0,0,0,0,1,0,1,0
1,6,0,1,0,1,0,0,0,0,1,0,0,0
_____________________________________________________
_____________________________________________________
93,9,0.0000,
1,6,0,1,0,1,0,0,0,0,1,0,0,0
0,7,0,0,0,1,0,0,0,0,0,0,0,0
_____________________________________________________
_____________________________________________________
94,0,0.0000,
0,7,0,0,0,1,0,0,0,0,0,0,0,0
1,6,0,0,0,1,0,0,0,0,0,0,0,0
_____________________________________________________
_____________________________________________________
95,0,0.0000,
1,6,0,0,0,1,0,0,0,0,0,0,0,0
1,5,0,0,0,1,0,0,0,0,0,0,0,0
_____________________________________________________
_____________________________________________________
96,0,0.0000,
1,5,0,0,0,1,0,0,0,0,0,0,0,0
2,4,0,0,0,1,0,0,0,0,0,0,0,0
_____________________________________________________
_____________________________________________________
97,9,-1.0000,
2,4,0,0,0,1,0,0,0,0,0,0,0,0
1,5,0,0,0,-1,0,0,0,0,0,0,0,0
_____________________________________________________
_____________________________________________________
98,0,0.0000,
1,5,0,0,0,-1,0,0,0,0,0,0,0,0
2,4,0,0,0,-1,0,0,0,0,0,0,0,0
_____________________________________________________
_____________________________________________________
99,9,-1.0000,
2,4,0,0,0,-1,0,0,0,0,0,0,0,0
2,5,0,-1,-1,1,0,0,0,0,1,0,0,0
_____________________________________________________
_____________________________________________________
100,2,0.0000,
2,5,0,-1,-1,1,0,0,0,0,1,0,0,0
1,5,0,1,1,1,0,0,0,0,1,0,0,1
_____________________________________________________
_____________________________________________________
101,2,0.0000,
1,5,0,1,1,1,0,0,0,0,1,0,0,1
1,6,0,0,0,1,0,0,1,0,0,0,0,1
_____________________________________________________
_____________________________________________________
102,12,0.0000,
1,6,0,0,0,1,0,0,1,0,0,0,0,1
1,6,0,0,0,1,0,0,0,0,0,0,0,0
_____________________________________________________
_____________________________________________________
103,0,0.0000,
1,6,0,0,0,1,0,0,0,0,0,0,0,0
1,5,0,0,0,1,0,0,0,0,0,0,0,0
_____________________________________________________
_____________________________________________________
104,0,0.0000,
1,5,0,0,0,1,0,0,0,0,0,0,0,0
2,4,0,0,0,1,0,0,0,0,0,0,0,0
_____________________________________________________
_____________________________________________________
105,9,-1.0000,
2,4,0,0,0,1,0,0,0,0,0,0,0,0
1,5,0,-1,-1,1,0,0,0,0,-1,0,0,0
_____________________________________________________
_____________________________________________________
106,9,0.0000,
1,5,0,-1,-1,1,0,0,0,0,-1,0,0,0
0,7,0,-1,-1,1,0,0,0,0,-1,0,0,0
_____________________________________________________
_____________________________________________________
107,0,0.0000,
0,7,0,-1,-1,1,0,0,0,0,-1,0,0,0
1,6,0,-1,-1,1,0,0,0,0,-1,0,0,0
_____________________________________________________
_____________________________________________________
108,9,0.0000,
1,6,0,-1,-1,1,0,0,0,0,-1,0,0,0
1,6,0,0,0,0,0,0,0,0,0,0,0,0
_____________________________________________________
_____________________________________________________
109,0,0.0000,
1,6,0,0,0,0,0,0,0,0,0,0,0,0
1,5,0,0,0,0,0,0,0,0,0,0,0,0
_____________________________________________________
_____________________________________________________
110,0,0.0000,
1,5,0,0,0,0,0,0,0,0,0,0,0,0
2,4,0,0,0,0,0,0,0,0,0,0,0,0
_____________________________________________________
_____________________________________________________
111,9,-1.0000,
2,4,0,0,0,0,0,0,0,0,0,0,0,0
2,5,0,0,0,0,0,0,-1,0,0,0,0,0
_____________________________________________________
_____________________________________________________
112,7,0.0000,
2,5,0,0,0,0,0,0,-1,0,0,0,0,0
1,5,0,0,0,0,0,0,-1,0,0,0,0,0
_____________________________________________________
_____________________________________________________
113,7,0.0000,
1,5,0,0,0,0,0,0,-1,0,0,0,0,0
1,6,0,0,0,0,0,0,-1,0,0,0,0,0
_____________________________________________________
_____________________________________________________
114,7,0.0000,
1,6,0,0,0,0,0,0,-1,0,0,0,0,0
0,7,0,0,0,0,0,0,-1,0,0,0,0,0
_____________________________________________________
_____________________________________________________
115,0,0.0000,
0,7,0,0,0,0,0,0,-1,0,0,0,0,0
1,6,0,0,0,0,0,0,-1,0,0,0,0,0
_____________________________________________________
_____________________________________________________
116,7,0.0000,
1,6,0,0,0,0,0,0,-1,0,0,0,0,0
1,6,0,0,0,0,0,0,-1,0,0,0,0,0
_____________________________________________________
_____________________________________________________
117,7,0.0000,
1,6,0,0,0,0,0,0,-1,0,0,0,0,0
0,7,0,0,0,0,0,0,-1,0,0,0,0,0
_____________________________________________________
_____________________________________________________
118,0,0.0000,
0,7,0,0,0,0,0,0,-1,0,0,0,0,0
1,6,0,0,0,0,0,0,-1,0,0,0,0,1
_____________________________________________________
_____________________________________________________
119,7,0.0000,
1,6,0,0,0,0,0,0,-1,0,0,0,0,1
1,6,0,0,0,0,0,0,-1,0,0,0,1,1
_____________________________________________________
_____________________________________________________
120,7,0.0000,
1,6,0,0,0,0,0,0,-1,0,0,0,1,1
0,7,0,0,0,0,0,0,0,0,0,0,1,1
_____________________________________________________
_____________________________________________________
121,0,0.0000,
0,7,0,0,0,0,0,0,0,0,0,0,1,1
0,7,0,0,0,0,0,0,0,0,0,0,0,0
_____________________________________________________
_____________________________________________________
122,0,0.0000,
0,7,0,0,0,0,0,0,0,0,0,0,0,0
0,7,0,0,0,0,0,0,0,0,1,0,0,0
_____________________________________________________
_____________________________________________________
123,0,0.0000,
0,7,0,0,0,0,0,0,0,0,1,0,0,0
1,6,0,0,0,0,1,0,0,0,1,0,0,0
_____________________________________________________
_____________________________________________________
124,5,0.0000,
1,6,0,0,0,0,1,0,0,0,1,0,0,0
0,7,0,0,0,0,0,0,0,0,0,0,0,0
_____________________________________________________
_____________________________________________________
125,0,0.0000,
0,7,0,0,0,0,0,0,0,0,0,0,0,0
0,7,0,0,0,0,0,0,0,0,0,1,1,0
_____________________________________________________
_____________________________________________________
126,0,0.0000,
0,7,0,0,0,0,0,0,0,0,0,1,1,0
1,6,0,0,1,1,0,0,0,0,0,1,1,0
_____________________________________________________
_____________________________________________________
127,11,0.0000,
1,6,0,0,1,1,0,0,0,0,0,1,1,0
0,7,0,0,1,0,0,0,0,0,0,1,0,0
_____________________________________________________
_____________________________________________________
128,0,0.0000,
0,7,0,0,1,0,0,0,0,0,0,1,0,0
0,7,0,0,1,0,0,0,0,0,0,0,0,0
_____________________________________________________
_____________________________________________________
129,0,0.0000,
0,7,0,0,1,0,0,0,0,0,0,0,0,0
1,6,0,0,0,0,0,0,0,0,0,0,0,0
_____________________________________________________
_____________________________________________________
130,0,0.0000,
1,6,0,0,0,0,0,0,0,0,0,0,0,0
1,5,0,0,0,0,0,0,0,0,0,0,0,0
_____________________________________________________
_____________________________________________________
131,0,0.0000,
1,5,0,0,0,0,0,0,0,0,0,0,0,0
1,4,0,0,1,0,0,0,0,0,0,1,0,0
_____________________________________________________
_____________________________________________________
132,10,0.0000,
1,4,0,0,1,0,0,0,0,0,0,1,0,0
1,6,0,0,0,0,0,0,0,0,0,0,0,0
_____________________________________________________
_____________________________________________________
133,0,0.0000,
1,6,0,0,0,0,0,0,0,0,0,0,0,0
2,5,0,0,0,0,0,0,0,0,0,0,0,0
_____________________________________________________
_____________________________________________________
134,9,-1.0000,
2,5,0,0,0,0,0,0,0,0,0,0,0,0
1,5,0,0,0,0,1,0,0,1,-1,0,0,0
_____________________________________________________
_____________________________________________________
135,9,0.0000,
1,5,0,0,0,0,1,0,0,1,-1,0,0,0
1,6,0,0,0,0,1,0,0,1,0,0,0,0
_____________________________________________________
_____________________________________________________
136,5,0.0000,
1,6,0,0,0,0,1,0,0,1,0,0,0,0
1,6,0,0,0,0,0,0,0,0,0,0,0,0
_____________________________________________________
_____________________________________________________
137,0,0.0000,
1,6,0,0,0,0,0,0,0,0,0,0,0,0
1,5,0,0,0,0,0,0,0,0,0,0,0,0
_____________________________________________________
_____________________________________________________
138,0,0.0000,
1,5,0,0,0,0,0,0,0,0,0,0,0,0
1,4,0,0,0,0,0,0,0,0,0,0,0,0
_____________________________________________________
_____________________________________________________
139,0,0.0000,
1,4,0,0,0,0,0,0,0,0,0,0,0,0
1,4,0,0,0,0,0,0,0,0,0,0,0,0
_____________________________________________________
