_____________________________________________________
0,0,0.0000,
0,7,1,1,1,1,1,1,1,1,1,1,1,1
1,6,1,1,1,1,1,1,1,1,1,1,1,1
_____________________________________________________
_____________________________________________________
1,2,0.0000,
1,6,1,1,1,1,1,1,1,1,1,1,1,1
0,7,1,0,0,1,1,0,1,1,1,1,1,1
_____________________________________________________
_____________________________________________________
2,0,0.0000,
0,7,1,0,0,1,1,0,1,1,1,1,1,1
0,7,1,0,0,1,1,0,1,1,1,1,1,1
_____________________________________________________
_____________________________________________________
3,0,0.0000,
0,7,1,0,0,1,1,0,1,1,1,1,1,1
0,7,1,0,0,1,1,1,1,1,1,1,1,1
_____________________________________________________
_____________________________________________________
4,0,0.0000,
0,7,1,0,0,1,1,1,1,1,1,1,1,1
0,7,1,1,1,1,1,1,1,1,1,1,1,1
_____________________________________________________
_____________________________________________________
5,0,0.0000,
0,7,1,1,1,1,1,1,1,1,1,1,1,1
0,7,1,1,1,1,1,1,1,1,1,1,1,1
_____________________________________________________
_____________________________________________________
6,0,0.0000,
0,7,1,1,1,1,1,1,1,1,1,1,1,1
1,6,1,1,1,1,1,1,1,1,1,1,1,1
_____________________________________________________
_____________________________________________________
7,2,0.0000,
1,6,1,1,1,1,1,1,1,1,1,1,1,1
1,6,1,1,1,1,1,1,1,1,1,1,1,1
_____________________________________________________
_____________________________________________________
8,2,0.0000,
1,6,1,1,1,1,1,1,1,1,1,1,1,1
1,6,1,0,0,1,1,0,1,1,1,1,1,1
_____________________________________________________
_____________________________________________________
9,11,0.0000,
1,6,1,0,0,1,1,0,1,1,1,1,1,1
1,6,1,0,0,1,1,0,0,1,1,1,0,1
_____________________________________________________
_____________________________________________________
10,5,0.0000,
1,6,1,0,0,1,1,0,0,1,1,1,0,1
0,7,1,0,1,1,0,1,0,1,1,1,0,1
_____________________________________________________
_____________________________________________________
11,0,0.0000,
0,7,1,0,1,1,0,1,0,1,1,1,0,1
1,6,1,1,1,1,1,1,0,1,1,1,0,1
_____________________________________________________
_____________________________________________________
12,5,0.0000,
1,6,1,1,1,1,1,1,0,1,1,1,0,1
1,6,1,1,1,1,0,1,0,1,1,1,0,1
_____________________________________________________
_____________________________________________________
13,6,0.0000,
1,6,1,1,1,1,0,1,0,1,1,1,0,1
1,6,0,0,1,1,0,0,1,0,1,1,1,1
_____________________________________________________
_____________________________________________________
14,11,0.0000,
1,6,0,0,1,1,0,0,1,0,1,1,1,1
1,6,0,0,1,1,0,0,1,0,1,1,0,1
_____________________________________________________
_____________________________________________________
15,7,0.0000,
1,6,0,0,1,1,0,0,1,0,1,1,0,1
0,7,0,0,0,1,0,0,0,0,1,1,0,1
_____________________________________________________
_____________________________________________________
16,0,0.0000,
0,7,0,0,0,1,0,0,0,0,1,1,0,1
1,6,0,0,0,1,0,0,0,0,1,1,0,1
_____________________________________________________
_____________________________________________________
17,12,0.0000,
1,6,0,0,0,1,0,0,0,0,1,1,0,1
0,7,0,0,0,0,0,0,0,0,1,0,0,0
_____________________________________________________
_____________________________________________________
18,0,0.0000,
0,7,0,0,0,0,0,0,0,0,1,0,0,0
0,7,0,0,0,0,0,0,0,0,1,0,1,0
_____________________________________________________
_____________________________________________________
19,0,0.0000,
0,7,0,0,0,0,0,0,0,0,1,0,1,0
1,6,0,0,0,0,0,0,0,0,1,0,1,0
_____________________________________________________
_____________________________________________________
20,11,0.0000,
1,6,0,0,0,0,0,0,0,0,1,0,1,0
0,7,0,0,0,0,0,0,0,0,1,0,0,1
_____________________________________________________
_____________________________________________________
21,0,0.0000,
0,7,0,0,0,0,0,0,0,0,1,0,0,1
0,7,0,0,0,1,0,0,0,0,1,1,0,1
_____________________________________________________
_____________________________________________________
22,0,0.0000,
0,7,0,0,0,1,0,0,0,0,1,1,0,1
0,7,0,1,0,1,1,1,0,1,1,1,0,1
_____________________________________________________
_____________________________________________________
23,0,0.0000,
0,7,0,1,0,1,1,1,0,1,1,1,0,1
0,7,0,1,0,1,1,1,0,1,1,1,1,1
_____________________________________________________
_____________________________________________________
24,0,0.0000,
0,7,0,1,0,1,1,1,0,1,1,1,1,1
0,7,0,1,0,1,1,1,0,1,1,1,1,1
_____________________________________________________
_____________________________________________________
25,0,0.0000,
0,7,0,1,0,1,1,1,0,1,1,1,1,1
1,6,0,1,0,1,1,1,0,1,1,1,1,1
_____________________________________________________
_____________________________________________________
26,11,0.0000,
1,6,0,1,0,1,1,1,0,1,1,1,1,1
0,7,0,1,1,1,1,1,1,1,1,1,0,1
_____________________________________________________
_____________________________________________________
27,0,0.0000,
0,7,0,1,1,1,1,1,1,1,1,1,0,1
1,6,1,1,0,1,1,1,1,1,1,1,1,1
_____________________________________________________
_____________________________________________________
28,2,0.0000,
1,6,1,1,0,1,1,1,1,1,1,1,1,1
0,7,1,0,0,1,1,1,1,1,1,1,1,1
_____________________________________________________
_____________________________________________________
29,0,0.0000,
0,7,1,0,0,1,1,1,1,1,1,1,1,1
0,7,1,0,0,1,1,1,1,1,1,1,1,1
_____________________________________________________
_____________________________________________________
30,0,0.0000,
0,7,1,0,0,1,1,1,1,1,1,1,1,1
0,7,1,0,0,1,1,1,1,1,1,1,1,1
_____________________________________________________
_____________________________________________________
31,0,0.0000,
0,7,1,0,0,1,1,1,1,1,1,1,1,1
1,6,1,0,0,1,1,1,1,1,1,1,1,1
_____________________________________________________
_____________________________________________________
32,11,0.0000,
1,6,1,0,0,1,1,1,1,1,1,1,1,1
1,6,1,0,0,1,1,1,1,1,1,1,0,1
_____________________________________________________
_____________________________________________________
33,5,0.0000,
1,6,1,0,0,1,1,1,1,1,1,1,0,1
0,7,1,0,0,1,0,1,1,1,0,1,0,1
_____________________________________________________
_____________________________________________________
34,0,0.0000,
0,7,1,0,0,1,0,1,1,1,0,1,0,1
0,7,1,0,0,1,1,1,1,1,1,1,0,1
_____________________________________________________
_____________________________________________________
35,0,0.0000,
0,7,1,0,0,1,1,1,1,1,1,1,0,1
1,6,1,0,0,1,1,1,1,1,1,1,1,1
_____________________________________________________
_____________________________________________________
36,11,0.0000,
1,6,1,0,0,1,1,1,1,1,1,1,1,1
1,6,1,1,0,1,1,1,1,1,1,1,0,1
_____________________________________________________
_____________________________________________________
37,5,0.0000,
1,6,1,1,0,1,1,1,1,1,1,1,0,1
1,6,1,1,0,1,0,1,1,1,0,0,0,1
_____________________________________________________
_____________________________________________________
38,7,0.0000,
1,6,1,1,0,1,0,1,1,1,0,0,0,1
0,7,1,1,0,1,0,1,0,1,0,0,0,1
_____________________________________________________
_____________________________________________________
39,0,0.0000,
0,7,1,1,0,1,0,1,0,1,0,0,0,1
0,7,1,1,1,1,0,1,0,1,0,0,0,1
_____________________________________________________
_____________________________________________________
40,0,0.0000,
0,7,1,1,1,1,0,1,0,1,0,0,0,1
0,7,1,1,1,1,0,1,0,1,0,0,0,1
_____________________________________________________
_____________________________________________________
41,0,0.0000,
0,7,1,1,1,1,0,1,0,1,0,0,0,1
1,6,0,0,1,1,1,1,1,1,0,1,0,1
_____________________________________________________
_____________________________________________________
42,5,0.0000,
1,6,0,0,1,1,1,1,1,1,0,1,0,1
0,7,0,0,0,1,0,1,0,1,0,1,0,1
_____________________________________________________
_____________________________________________________
43,0,0.0000,
0,7,0,0,0,1,0,1,0,1,0,1,0,1
0,7,1,0,1,1,1,1,1,1,0,1,0,1
_____________________________________________________
_____________________________________________________
44,0,0.0000,
0,7,1,0,1,1,1,1,1,1,0,1,0,1
1,6,1,0,1,1,1,1,1,1,0,1,0,1
_____________________________________________________
_____________________________________________________
45,5,0.0000,
1,6,1,0,1,1,1,1,1,1,0,1,0,1
1,6,0,1,0,1,0,1,1,1,0,1,0,1
_____________________________________________________
_____________________________________________________
46,7,0.0000,
1,6,0,1,0,1,0,1,1,1,0,1,0,1
1,6,0,1,0,1,0,1,0,1,0,1,0,1
_____________________________________________________
_____________________________________________________
47,6,0.0000,
1,6,0,1,0,1,0,1,0,1,0,1,0,1
0,7,0,1,1,1,1,1,1,1,0,1,0,1
_____________________________________________________
_____________________________________________________
48,0,0.0000,
0,7,0,1,1,1,1,1,1,1,0,1,0,1
1,6,1,1,1,1,1,1,1,1,1,1,0,1
_____________________________________________________
_____________________________________________________
49,2,0.0000,
1,6,1,1,1,1,1,1,1,1,1,1,0,1
1,6,1,0,1,1,1,1,1,1,1,1,0,1
_____________________________________________________
_____________________________________________________
50,5,0.0000,
1,6,1,0,1,1,1,1,1,1,1,1,0,1
0,7,1,0,1,1,1,1,1,1,1,1,0,1
_____________________________________________________
_____________________________________________________
51,0,0.0000,
0,7,1,0,1,1,1,1,1,1,1,1,0,1
1,6,1,0,1,1,1,1,1,1,1,1,0,1
_____________________________________________________
_____________________________________________________
52,5,0.0000,
1,6,1,0,1,1,1,1,1,1,1,1,0,1
1,6,1,1,1,1,1,1,1,1,1,1,0,1
_____________________________________________________
_____________________________________________________
53,5,0.0000,
1,6,1,1,1,1,1,1,1,1,1,1,0,1
1,6,0,1,0,1,0,1,0,1,1,1,0,1
_____________________________________________________
_____________________________________________________
54,6,0.0000,
1,6,0,1,0,1,0,1,0,1,1,1,0,1
1,6,1,1,1,1,1,1,1,1,1,1,0,1
_____________________________________________________
_____________________________________________________
55,5,0.0000,
1,6,1,1,1,1,1,1,1,1,1,1,0,1
1,6,1,1,1,1,1,1,0,1,1,0,1,1
_____________________________________________________
_____________________________________________________
56,11,0.0000,
1,6,1,1,1,1,1,1,0,1,1,0,1,1
0,7,0,1,1,1,1,1,1,1,1,0,0,1
_____________________________________________________
_____________________________________________________
57,0,0.0000,
0,7,0,1,1,1,1,1,1,1,1,0,0,1
1,6,0,1,1,1,1,1,1,1,1,1,0,1
_____________________________________________________
_____________________________________________________
58,5,0.0000,
1,6,0,1,1,1,1,1,1,1,1,1,0,1
0,7,0,1,1,1,0,1,1,0,1,1,0,1
_____________________________________________________
_____________________________________________________
59,0,0.0000,
0,7,0,1,1,1,0,1,1,0,1,1,0,1
0,7,1,1,1,1,0,1,1,1,1,1,1,1
_____________________________________________________
_____________________________________________________
60,0,0.0000,
0,7,1,1,1,1,0,1,1,1,1,1,1,1
1,6,1,1,1,1,1,1,1,1,1,1,1,1
_____________________________________________________
_____________________________________________________
61,2,0.0000,
1,6,1,1,1,1,1,1,1,1,1,1,1,1
0,7,1,0,1,1,1,1,1,1,0,1,1,1
_____________________________________________________
_____________________________________________________
62,0,0.0000,
0,7,1,0,1,1,1,1,1,1,0,1,1,1
0,7,1,0,1,1,1,1,1,1,0,1,1,1
_____________________________________________________
_____________________________________________________
63,0,0.0000,
0,7,1,0,1,1,1,1,1,1,0,1,1,1
0,7,1,0,1,1,1,1,1,1,0,1,1,1
_____________________________________________________
_____________________________________________________
64,0,0.0000,
0,7,1,0,1,1,1,1,1,1,0,1,1,1
1,6,1,0,1,1,1,1,1,1,0,1,1,1
_____________________________________________________
_____________________________________________________
65,11,0.0000,
1,6,1,0,1,1,1,1,1,1,0,1,1,1
1,6,0,0,1,1,1,1,1,1,0,1,0,1
_____________________________________________________
_____________________________________________________
66,5,0.0000,
1,6,0,0,1,1,1,1,1,1,0,1,0,1
1,6,0,0,1,1,1,1,1,1,0,1,0,1
_____________________________________________________
_____________________________________________________
67,5,0.0000,
1,6,0,0,1,1,1,1,1,1,0,1,0,1
0,7,0,0,1,1,0,1,1,0,0,1,0,1
_____________________________________________________
_____________________________________________________
68,0,0.0000,
0,7,0,0,1,1,0,1,1,0,0,1,0,1
1,6,0,0,1,1,0,1,1,0,0,1,0,1
_____________________________________________________
_____________________________________________________
69,7,0.0000,
1,6,0,0,1,1,0,1,1,0,0,1,0,1
0,7,1,1,1,0,1,0,1,0,0,1,0,1
_____________________________________________________
_____________________________________________________
70,0,0.0000,
0,7,1,1,1,0,1,0,1,0,0,1,0,1
1,6,1,1,1,0,1,0,1,0,0,1,0,1
_____________________________________________________
_____________________________________________________
71,5,0.0000,
1,6,1,1,1,0,1,0,1,0,0,1,0,1
0,7,1,1,1,0,0,0,0,1,1,1,1,1
_____________________________________________________
_____________________________________________________
72,0,0.0000,
0,7,1,1,1,0,0,0,0,1,1,1,1,1
1,6,1,1,1,1,0,0,0,1,1,1,1,1
_____________________________________________________
_____________________________________________________
73,11,0.0000,
1,6,1,1,1,1,0,0,0,1,1,1,1,1
1,6,1,1,1,0,0,0,0,0,0,1,1,1
_____________________________________________________
_____________________________________________________
74,11,0.0000,
1,6,1,1,1,0,0,0,0,0,0,1,1,1
1,6,1,1,1,0,0,0,0,0,0,1,0,1
_____________________________________________________
_____________________________________________________
75,2,0.0000,
1,6,1,1,1,0,0,0,0,0,0,1,0,1
1,6,0,0,1,0,0,0,0,0,0,1,0,1
_____________________________________________________
_____________________________________________________
76,12,0.0000,
1,6,0,0,1,0,0,0,0,0,0,1,0,1
0,7,0,0,1,1,0,0,1,1,1,1,1,1
_____________________________________________________
_____________________________________________________
77,0,0.0000,
0,7,0,0,1,1,0,0,1,1,1,1,1,1
0,7,0,0,1,1,1,0,1,1,1,1,1,1
_____________________________________________________
_____________________________________________________
78,0,0.0000,
0,7,0,0,1,1,1,0,1,1,1,1,1,1
0,7,0,0,1,1,1,0,1,1,1,1,1,1
_____________________________________________________
_____________________________________________________
79,0,0.0000,
0,7,0,0,1,1,1,0,1,1,1,1,1,1
1,6,0,0,1,1,1,0,1,1,1,1,1,1
_____________________________________________________
_____________________________________________________
80,11,0.0000,
1,6,0,0,1,1,1,0,1,1,1,1,1,1
1,6,0,0,1,1,1,0,1,1,1,1,1,1
_____________________________________________________
_____________________________________________________
81,11,0.0000,
1,6,0,0,1,1,1,0,1,1,1,1,1,1
1,6,0,0,1,0,1,0,1,0,0,1,0,1
_____________________________________________________
_____________________________________________________
82,5,0.0000,
1,6,0,0,1,0,1,0,1,0,0,1,0,1
1,6,0,0,1,0,0,0,0,0,0,1,1,1
_____________________________________________________
_____________________________________________________
83,11,0.0000,
1,6,0,0,1,0,0,0,0,0,0,1,1,1
0,7,0,1,0,0,0,1,1,1,0,1,0,0
_____________________________________________________
_____________________________________________________
84,0,0.0000,
0,7,0,1,0,0,0,1,1,1,0,1,0,0
1,6,0,1,0,0,0,1,1,1,0,1,0,0
_____________________________________________________
_____________________________________________________
85,7,0.0000,
1,6,0,1,0,0,0,1,1,1,0,1,0,0
1,6,1,1,1,1,0,1,0,1,0,1,0,1
_____________________________________________________
_____________________________________________________
86,2,0.0000,
1,6,1,1,1,1,0,1,0,1,0,1,0,1
0,7,1,1,1,1,0,1,0,1,0,1,0,1
_____________________________________________________
_____________________________________________________
87,0,0.0000,
0,7,1,1,1,1,0,1,0,1,0,1,0,1
1,6,1,1,1,1,0,1,0,1,0,1,0,1
_____________________________________________________
_____________________________________________________
88,6,0.0000,
1,6,1,1,1,1,0,1,0,1,0,1,0,1
1,6,1,0,1,1,0,1,0,1,1,1,0,1
_____________________________________________________
_____________________________________________________
89,6,0.0000,
1,6,1,0,1,1,0,1,0,1,1,1,0,1
0,7,1,0,1,1,0,0,0,0,1,1,0,1
_____________________________________________________
_____________________________________________________
90,0,0.0000,
0,7,1,0,1,1,0,0,0,0,1,1,0,1
0,7,1,1,1,1,0,1,0,1,1,1,0,1
_____________________________________________________
_____________________________________________________
91,0,0.0000,
0,7,1,1,1,1,0,1,0,1,1,1,0,1
1,6,1,1,1,1,0,1,0,1,1,1,0,1
_____________________________________________________
_____________________________________________________
92,2,0.0000,
1,6,1,1,1,1,0,1,0,1,1,1,0,1
1,6,1,1,1,1,0,1,0,1,1,1,0,1
_____________________________________________________
_____________________________________________________
93,2,0.0000,
1,6,1,1,1,1,0,1,0,1,1,1,0,1
0,7,1,0,1,1,1,0,0,0,1,1,0,1
_____________________________________________________
_____________________________________________________
94,0,0.0000,
0,7,1,0,1,1,1,0,0,0,1,1,0,1
1,6,1,0,1,1,1,0,0,1,1,1,0,1
_____________________________________________________
_____________________________________________________
95,5,0.0000,
1,6,1,0,1,1,1,0,0,1,1,1,0,1
0,7,1,1,1,1,0,1,0,1,1,1,0,1
_____________________________________________________
_____________________________________________________
96,0,0.0000,
0,7,1,1,1,1,0,1,0,1,1,1,0,1
1,6,1,1,1,1,0,1,0,1,1,1,0,1
_____________________________________________________
_____________________________________________________
97,2,0.0000,
1,6,1,1,1,1,0,1,0,1,1,1,0,1
0,7,1,1,0,0,1,0,1,0,1,1,1,1
_____________________________________________________
_____________________________________________________
98,0,0.0000,
0,7,1,1,0,0,1,0,1,0,1,1,1,1
1,6,1,1,0,0,1,0,1,1,1,1,1,1
_____________________________________________________
_____________________________________________________
99,5,0.0000,
1,6,1,1,0,0,1,0,1,1,1,1,1,1
1,6,1,1,0,0,0,0,0,1,1,1,1,1
_____________________________________________________
_____________________________________________________
100,11,0.0000,
1,6,1,1,0,0,0,0,0,1,1,1,1,1
0,7,0,1,0,1,0,0,0,1,1,1,0,1
_____________________________________________________
_____________________________________________________
101,0,0.0000,
0,7,0,1,0,1,0,0,0,1,1,1,0,1
0,7,0,1,0,1,0,0,0,1,1,1,0,1
_____________________________________________________
_____________________________________________________
102,0,0.0000,
0,7,0,1,0,1,0,0,0,1,1,1,0,1
1,6,0,1,0,1,0,0,0,1,1,1,0,1
_____________________________________________________
_____________________________________________________
103,2,0.0000,
1,6,0,1,0,1,0,0,0,1,1,1,0,1
1,6,0,0,0,1,0,0,0,1,1,0,0,1
_____________________________________________________
_____________________________________________________
104,12,0.0000,
1,6,0,0,0,1,0,0,0,1,1,0,0,1
0,7,0,0,0,1,0,0,0,1,1,0,0,0
_____________________________________________________
_____________________________________________________
105,0,0.0000,
0,7,0,0,0,1,0,0,0,1,1,0,0,0
1,6,1,1,0,1,0,0,0,1,1,1,1,0
_____________________________________________________
_____________________________________________________
106,11,0.0000,
1,6,1,1,0,1,0,0,0,1,1,1,1,0
0,7,0,1,0,1,0,0,0,1,1,1,0,0
_____________________________________________________
_____________________________________________________
107,0,0.0000,
0,7,0,1,0,1,0,0,0,1,1,1,0,0
0,7,0,1,0,1,0,0,0,1,1,1,0,0
_____________________________________________________
_____________________________________________________
108,0,0.0000,
0,7,0,1,0,1,0,0,0,1,1,1,0,0
1,6,0,1,0,1,0,0,0,1,1,1,0,1
_____________________________________________________
_____________________________________________________
109,2,0.0000,
1,6,0,1,0,1,0,0,0,1,1,1,0,1
0,7,0,0,0,1,0,0,0,1,1,0,0,1
_____________________________________________________
_____________________________________________________
110,0,0.0000,
0,7,0,0,0,1,0,0,0,1,1,0,0,1
1,6,0,0,0,1,0,0,0,1,1,1,0,1
_____________________________________________________
_____________________________________________________
111,12,0.0000,
1,6,0,0,0,1,0,0,0,1,1,1,0,1
0,7,1,1,0,0,1,0,0,1,1,0,0,0
_____________________________________________________
_____________________________________________________
112,0,0.0000,
0,7,1,1,0,0,1,0,0,1,1,0,0,0
0,7,1,1,0,0,1,0,0,1,1,1,1,0
_____________________________________________________
_____________________________________________________
113,0,0.0000,
0,7,1,1,0,0,1,0,0,1,1,1,1,0
1,6,1,1,0,1,1,0,1,1,1,1,1,0
_____________________________________________________
_____________________________________________________
114,5,0.0000,
1,6,1,1,0,1,1,0,1,1,1,1,1,0
0,7,0,1,1,1,0,0,1,1,1,1,1,0
_____________________________________________________
_____________________________________________________
115,0,0.0000,
0,7,0,1,1,1,0,0,1,1,1,1,1,0
0,7,0,1,1,1,0,0,1,1,1,1,1,0
_____________________________________________________
_____________________________________________________
116,0,0.0000,
0,7,0,1,1,1,0,0,1,1,1,1,1,0
0,7,0,1,1,1,0,0,1,1,1,1,1,0
_____________________________________________________
_____________________________________________________
117,0,0.0000,
0,7,0,1,1,1,0,0,1,1,1,1,1,0
1,6,0,1,1,1,1,0,1,1,1,1,1,0
_____________________________________________________
_____________________________________________________
118,11,0.0000,
1,6,0,1,1,1,1,0,1,1,1,1,1,0
1,6,1,1,1,1,1,0,0,1,1,0,0,0
_____________________________________________________
_____________________________________________________
119,5,0.0000,
1,6,1,1,1,1,1,0,0,1,1,0,0,0
0,7,0,1,1,1,0,0,0,1,1,0,0,1
_____________________________________________________
_____________________________________________________
120,0,0.0000,
0,7,0,1,1,1,0,0,0,1,1,0,0,1
1,6,0,1,1,1,0,0,0,1,1,0,0,1
_____________________________________________________
_____________________________________________________
121,9,0.0000,
1,6,0,1,1,1,0,0,0,1,1,0,0,1
1,6,0,1,1,1,0,0,0,0,0,0,0,1
_____________________________________________________
_____________________________________________________
122,12,0.0000,
1,6,0,1,1,1,0,0,0,0,0,0,0,1
0,7,1,1,1,1,1,0,0,0,0,0,0,0
_____________________________________________________
_____________________________________________________
123,0,0.0000,
0,7,1,1,1,1,1,0,0,0,0,0,0,0
0,7,1,1,1,1,1,0,0,0,0,0,0,0
_____________________________________________________
_____________________________________________________
124,0,0.0000,
0,7,1,1,1,1,1,0,0,0,0,0,0,0
0,7,1,1,1,1,1,0,0,0,0,0,0,0
_____________________________________________________
_____________________________________________________
125,0,0.0000,
0,7,1,1,1,1,1,0,0,0,0,0,0,0
1,6,1,1,0,0,1,0,1,0,1,0,0,0
_____________________________________________________
_____________________________________________________
126,5,0.0000,
1,6,1,1,0,0,1,0,1,0,1,0,0,0
1,6,1,1,0,0,1,0,1,0,1,0,0,0
_____________________________________________________
_____________________________________________________
127,5,0.0000,
1,6,1,1,0,0,1,0,1,0,1,0,0,0
0,7,1,1,0,0,0,0,0,0,1,0,0,0
_____________________________________________________
_____________________________________________________
128,0,0.0000,
0,7,1,1,0,0,0,0,0,0,1,0,0,0
1,6,1,1,0,0,0,0,1,0,1,0,0,0
_____________________________________________________
_____________________________________________________
129,7,0.0000,
1,6,1,1,0,0,0,0,1,0,1,0,0,0
0,7,1,1,0,0,0,0,0,0,1,0,0,1
_____________________________________________________
_____________________________________________________
130,0,0.0000,
0,7,1,1,0,0,0,0,0,0,1,0,0,1
1,6,1,1,0,0,0,0,0,0,1,0,0,1
_____________________________________________________
_____________________________________________________
131,2,0.0000,
1,6,1,1,0,0,0,0,0,0,1,0,0,1
1,6,1,0,0,0,0,0,0,0,0,0,0,1
_____________________________________________________
_____________________________________________________
132,12,0.0000,
1,6,1,0,0,0,0,0,0,0,0,0,0,1
0,7,1,0,1,0,0,0,0,1,0,1,1,0
_____________________________________________________
_____________________________________________________
133,0,0.0000,
0,7,1,0,1,0,0,0,0,1,0,1,1,0
1,6,1,0,1,0,0,0,0,1,1,1,1,0
_____________________________________________________
_____________________________________________________
134,11,0.0000,
1,6,1,0,1,0,0,0,0,1,1,1,1,0
1,6,1,1,0,0,0,0,1,0,1,0,0,0
_____________________________________________________
_____________________________________________________
135,7,0.0000,
1,6,1,1,0,0,0,0,1,0,1,0,0,0
0,7,1,1,0,0,0,0,0,0,1,0,0,0
_____________________________________________________
_____________________________________________________
136,0,0.0000,
0,7,1,1,0,0,0,0,0,0,1,0,0,0
0,7,1,1,0,0,0,0,0,0,1,0,0,0
_____________________________________________________
_____________________________________________________
137,0,0.0000,
0,7,1,1,0,0,0,0,0,0,1,0,0,0
1,6,1,1,0,0,0,0,0,0,1,0,0,0
_____________________________________________________
_____________________________________________________
138,2,0.0000,
1,6,1,1,0,0,0,0,0,0,1,0,0,0
1,6,1,0,0,0,0,0,0,0,0,0,0,0
_____________________________________________________
_____________________________________________________
139,1,0.0000,
1,6,1,0,0,0,0,0,0,0,0,0,0,0
0,6,0,0,0,0,0,0,0,0,0,0,0,0
_____________________________________________________
