_____________________________________________________
0,9,-1.0000,
6,2,0,0,1,0,0,0,0,1,0,0,0,1
6,2,0,0,1,-1,0,0,0,1,-1,-1,0,1
_____________________________________________________
_____________________________________________________
1,9,0.0000,
6,2,0,0,1,-1,0,0,0,1,-1,-1,0,1
6,2,0,0,1,-1,0,0,0,1,-1,-1,0,1
_____________________________________________________
_____________________________________________________
2,9,0.0000,
6,2,0,0,1,-1,0,0,0,1,-1,-1,0,1
6,2,0,0,1,-1,0,0,0,1,0,0,0,1
_____________________________________________________
_____________________________________________________
3,9,-1.0000,
6,2,0,0,1,-1,0,0,0,1,0,0,0,1
6,2,0,0,1,-1,0,0,0,1,-1,-1,0,1
_____________________________________________________
_____________________________________________________
4,9,0.0000,
6,2,0,0,1,-1,0,0,0,1,-1,-1,0,1
6,1,0,0,1,-1,0,0,0,1,-1,-1,0,1
_____________________________________________________
_____________________________________________________
5,9,0.0000,
6,1,0,0,1,-1,0,0,0,1,-1,-1,0,1
6,1,0,0,1,-1,0,0,0,1,-1,-1,0,1
_____________________________________________________
_____________________________________________________
6,9,0.0000,
6,1,0,0,1,-1,0,0,0,1,-1,-1,0,1
5,1,0,0,1,-1,0,0,0,1,-1,-1,0,1
_____________________________________________________
_____________________________________________________
7,9,0.0000,
5,1,0,0,1,-1,0,0,0,1,-1,-1,0,1
5,1,0,0,0,-1,0,0,0,1,-1,-1,0,1
_____________________________________________________
_____________________________________________________
8,9,0.0000,
5,1,0,0,0,-1,0,0,0,1,-1,-1,0,1
4,1,0,0,0,-1,0,0,0,1,-1,-1,0,1
_____________________________________________________
_____________________________________________________
9,9,0.0000,
4,1,0,0,0,-1,0,0,0,1,-1,-1,0,1
4,1,0,0,0,-1,0,0,0,1,-1,-1,0,1
_____________________________________________________
_____________________________________________________
10,9,0.0000,
4,1,0,0,0,-1,0,0,0,1,-1,-1,0,1
4,1,0,0,0,-1,0,0,0,1,-1,-1,0,1
_____________________________________________________
_____________________________________________________
11,9,0.0000,
4,1,0,0,0,-1,0,0,0,1,-1,-1,0,1
4,2,0,0,0,-1,0,0,1,1,-1,-1,0,1
_____________________________________________________
_____________________________________________________
12,9,0.0000,
4,2,0,0,0,-1,0,0,1,1,-1,-1,0,1
4,3,0,0,0,-1,1,0,1,1,-1,-1,0,1
_____________________________________________________
_____________________________________________________
13,9,0.0000,
4,3,0,0,0,-1,1,0,1,1,-1,-1,0,1
3,3,1,0,1,0,-1,0,1,0,0,1,0,0
_____________________________________________________
_____________________________________________________
14,5,0.0000,
3,3,1,0,1,0,-1,0,1,0,0,1,0,0
3,3,1,0,1,0,-1,0,0,0,0,1,0,0
_____________________________________________________
_____________________________________________________
15,5,0.0000,
3,3,1,0,1,0,-1,0,0,0,0,1,0,0
3,3,0,0,0,0,-1,0,0,0,0,1,0,0
_____________________________________________________
_____________________________________________________
16,5,0.0000,
3,3,0,0,0,0,-1,0,0,0,0,1,0,0
3,4,0,0,0,0,-1,0,0,0,0,1,0,0
_____________________________________________________
_____________________________________________________
17,5,0.0000,
3,4,0,0,0,0,-1,0,0,0,0,1,0,0
3,4,0,0,0,0,-1,0,0,0,0,1,0,0
_____________________________________________________
_____________________________________________________
18,5,0.0000,
3,4,0,0,0,0,-1,0,0,0,0,1,0,0
3,4,0,0,0,0,-1,0,0,0,0,1,0,0
_____________________________________________________
_____________________________________________________
19,5,0.0000,
3,4,0,0,0,0,-1,0,0,0,0,1,0,0
3,4,0,0,0,0,-1,0,0,0,0,1,0,0
_____________________________________________________
_____________________________________________________
20,5,0.0000,
3,4,0,0,0,0,-1,0,0,0,0,1,0,0
2,4,0,0,0,0,-1,0,0,0,0,1,0,0
_____________________________________________________
_____________________________________________________
21,5,0.0000,
2,4,0,0,0,0,-1,0,0,0,0,1,0,0
2,4,0,0,0,0,-1,0,0,0,0,1,0,0
_____________________________________________________
_____________________________________________________
22,5,0.0000,
2,4,0,0,0,0,-1,0,0,0,0,1,0,0
2,5,0,0,0,0,-1,0,0,0,0,1,0,0
_____________________________________________________
_____________________________________________________
23,5,0.0000,
2,5,0,0,0,0,-1,0,0,0,0,1,0,0
2,5,0,0,0,0,-1,0,0,0,0,1,0,0
_____________________________________________________
_____________________________________________________
24,5,0.0000,
2,5,0,0,0,0,-1,0,0,0,0,1,0,0
1,5,0,0,0,0,-1,0,0,0,0,1,0,0
_____________________________________________________
_____________________________________________________
25,5,0.0000,
1,5,0,0,0,0,-1,0,0,0,0,1,0,0
0,7,0,0,0,0,-1,0,0,0,0,1,0,0
_____________________________________________________
_____________________________________________________
26,0,0.0000,
0,7,0,0,0,0,-1,0,0,0,0,1,0,0
0,7,0,0,0,0,-1,0,0,0,0,1,0,0
_____________________________________________________
_____________________________________________________
27,0,0.0000,
0,7,0,0,0,0,-1,0,0,0,0,1,0,0
1,6,0,0,0,0,0,0,0,1,0,1,1,0
_____________________________________________________
_____________________________________________________
28,11,0.0000,
1,6,0,0,0,0,0,0,0,1,0,1,1,0
0,7,0,0,0,0,0,0,0,0,0,0,0,0
_____________________________________________________
_____________________________________________________
29,0,0.0000,
0,7,0,0,0,0,0,0,0,0,0,0,0,0
0,7,0,0,0,0,0,0,0,0,0,0,0,0
_____________________________________________________
_____________________________________________________
30,0,0.0000,
0,7,0,0,0,0,0,0,0,0,0,0,0,0
0,7,0,0,0,0,0,0,0,1,0,1,1,0
_____________________________________________________
_____________________________________________________
31,0,0.0000,
0,7,0,0,0,0,0,0,0,1,0,1,1,0
1,6,0,0,0,0,0,1,1,1,0,1,1,0
_____________________________________________________
_____________________________________________________
32,11,0.0000,
1,6,0,0,0,0,0,1,1,1,0,1,1,0
1,6,0,1,0,0,0,0,1,0,0,0,0,0
_____________________________________________________
_____________________________________________________
33,7,0.0000,
1,6,0,1,0,0,0,0,1,0,0,0,0,0
0,7,0,0,0,0,0,0,0,0,0,0,0,0
_____________________________________________________
_____________________________________________________
34,0,0.0000,
0,7,0,0,0,0,0,0,0,0,0,0,0,0
1,6,0,0,0,0,0,0,0,0,0,0,0,0
_____________________________________________________
_____________________________________________________
35,0,0.0000,
1,6,0,0,0,0,0,0,0,0,0,0,0,0
1,5,0,0,0,0,0,0,0,0,0,0,0,0
_____________________________________________________
_____________________________________________________
36,0,0.0000,
1,5,0,0,0,0,0,0,0,0,0,0,0,0
1,4,0,0,0,0,0,0,0,0,0,0,0,0
_____________________________________________________
_____________________________________________________
37,0,0.0000,
1,4,0,0,0,0,0,0,0,0,0,0,0,0
1,3,0,0,0,0,0,0,0,0,0,1,1,0
_____________________________________________________
_____________________________________________________
38,11,0.0000,
1,3,0,0,0,0,0,0,0,0,0,1,1,0
1,6,0,0,0,0,0,0,0,0,0,0,0,0
_____________________________________________________
_____________________________________________________
39,0,0.0000,
1,6,0,0,0,0,0,0,0,0,0,0,0,0
1,5,0,0,0,0,0,0,0,0,0,0,1,1
_____________________________________________________
_____________________________________________________
40,11,0.0000,
1,5,0,0,0,0,0,0,0,0,0,0,1,1
0,7,0,0,0,0,0,0,0,0,0,0,0,1
_____________________________________________________
_____________________________________________________
41,0,0.0000,
0,7,0,0,0,0,0,0,0,0,0,0,0,1
1,6,0,0,0,1,0,0,0,0,0,1,0,0
_____________________________________________________
_____________________________________________________
42,10,0.0000,
1,6,0,0,0,1,0,0,0,0,0,1,0,0
1,6,0,0,0,0,0,0,0,0,0,0,0,0
_____________________________________________________
_____________________________________________________
43,0,0.0000,
1,6,0,0,0,0,0,0,0,0,0,0,0,0
2,5,0,0,0,0,0,0,0,0,0,0,0,0
_____________________________________________________
_____________________________________________________
44,9,-1.0000,
2,5,0,0,0,0,0,0,0,0,0,0,0,0
1,5,0,0,0,0,-1,-1,0,0,-1,0,0,0
_____________________________________________________
_____________________________________________________
45,9,0.0000,
1,5,0,0,0,0,-1,-1,0,0,-1,0,0,0
1,6,0,0,0,0,-1,-1,0,0,0,0,0,0
_____________________________________________________
_____________________________________________________
46,5,0.0000,
1,6,0,0,0,0,-1,-1,0,0,0,0,0,0
0,7,0,0,0,0,0,0,0,0,0,0,0,0
_____________________________________________________
_____________________________________________________
47,0,0.0000,
0,7,0,0,0,0,0,0,0,0,0,0,0,0
1,6,0,0,0,0,0,0,0,0,0,0,0,0
_____________________________________________________
_____________________________________________________
48,0,0.0000,
1,6,0,0,0,0,0,0,0,0,0,0,0,0
1,5,0,0,0,0,0,0,0,0,0,0,0,0
_____________________________________________________
_____________________________________________________
49,0,0.0000,
1,5,0,0,0,0,0,0,0,0,0,0,0,0
2,4,0,0,0,0,0,0,0,0,0,0,0,0
_____________________________________________________
_____________________________________________________
50,9,-1.0000,
2,4,0,0,0,0,0,0,0,0,0,0,0,0
1,5,0,0,0,0,-1,-1,0,0,-1,0,0,0
_____________________________________________________
_____________________________________________________
51,9,0.0000,
1,5,0,0,0,0,-1,-1,0,0,-1,0,0,0
1,6,0,0,0,0,-1,-1,0,1,-1,0,0,1
_____________________________________________________
_____________________________________________________
52,9,0.0000,
1,6,0,0,0,0,-1,-1,0,1,-1,0,0,1
1,6,0,0,0,0,-1,1,0,1,1,0,0,1
_____________________________________________________
_____________________________________________________
53,5,0.0000,
1,6,0,0,0,0,-1,1,0,1,1,0,0,1
0,7,0,0,0,0,1,1,0,1,1,0,0,0
_____________________________________________________
_____________________________________________________
54,0,0.0000,
0,7,0,0,0,0,1,1,0,1,1,0,0,0
1,6,0,0,0,0,1,1,0,0,1,0,0,0
_____________________________________________________
_____________________________________________________
55,5,0.0000,
1,6,0,0,0,0,1,1,0,0,1,0,0,0
1,6,0,0,0,1,0,0,0,1,0,0,0,0
_____________________________________________________
_____________________________________________________
56,8,0.0000,
1,6,0,0,0,1,0,0,0,1,0,0,0,0
0,7,0,0,0,0,0,0,0,0,0,0,0,0
_____________________________________________________
_____________________________________________________
57,0,0.0000,
0,7,0,0,0,0,0,0,0,0,0,0,0,0
0,7,0,0,0,0,0,0,0,0,0,0,0,0
_____________________________________________________
_____________________________________________________
58,0,0.0000,
0,7,0,0,0,0,0,0,0,0,0,0,0,0
0,7,0,0,0,0,0,0,0,0,0,0,0,0
_____________________________________________________
_____________________________________________________
59,0,0.0000,
0,7,0,0,0,0,0,0,0,0,0,0,0,0
1,6,0,0,0,0,0,0,0,0,0,0,0,0
_____________________________________________________
_____________________________________________________
60,0,0.0000,
1,6,0,0,0,0,0,0,0,0,0,0,0,0
2,5,0,0,0,0,0,0,0,0,0,0,0,0
_____________________________________________________
_____________________________________________________
61,9,-1.0000,
2,5,0,0,0,0,0,0,0,0,0,0,0,0
2,5,0,0,-1,0,0,-1,0,0,-1,0,0,0
_____________________________________________________
_____________________________________________________
62,9,0.0000,
2,5,0,0,-1,0,0,-1,0,0,-1,0,0,0
1,5,0,0,1,0,0,1,0,0,1,0,0,0
_____________________________________________________
_____________________________________________________
63,6,0.0000,
1,5,0,0,1,0,0,1,0,0,1,0,0,0
1,6,0,0,0,0,0,0,0,0,0,0,0,0
_____________________________________________________
_____________________________________________________
64,0,0.0000,
1,6,0,0,0,0,0,0,0,0,0,0,0,0
1,5,0,0,0,0,0,1,0,0,1,0,0,0
_____________________________________________________
_____________________________________________________
65,6,0.0000,
1,5,0,0,0,0,0,1,0,0,1,0,0,0
1,6,0,0,0,0,1,0,0,0,0,0,0,0
_____________________________________________________
_____________________________________________________
66,5,0.0000,
1,6,0,0,0,0,1,0,0,0,0,0,0,0
1,6,0,0,0,0,0,0,0,0,0,0,0,0
_____________________________________________________
_____________________________________________________
67,0,0.0000,
1,6,0,0,0,0,0,0,0,0,0,0,0,0
1,5,0,0,0,0,0,0,0,0,0,0,0,0
_____________________________________________________
_____________________________________________________
68,0,0.0000,
1,5,0,0,0,0,0,0,0,0,0,0,0,0
2,4,0,0,0,0,0,0,0,0,0,0,0,0
_____________________________________________________
_____________________________________________________
69,9,-1.0000,
2,4,0,0,0,0,0,0,0,0,0,0,0,0
1,5,0,-1,0,0,0,0,0,-1,-1,0,-1,0
_____________________________________________________
_____________________________________________________
70,9,0.0000,
1,5,0,-1,0,0,0,0,0,-1,-1,0,-1,0
0,7,0,-1,0,0,0,0,0,-1,-1,0,-1,0
_____________________________________________________
_____________________________________________________
71,0,0.0000,
0,7,0,-1,0,0,0,0,0,-1,-1,0,-1,0
1,6,0,-1,0,0,0,0,0,-1,-1,0,-1,0
_____________________________________________________
_____________________________________________________
72,9,0.0000,
1,6,0,-1,0,0,0,0,0,-1,-1,0,-1,0
0,7,0,-1,0,0,0,0,0,-1,-1,0,-1,0
_____________________________________________________
_____________________________________________________
73,0,0.0000,
0,7,0,-1,0,0,0,0,0,-1,-1,0,-1,0
0,7,0,-1,0,0,0,0,0,-1,-1,0,-1,0
_____________________________________________________
_____________________________________________________
74,0,0.0000,
0,7,0,-1,0,0,0,0,0,-1,-1,0,-1,0
1,6,0,-1,0,0,0,0,0,-1,-1,0,-1,0
_____________________________________________________
_____________________________________________________
75,9,0.0000,
1,6,0,-1,0,0,0,0,0,-1,-1,0,-1,0
0,7,0,-1,0,0,0,0,0,-1,-1,0,-1,0
_____________________________________________________
_____________________________________________________
76,0,0.0000,
0,7,0,-1,0,0,0,0,0,-1,-1,0,-1,0
0,7,0,-1,0,0,0,0,0,-1,-1,0,-1,0
_____________________________________________________
_____________________________________________________
77,0,0.0000,
0,7,0,-1,0,0,0,0,0,-1,-1,0,-1,0
0,7,0,-1,0,0,0,0,0,-1,-1,0,-1,0
_____________________________________________________
_____________________________________________________
78,0,0.0000,
0,7,0,-1,0,0,0,0,0,-1,-1,0,-1,0
1,6,0,-1,0,0,0,0,0,-1,-1,0,-1,0
_____________________________________________________
_____________________________________________________
79,9,0.0000,
1,6,0,-1,0,0,0,0,0,-1,-1,0,-1,0
1,6,0,-1,0,0,0,0,0,-1,-1,0,-1,0
_____________________________________________________
_____________________________________________________
80,9,0.0000,
1,6,0,-1,0,0,0,0,0,-1,-1,0,-1,0
1,6,0,1,0,0,0,0,0,-1,-1,0,1,0
_____________________________________________________
_____________________________________________________
81,9,0.0000,
1,6,0,1,0,0,0,0,0,-1,-1,0,1,0
0,7,0,1,0,0,0,0,0,-1,-1,0,1,0
_____________________________________________________
_____________________________________________________
82,0,0.0000,
0,7,0,1,0,0,0,0,0,-1,-1,0,1,0
0,7,0,1,0,0,0,0,0,-1,-1,0,1,0
_____________________________________________________
_____________________________________________________
83,0,0.0000,
0,7,0,1,0,0,0,0,0,-1,-1,0,1,0
0,7,-1,1,0,0,0,0,0,0,0,0,0,0
_____________________________________________________
_____________________________________________________
84,0,0.0000,
0,7,-1,1,0,0,0,0,0,0,0,0,0,0
0,7,-1,1,0,0,0,0,0,0,0,0,0,0
_____________________________________________________
_____________________________________________________
85,0,0.0000,
0,7,-1,1,0,0,0,0,0,0,0,0,0,0
0,7,-1,1,0,0,0,1,0,0,0,0,0,0
_____________________________________________________
_____________________________________________________
86,0,0.0000,
0,7,-1,1,0,0,0,1,0,0,0,0,0,0
0,7,-1,1,0,0,1,1,0,0,0,0,0,0
_____________________________________________________
_____________________________________________________
87,0,0.0000,
0,7,-1,1,0,0,1,1,0,0,0,0,0,0
1,6,-1,1,0,0,1,1,0,0,0,0,0,0
_____________________________________________________
_____________________________________________________
88,1,0.0000,
1,6,-1,1,0,0,1,1,0,0,0,0,0,0
1,6,-1,1,0,0,1,1,0,0,0,0,0,0
_____________________________________________________
_____________________________________________________
89,1,0.0000,
1,6,-1,1,0,0,1,1,0,0,0,0,0,0
1,6,-1,1,0,0,1,1,0,0,0,0,0,0
_____________________________________________________
_____________________________________________________
90,6,0.0000,
1,6,-1,1,0,0,1,1,0,0,0,0,0,0
0,7,-1,1,0,0,0,0,0,0,0,0,0,0
_____________________________________________________
_____________________________________________________
91,0,0.0000,
0,7,-1,1,0,0,0,0,0,0,0,0,0,0
0,7,-1,1,0,0,0,0,0,0,0,0,0,0
_____________________________________________________
_____________________________________________________
92,0,0.0000,
0,7,-1,1,0,0,0,0,0,0,0,0,0,0
0,7,-1,0,0,0,0,0,0,0,0,0,0,0
_____________________________________________________
_____________________________________________________
93,0,0.0000,
0,7,-1,0,0,0,0,0,0,0,0,0,0,0
0,7,-1,0,0,0,0,0,0,0,0,0,0,0
_____________________________________________________
_____________________________________________________
94,0,0.0000,
0,7,-1,0,0,0,0,0,0,0,0,0,0,0
1,6,-1,0,0,0,0,0,0,0,0,0,0,0
_____________________________________________________
_____________________________________________________
95,1,0.0000,
1,6,-1,0,0,0,0,0,0,0,0,0,0,0
1,6,-1,0,0,0,0,0,0,0,0,0,0,0
_____________________________________________________
_____________________________________________________
96,1,0.0000,
1,6,-1,0,0,0,0,0,0,0,0,0,0,0
0,7,-1,0,0,0,0,0,0,0,0,0,0,0
_____________________________________________________
_____________________________________________________
97,0,0.0000,
0,7,-1,0,0,0,0,0,0,0,0,0,0,0
1,6,0,0,0,0,0,0,1,0,-1,0,0,0
_____________________________________________________
_____________________________________________________
98,9,0.0000,
1,6,0,0,0,0,0,0,1,0,-1,0,0,0
1,6,0,0,0,0,0,0,1,0,-1,0,0,0
_____________________________________________________
_____________________________________________________
99,9,0.0000,
1,6,0,0,0,0,0,0,1,0,-1,0,0,0
1,6,0,0,0,0,0,0,1,0,-1,0,0,0
_____________________________________________________
_____________________________________________________
100,9,0.0000,
1,6,0,0,0,0,0,0,1,0,-1,0,0,0
0,7,0,0,0,0,0,0,1,0,-1,0,0,0
_____________________________________________________
_____________________________________________________
101,0,0.0000,
0,7,0,0,0,0,0,0,1,0,-1,0,0,0
1,6,0,0,0,0,0,0,1,0,-1,0,0,0
_____________________________________________________
_____________________________________________________
102,9,0.0000,
1,6,0,0,0,0,0,0,1,0,-1,0,0,0
1,6,0,0,0,0,0,0,0,0,-1,0,0,0
_____________________________________________________
_____________________________________________________
103,9,0.0000,
1,6,0,0,0,0,0,0,0,0,-1,0,0,0
1,6,0,0,0,0,0,0,0,0,-1,0,0,0
_____________________________________________________
_____________________________________________________
104,9,0.0000,
1,6,0,0,0,0,0,0,0,0,-1,0,0,0
1,6,0,0,0,0,0,0,0,0,-1,0,0,0
_____________________________________________________
_____________________________________________________
105,9,0.0000,
1,6,0,0,0,0,0,0,0,0,-1,0,0,0
1,6,0,0,0,0,0,0,0,0,-1,0,0,0
_____________________________________________________
_____________________________________________________
106,9,0.0000,
1,6,0,0,0,0,0,0,0,0,-1,0,0,0
0,7,0,0,0,0,0,0,0,0,-1,0,0,0
_____________________________________________________
_____________________________________________________
107,0,0.0000,
0,7,0,0,0,0,0,0,0,0,-1,0,0,0
0,7,0,0,0,0,0,0,0,0,-1,0,0,0
_____________________________________________________
_____________________________________________________
108,0,0.0000,
0,7,0,0,0,0,0,0,0,0,-1,0,0,0
0,7,0,0,0,0,0,0,0,0,-1,0,0,0
_____________________________________________________
_____________________________________________________
109,0,0.0000,
0,7,0,0,0,0,0,0,0,0,-1,0,0,0
1,6,0,0,0,0,0,0,0,0,-1,0,0,0
_____________________________________________________
_____________________________________________________
110,9,0.0000,
1,6,0,0,0,0,0,0,0,0,-1,0,0,0
0,7,0,0,0,0,0,0,0,0,-1,0,0,1
_____________________________________________________
_____________________________________________________
111,0,0.0000,
0,7,0,0,0,0,0,0,0,0,-1,0,0,1
1,6,0,0,0,1,1,0,1,1,1,1,0,1
_____________________________________________________
_____________________________________________________
112,5,0.0000,
1,6,0,0,0,1,1,0,1,1,1,1,0,1
0,7,0,1,0,1,0,0,0,0,1,0,0,0
_____________________________________________________
_____________________________________________________
113,0,0.0000,
0,7,0,1,0,1,0,0,0,0,1,0,0,0
0,7,0,1,0,1,0,0,0,0,1,0,0,0
_____________________________________________________
_____________________________________________________
114,0,0.0000,
0,7,0,1,0,1,0,0,0,0,1,0,0,0
1,6,0,1,0,1,0,0,0,0,0,0,0,0
_____________________________________________________
_____________________________________________________
115,2,0.0000,
1,6,0,1,0,1,0,0,0,0,0,0,0,0
0,7,0,0,0,1,0,0,0,0,0,0,0,0
_____________________________________________________
_____________________________________________________
116,0,0.0000,
0,7,0,0,0,1,0,0,0,0,0,0,0,0
0,7,0,0,0,1,0,0,0,0,0,0,0,0
_____________________________________________________
_____________________________________________________
117,0,0.0000,
0,7,0,0,0,1,0,0,0,0,0,0,0,0
1,6,0,1,0,1,0,0,0,0,1,0,0,0
_____________________________________________________
_____________________________________________________
118,9,0.0000,
1,6,0,1,0,1,0,0,0,0,1,0,0,0
0,7,0,0,0,1,0,0,0,0,0,0,0,0
_____________________________________________________
_____________________________________________________
119,0,0.0000,
0,7,0,0,0,1,0,0,0,0,0,0,0,0
1,6,0,0,0,1,0,0,0,0,0,0,0,0
_____________________________________________________
_____________________________________________________
120,0,0.0000,
1,6,0,0,0,1,0,0,0,0,0,0,0,0
1,5,0,0,0,1,0,0,0,0,0,0,0,0
_____________________________________________________
_____________________________________________________
121,0,0.0000,
1,5,0,0,0,1,0,0,0,0,0,0,0,0
2,4,0,0,0,1,0,0,0,0,0,0,0,0
_____________________________________________________
_____________________________________________________
122,9,-1.0000,
2,4,0,0,0,1,0,0,0,0,0,0,0,0
1,5,0,-1,0,1,0,0,0,0,-1,0,0,1
_____________________________________________________
_____________________________________________________
123,9,0.0000,
1,5,0,-1,0,1,0,0,0,0,-1,0,0,1
1,6,0,-1,0,1,1,0,1,1,-1,1,0,1
_____________________________________________________
_____________________________________________________
124,9,0.0000,
1,6,0,-1,0,1,1,0,1,1,-1,1,0,1
0,7,0,-1,0,1,1,0,1,1,-1,1,0,0
_____________________________________________________
_____________________________________________________
125,0,0.0000,
0,7,0,-1,0,1,1,0,1,1,-1,1,0,0
1,6,0,0,0,0,0,0,0,0,0,0,0,0
_____________________________________________________
_____________________________________________________
126,0,0.0000,
1,6,0,0,0,0,0,0,0,0,0,0,0,0
2,5,0,0,0,0,0,0,0,0,0,0,0,0
_____________________________________________________
_____________________________________________________
127,9,-1.0000,
2,5,0,0,0,0,0,0,0,0,0,0,0,0
1,5,-1,0,0,0,-1,0,0,0,-1,0,0,0
_____________________________________________________
_____________________________________________________
128,9,0.0000,
1,5,-1,0,0,0,-1,0,0,0,-1,0,0,0
0,7,-1,0,0,0,-1,0,0,0,-1,0,0,0
_____________________________________________________
_____________________________________________________
129,0,0.0000,
0,7,-1,0,0,0,-1,0,0,0,-1,0,0,0
1,6,0,0,0,0,0,0,0,0,0,0,0,0
_____________________________________________________
_____________________________________________________
130,0,0.0000,
1,6,0,0,0,0,0,0,0,0,0,0,0,0
1,5,0,0,0,0,0,0,0,0,0,0,0,0
_____________________________________________________
_____________________________________________________
131,0,0.0000,
1,5,0,0,0,0,0,0,0,0,0,0,0,0
1,4,0,0,0,0,0,0,0,0,0,0,0,0
_____________________________________________________
_____________________________________________________
132,0,0.0000,
1,4,0,0,0,0,0,0,0,0,0,0,0,0
1,3,0,0,0,0,0,0,0,0,0,0,0,0
_____________________________________________________
_____________________________________________________
133,0,0.0000,
1,3,0,0,0,0,0,0,0,0,0,0,0,0
2,2,0,0,0,0,0,0,0,0,0,0,0,0
_____________________________________________________
_____________________________________________________
134,9,-1.0000,
2,2,0,0,0,0,0,0,0,0,0,0,0,0
2,5,-1,0,0,0,-1,0,0,0,-1,0,0,0
_____________________________________________________
_____________________________________________________
135,9,0.0000,
2,5,-1,0,0,0,-1,0,0,0,-1,0,0,0
2,5,-1,0,0,0,-1,0,0,0,-1,0,0,0
_____________________________________________________
_____________________________________________________
136,9,0.0000,
2,5,-1,0,0,0,-1,0,0,0,-1,0,0,0
2,5,-1,0,0,0,-1,0,0,0,-1,0,0,0
_____________________________________________________
_____________________________________________________
137,9,0.0000,
2,5,-1,0,0,0,-1,0,0,0,-1,0,0,0
1,5,-1,0,0,0,-1,0,0,0,1,0,0,0
_____________________________________________________
_____________________________________________________
138,5,0.0000,
1,5,-1,0,0,0,-1,0,0,0,1,0,0,0
1,6,1,0,0,0,1,0,0,0,1,0,0,0
_____________________________________________________
_____________________________________________________
139,5,0.0000,
1,6,1,0,0,0,1,0,0,0,1,0,0,0
0,6,0,0,0,0,0,0,0,0,0,0,0,0
_____________________________________________________
