_____________________________________________________
0,11,0.0000,
6,2,1,1,1,1,1,1,1,1,1,1,1,1
6,2,1,1,0,1,0,1,1,1,1,1,1,1
_____________________________________________________
_____________________________________________________
1,11,0.0000,
6,2,1,1,0,1,0,1,1,1,1,1,1,1
6,2,1,1,0,1,0,1,1,1,1,0,0,1
_____________________________________________________
_____________________________________________________
2,7,0.0000,
6,2,1,1,0,1,0,1,1,1,1,0,0,1
6,2,1,1,1,1,1,0,0,1,1,1,1,1
_____________________________________________________
_____________________________________________________
3,11,0.0000,
6,2,1,1,1,1,1,0,0,1,1,1,1,1
6,2,1,1,0,1,0,0,0,1,1,0,0,1
_____________________________________________________
_____________________________________________________
4,12,0.0000,
6,2,1,1,0,1,0,0,0,1,1,0,0,1
5,1,1,1,0,1,0,0,0,1,1,1,1,0
_____________________________________________________
_____________________________________________________
5,11,0.0000,
5,1,1,1,0,1,0,0,0,1,1,1,1,0
4,1,1,1,0,1,0,0,0,1,1,0,0,1
_____________________________________________________
_____________________________________________________
6,12,0.0000,
4,1,1,1,0,1,0,0,0,1,1,0,0,1
4,1,1,1,0,1,1,0,0,1,1,1,1,0
_____________________________________________________
_____________________________________________________
7,11,0.0000,
4,1,1,1,0,1,1,0,0,1,1,1,1,0
4,1,1,1,0,1,0,1,1,1,1,0,0,0
_____________________________________________________
_____________________________________________________
8,7,0.0000,
4,1,1,1,0,1,0,1,1,1,1,0,0,0
4,1,1,1,1,1,1,0,0,1,1,1,1,0
_____________________________________________________
_____________________________________________________
9,11,0.0000,
4,1,1,1,1,1,1,0,0,1,1,1,1,0
3,3,1,1,0,1,1,0,0,1,1,1,1,0
_____________________________________________________
_____________________________________________________
10,11,0.0000,
3,3,1,1,0,1,1,0,0,1,1,1,1,0
2,3,1,1,0,1,0,0,0,1,1,1,1,0
_____________________________________________________
_____________________________________________________
11,11,0.0000,
2,3,1,1,0,1,0,0,0,1,1,1,1,0
2,3,1,1,0,1,0,0,0,1,1,0,0,0
_____________________________________________________
_____________________________________________________
12,9,0.0000,
2,3,1,1,0,1,0,0,0,1,1,0,0,0
1,5,0,1,0,1,0,0,0,1,0,1,1,0
_____________________________________________________
_____________________________________________________
13,11,0.0000,
1,5,0,1,0,1,0,0,0,1,0,1,1,0
1,6,1,1,1,0,0,1,1,0,0,1,0,0
_____________________________________________________
_____________________________________________________
14,7,0.0000,
1,6,1,1,1,0,0,1,1,0,0,1,0,0
1,6,1,1,0,0,0,1,0,0,0,1,0,0
_____________________________________________________
_____________________________________________________
15,2,0.0000,
1,6,1,1,0,0,0,1,0,0,0,1,0,0
0,7,1,0,0,0,0,1,0,0,0,1,0,0
_____________________________________________________
_____________________________________________________
16,0,0.0000,
0,7,1,0,0,0,0,1,0,0,0,1,0,0
0,7,1,0,0,0,0,1,0,0,0,1,0,0
_____________________________________________________
_____________________________________________________
17,0,0.0000,
0,7,1,0,0,0,0,1,0,0,0,1,0,0
1,6,1,0,0,1,0,1,1,0,0,1,0,1
_____________________________________________________
_____________________________________________________
18,7,0.0000,
1,6,1,0,0,1,0,1,1,0,0,1,0,1
0,7,1,0,0,1,0,1,0,0,0,1,0,1
_____________________________________________________
_____________________________________________________
19,0,0.0000,
0,7,1,0,0,1,0,1,0,0,0,1,0,1
0,7,1,0,0,1,0,1,0,0,0,1,0,1
_____________________________________________________
_____________________________________________________
20,0,0.0000,
0,7,1,0,0,1,0,1,0,0,0,1,0,1
1,6,1,0,0,1,0,1,0,0,0,1,0,1
_____________________________________________________
_____________________________________________________
21,6,0.0000,
1,6,1,0,0,1,0,1,0,0,0,1,0,1
0,7,1,0,0,1,0,1,0,0,0,1,0,1
_____________________________________________________
_____________________________________________________
22,0,0.0000,
0,7,1,0,0,1,0,1,0,0,0,1,0,1
0,7,1,0,0,1,0,1,0,0,0,1,0,1
_____________________________________________________
_____________________________________________________
23,0,0.0000,
0,7,1,0,0,1,0,1,0,0,0,1,0,1
0,7,1,0,1,1,0,1,1,0,0,1,0,1
_____________________________________________________
_____________________________________________________
24,0,0.0000,
0,7,1,0,1,1,0,1,1,0,0,1,0,1
0,7,1,0,1,1,0,1,1,0,0,1,0,1
_____________________________________________________
_____________________________________________________
25,0,0.0000,
0,7,1,0,1,1,0,1,1,0,0,1,0,1
0,7,1,0,1,1,0,1,1,0,0,1,0,1
_____________________________________________________
_____________________________________________________
26,0,0.0000,
0,7,1,0,1,1,0,1,1,0,0,1,0,1
0,7,1,0,1,1,0,1,1,0,0,1,0,1
_____________________________________________________
_____________________________________________________
27,0,0.0000,
0,7,1,0,1,1,0,1,1,0,0,1,0,1
1,6,0,1,0,1,1,0,1,1,1,1,0,0
_____________________________________________________
_____________________________________________________
28,5,0.0000,
1,6,0,1,0,1,1,0,1,1,1,1,0,0
0,7,0,1,0,1,0,0,1,0,0,1,0,0
_____________________________________________________
_____________________________________________________
29,0,0.0000,
0,7,0,1,0,1,0,0,1,0,0,1,0,0
1,6,0,1,0,1,0,0,1,0,0,1,0,0
_____________________________________________________
_____________________________________________________
30,7,0.0000,
1,6,0,1,0,1,0,0,1,0,0,1,0,0
0,7,0,1,0,1,0,0,0,0,0,1,0,1
_____________________________________________________
_____________________________________________________
31,0,0.0000,
0,7,0,1,0,1,0,0,0,0,0,1,0,1
0,7,1,1,1,1,0,1,0,0,0,1,1,1
_____________________________________________________
_____________________________________________________
32,0,0.0000,
0,7,1,1,1,1,0,1,0,0,0,1,1,1
0,7,1,1,1,1,0,1,0,0,0,1,1,1
_____________________________________________________
_____________________________________________________
33,0,0.0000,
0,7,1,1,1,1,0,1,0,0,0,1,1,1
1,6,1,1,1,1,0,1,0,0,0,1,1,1
_____________________________________________________
_____________________________________________________
34,11,0.0000,
1,6,1,1,1,1,0,1,0,0,0,1,1,1
0,7,1,1,1,1,0,1,0,0,0,1,0,0
_____________________________________________________
_____________________________________________________
35,0,0.0000,
0,7,1,1,1,1,0,1,0,0,0,1,0,0
0,7,1,1,1,1,0,1,0,0,0,1,0,0
_____________________________________________________
_____________________________________________________
36,0,0.0000,
0,7,1,1,1,1,0,1,0,0,0,1,0,0
1,6,1,1,1,1,0,1,0,0,0,1,0,0
_____________________________________________________
_____________________________________________________
37,2,0.0000,
1,6,1,1,1,1,0,1,0,0,0,1,0,0
1,6,1,0,1,1,0,1,0,0,0,1,1,1
_____________________________________________________
_____________________________________________________
38,11,0.0000,
1,6,1,0,1,1,0,1,0,0,0,1,1,1
1,6,1,0,1,1,0,1,0,0,0,1,0,0
_____________________________________________________
_____________________________________________________
39,11,-1.0000,
1,6,1,0,1,1,0,1,0,0,0,1,0,0
1,6,1,0,1,1,0,1,0,1,1,1,-1,-1
_____________________________________________________
_____________________________________________________
40,11,0.0000,
1,6,1,0,1,1,0,1,0,1,1,1,-1,-1
0,7,1,0,1,1,1,1,1,1,1,1,-1,-1
_____________________________________________________
_____________________________________________________
41,0,0.0000,
0,7,1,0,1,1,1,1,1,1,1,1,-1,-1
0,7,1,1,0,1,-1,1,1,1,1,1,-1,0
_____________________________________________________
_____________________________________________________
42,0,0.0000,
0,7,1,1,0,1,-1,1,1,1,1,1,-1,0
1,6,1,1,0,1,-1,1,1,1,1,1,-1,0
_____________________________________________________
_____________________________________________________
43,5,0.0000,
1,6,1,1,0,1,-1,1,1,1,1,1,-1,0
0,7,1,1,0,1,-1,1,1,1,1,1,-1,0
_____________________________________________________
_____________________________________________________
44,0,0.0000,
0,7,1,1,0,1,-1,1,1,1,1,1,-1,0
0,7,1,1,0,1,-1,1,1,1,1,1,-1,0
_____________________________________________________
_____________________________________________________
45,0,0.0000,
0,7,1,1,0,1,-1,1,1,1,1,1,-1,0
0,7,1,1,0,1,-1,1,1,1,1,1,-1,0
_____________________________________________________
_____________________________________________________
46,0,0.0000,
0,7,1,1,0,1,-1,1,1,1,1,1,-1,0
1,6,1,1,0,1,-1,1,1,1,1,1,-1,0
_____________________________________________________
_____________________________________________________
47,5,0.0000,
1,6,1,1,0,1,-1,1,1,1,1,1,-1,0
0,7,1,1,0,1,-1,1,1,1,1,1,-1,0
_____________________________________________________
_____________________________________________________
48,0,0.0000,
0,7,1,1,0,1,-1,1,1,1,1,1,-1,0
1,6,1,1,0,1,-1,1,1,1,1,1,-1,0
_____________________________________________________
_____________________________________________________
49,5,0.0000,
1,6,1,1,0,1,-1,1,1,1,1,1,-1,0
1,6,1,1,0,1,-1,1,1,1,1,1,-1,0
_____________________________________________________
_____________________________________________________
50,5,0.0000,
1,6,1,1,0,1,-1,1,1,1,1,1,-1,0
0,7,1,1,0,1,-1,1,1,1,1,1,-1,0
_____________________________________________________
_____________________________________________________
51,0,0.0000,
0,7,1,1,0,1,-1,1,1,1,1,1,-1,0
0,7,1,1,0,1,-1,1,1,1,1,1,-1,0
_____________________________________________________
_____________________________________________________
52,0,0.0000,
0,7,1,1,0,1,-1,1,1,1,1,1,-1,0
0,7,1,1,0,1,-1,1,1,1,1,1,-1,0
_____________________________________________________
_____________________________________________________
53,0,0.0000,
0,7,1,1,0,1,-1,1,1,1,1,1,-1,0
1,6,1,1,0,1,-1,1,1,1,1,1,-1,0
_____________________________________________________
_____________________________________________________
54,5,0.0000,
1,6,1,1,0,1,-1,1,1,1,1,1,-1,0
0,7,1,1,0,1,-1,1,1,1,1,1,-1,0
_____________________________________________________
_____________________________________________________
55,0,0.0000,
0,7,1,1,0,1,-1,1,1,1,1,1,-1,0
0,7,1,0,1,1,1,1,1,1,1,1,1,1
_____________________________________________________
_____________________________________________________
56,0,0.0000,
0,7,1,0,1,1,1,1,1,1,1,1,1,1
0,7,1,0,1,1,1,1,1,1,1,1,1,1
_____________________________________________________
_____________________________________________________
57,0,0.0000,
0,7,1,0,1,1,1,1,1,1,1,1,1,1
0,7,1,0,1,1,1,1,1,1,1,1,1,1
_____________________________________________________
_____________________________________________________
58,0,0.0000,
0,7,1,0,1,1,1,1,1,1,1,1,1,1
0,7,1,0,1,1,1,1,1,1,1,1,1,1
_____________________________________________________
_____________________________________________________
59,0,0.0000,
0,7,1,0,1,1,1,1,1,1,1,1,1,1
0,7,1,0,1,1,1,1,1,1,1,1,1,1
_____________________________________________________
_____________________________________________________
60,0,0.0000,
0,7,1,0,1,1,1,1,1,1,1,1,1,1
1,6,1,0,1,1,1,1,1,1,1,1,1,1
_____________________________________________________
_____________________________________________________
61,11,0.0000,
1,6,1,0,1,1,1,1,1,1,1,1,1,1
0,7,1,0,1,0,1,1,1,1,1,0,1,1
_____________________________________________________
_____________________________________________________
62,0,0.0000,
0,7,1,0,1,0,1,1,1,1,1,0,1,1
0,7,1,0,1,1,1,1,1,1,1,1,1,1
_____________________________________________________
_____________________________________________________
63,0,0.0000,
0,7,1,0,1,1,1,1,1,1,1,1,1,1
1,6,1,0,1,1,1,1,1,1,1,1,1,1
_____________________________________________________
_____________________________________________________
64,5,0.0000,
1,6,1,0,1,1,1,1,1,1,1,1,1,1
0,7,1,0,1,1,0,1,1,1,1,1,1,1
_____________________________________________________
_____________________________________________________
65,0,0.0000,
0,7,1,0,1,1,0,1,1,1,1,1,1,1
0,7,1,0,1,1,0,1,1,1,1,1,1,1
_____________________________________________________
_____________________________________________________
66,0,0.0000,
0,7,1,0,1,1,0,1,1,1,1,1,1,1
1,6,1,0,1,1,0,1,1,1,1,1,1,1
_____________________________________________________
_____________________________________________________
67,11,0.0000,
1,6,1,0,1,1,0,1,1,1,1,1,1,1
0,7,1,0,1,0,0,1,1,1,1,1,1,1
_____________________________________________________
_____________________________________________________
68,0,0.0000,
0,7,1,0,1,0,0,1,1,1,1,1,1,1
1,6,1,0,1,1,0,1,1,1,1,1,1,1
_____________________________________________________
_____________________________________________________
69,11,0.0000,
1,6,1,0,1,1,0,1,1,1,1,1,1,1
0,7,1,1,1,1,1,1,1,1,1,1,1,0
_____________________________________________________
_____________________________________________________
70,0,0.0000,
0,7,1,1,1,1,1,1,1,1,1,1,1,0
1,6,1,1,1,1,1,1,1,1,1,1,1,0
_____________________________________________________
_____________________________________________________
71,2,0.0000,
1,6,1,1,1,1,1,1,1,1,1,1,1,0
1,6,1,0,1,1,1,0,1,1,1,1,1,0
_____________________________________________________
_____________________________________________________
72,11,0.0000,
1,6,1,0,1,1,1,0,1,1,1,1,1,0
1,6,0,1,1,1,0,1,1,1,1,1,0,0
_____________________________________________________
_____________________________________________________
73,7,0.0000,
1,6,0,1,1,1,0,1,1,1,1,1,0,0
0,7,0,1,0,1,0,1,0,1,1,1,1,0
_____________________________________________________
_____________________________________________________
74,0,0.0000,
0,7,0,1,0,1,0,1,0,1,1,1,1,0
0,7,1,1,0,1,1,1,0,1,1,1,1,0
_____________________________________________________
_____________________________________________________
75,0,0.0000,
0,7,1,1,0,1,1,1,0,1,1,1,1,0
1,6,1,1,0,1,1,1,0,1,1,1,1,0
_____________________________________________________
_____________________________________________________
76,11,0.0000,
1,6,1,1,0,1,1,1,0,1,1,1,1,0
1,6,0,1,0,1,0,1,0,1,1,1,0,0
_____________________________________________________
_____________________________________________________
77,6,0.0000,
1,6,0,1,0,1,0,1,0,1,1,1,0,0
1,6,0,1,0,1,0,1,1,1,1,1,0,0
_____________________________________________________
_____________________________________________________
78,7,0.0000,
1,6,0,1,0,1,0,1,1,1,1,1,0,0
0,7,0,1,0,1,0,1,0,1,1,1,0,0
_____________________________________________________
_____________________________________________________
79,0,0.0000,
0,7,0,1,0,1,0,1,0,1,1,1,0,0
1,6,0,1,0,1,0,1,0,1,1,1,0,0
_____________________________________________________
_____________________________________________________
80,6,0.0000,
1,6,0,1,0,1,0,1,0,1,1,1,0,0
0,7,0,0,0,1,0,0,0,1,1,1,0,0
_____________________________________________________
_____________________________________________________
81,0,0.0000,
0,7,0,0,0,1,0,0,0,1,1,1,0,0
1,6,0,1,0,1,0,1,0,1,1,1,0,0
_____________________________________________________
_____________________________________________________
82,6,0.0000,
1,6,0,1,0,1,0,1,0,1,1,1,0,0
1,6,0,0,1,1,0,0,1,1,1,0,0,0
_____________________________________________________
_____________________________________________________
83,7,0.0000,
1,6,0,0,1,1,0,0,1,1,1,0,0,0
1,6,-1,-1,1,0,0,1,0,1,0,1,1,0
_____________________________________________________
_____________________________________________________
84,2,0.0000,
1,6,-1,-1,1,0,0,1,0,1,0,1,1,0
1,6,1,1,1,0,0,1,0,1,0,1,1,0
_____________________________________________________
_____________________________________________________
85,11,0.0000,
1,6,1,1,1,0,0,1,0,1,0,1,1,0
1,6,0,0,1,0,0,1,0,1,0,1,0,0
_____________________________________________________
_____________________________________________________
86,6,0.0000,
1,6,0,0,1,0,0,1,0,1,0,1,0,0
0,7,0,0,1,0,1,0,0,1,0,1,0,1
_____________________________________________________
_____________________________________________________
87,0,0.0000,
0,7,0,0,1,0,1,0,0,1,0,1,0,1
1,6,0,0,1,1,1,0,0,1,0,1,0,1
_____________________________________________________
_____________________________________________________
88,5,0.0000,
1,6,0,0,1,1,1,0,0,1,0,1,0,1
0,7,0,0,1,0,0,0,0,1,0,1,0,0
_____________________________________________________
_____________________________________________________
89,0,0.0000,
0,7,0,0,1,0,0,0,0,1,0,1,0,0
1,6,0,0,1,0,1,0,0,1,0,1,0,1
_____________________________________________________
_____________________________________________________
90,5,0.0000,
1,6,0,0,1,0,1,0,0,1,0,1,0,1
1,6,0,0,1,0,0,0,0,1,0,1,0,0
_____________________________________________________
_____________________________________________________
91,10,0.0000,
1,6,0,0,1,0,0,0,0,1,0,1,0,0
0,7,0,0,1,0,0,0,0,1,0,0,0,0
_____________________________________________________
_____________________________________________________
92,0,0.0000,
0,7,0,0,1,0,0,0,0,1,0,0,0,0
0,7,0,0,1,0,0,0,0,1,0,0,0,0
_____________________________________________________
_____________________________________________________
93,0,0.0000,
0,7,0,0,1,0,0,0,0,1,0,0,0,0
1,6,1,1,1,0,0,0,0,1,0,0,1,0
_____________________________________________________
_____________________________________________________
94,11,0.0000,
1,6,1,1,1,0,0,0,0,1,0,0,1,0
1,6,0,0,1,0,0,1,0,1,0,0,1,0
_____________________________________________________
_____________________________________________________
95,11,0.0000,
1,6,0,0,1,0,0,1,0,1,0,0,1,0
0,7,0,0,1,0,0,1,0,1,0,0,0,0
_____________________________________________________
_____________________________________________________
96,0,0.0000,
0,7,0,0,1,0,0,1,0,1,0,0,0,0
1,6,0,0,1,0,0,1,0,1,0,0,0,0
_____________________________________________________
_____________________________________________________
97,6,0.0000,
1,6,0,0,1,0,0,1,0,1,0,0,0,0
1,6,0,1,0,0,0,1,0,0,0,0,0,0
_____________________________________________________
_____________________________________________________
98,6,0.0000,
1,6,0,1,0,0,0,1,0,0,0,0,0,0
0,7,0,1,0,0,0,0,0,0,0,0,0,0
_____________________________________________________
_____________________________________________________
99,0,0.0000,
0,7,0,1,0,0,0,0,0,0,0,0,0,0
1,6,0,1,0,1,0,0,0,0,1,1,0,1
_____________________________________________________
_____________________________________________________
100,2,0.0000,
1,6,0,1,0,1,0,0,0,0,1,1,0,1
0,7,1,1,0,1,0,0,1,0,1,1,0,1
_____________________________________________________
_____________________________________________________
101,0,0.0000,
0,7,1,1,0,1,0,0,1,0,1,1,0,1
1,6,1,1,0,1,0,0,1,0,1,1,0,1
_____________________________________________________
_____________________________________________________
102,7,0.0000,
1,6,1,1,0,1,0,0,1,0,1,1,0,1
0,7,0,1,0,1,0,0,0,0,1,0,0,0
_____________________________________________________
_____________________________________________________
103,0,0.0000,
0,7,0,1,0,1,0,0,0,0,1,0,0,0
0,7,0,1,0,1,0,0,0,0,1,0,0,0
_____________________________________________________
_____________________________________________________
104,0,0.0000,
0,7,0,1,0,1,0,0,0,0,1,0,0,0
0,7,0,1,0,1,0,0,0,0,1,0,0,0
_____________________________________________________
_____________________________________________________
105,0,0.0000,
0,7,0,1,0,1,0,0,0,0,1,0,0,0
1,6,0,1,0,1,0,0,0,0,1,0,0,0
_____________________________________________________
_____________________________________________________
106,9,0.0000,
1,6,0,1,0,1,0,0,0,0,1,0,0,0
0,7,0,1,0,0,1,1,0,1,0,0,1,0
_____________________________________________________
_____________________________________________________
107,0,0.0000,
0,7,0,1,0,0,1,1,0,1,0,0,1,0
0,7,0,1,1,0,1,1,0,1,0,0,1,0
_____________________________________________________
_____________________________________________________
108,0,0.0000,
0,7,0,1,1,0,1,1,0,1,0,0,1,0
0,7,0,1,1,0,1,1,0,1,0,0,1,0
_____________________________________________________
_____________________________________________________
109,0,0.0000,
0,7,0,1,1,0,1,1,0,1,0,0,1,0
1,6,0,1,1,0,1,1,0,1,0,0,1,0
_____________________________________________________
_____________________________________________________
110,5,0.0000,
1,6,0,1,1,0,1,1,0,1,0,0,1,0
0,7,0,1,0,0,1,1,0,1,0,0,1,0
_____________________________________________________
_____________________________________________________
111,0,0.0000,
0,7,0,1,0,0,1,1,0,1,0,0,1,0
0,7,0,1,0,0,1,1,1,0,0,0,0,1
_____________________________________________________
_____________________________________________________
112,0,0.0000,
0,7,0,1,0,0,1,1,1,0,0,0,0,1
1,6,0,1,0,0,1,1,1,0,1,0,1,1
_____________________________________________________
_____________________________________________________
113,5,0.0000,
1,6,0,1,0,0,1,1,1,0,1,0,1,1
0,7,0,1,0,0,0,1,1,0,1,1,1,1
_____________________________________________________
_____________________________________________________
114,0,0.0000,
0,7,0,1,0,0,0,1,1,0,1,1,1,1
0,7,0,1,1,0,0,1,1,1,1,1,1,1
_____________________________________________________
_____________________________________________________
115,0,0.0000,
0,7,0,1,1,0,0,1,1,1,1,1,1,1
0,7,1,1,1,1,0,1,1,1,1,1,1,1
_____________________________________________________
_____________________________________________________
116,0,0.0000,
0,7,1,1,1,1,0,1,1,1,1,1,1,1
1,6,1,1,1,1,0,1,1,1,1,1,1,1
_____________________________________________________
_____________________________________________________
117,11,0.0000,
1,6,1,1,1,1,0,1,1,1,1,1,1,1
0,7,1,1,1,1,0,1,1,1,0,1,0,0
_____________________________________________________
_____________________________________________________
118,0,0.0000,
0,7,1,1,1,1,0,1,1,1,0,1,0,0
0,7,1,1,1,1,0,1,1,1,0,1,0,0
_____________________________________________________
_____________________________________________________
119,0,0.0000,
0,7,1,1,1,1,0,1,1,1,0,1,0,0
0,7,1,1,1,1,0,1,1,1,0,1,0,0
_____________________________________________________
_____________________________________________________
120,0,0.0000,
0,7,1,1,1,1,0,1,1,1,0,1,0,0
0,7,1,1,1,1,0,1,1,1,0,1,0,0
_____________________________________________________
_____________________________________________________
121,0,0.0000,
0,7,1,1,1,1,0,1,1,1,0,1,0,0
0,7,1,1,1,1,0,1,1,1,0,1,0,0
_____________________________________________________
_____________________________________________________
122,0,0.0000,
0,7,1,1,1,1,0,1,1,1,0,1,0,0
1,6,1,1,1,1,0,1,1,1,0,1,0,0
_____________________________________________________
_____________________________________________________
123,7,0.0000,
1,6,1,1,1,1,0,1,1,1,0,1,0,0
1,6,1,1,1,1,0,0,0,1,0,1,0,0
_____________________________________________________
_____________________________________________________
124,2,0.0000,
1,6,1,1,1,1,0,0,0,1,0,1,0,0
1,6,1,0,1,1,0,0,0,1,0,1,0,0
_____________________________________________________
_____________________________________________________
125,10,0.0000,
1,6,1,0,1,1,0,0,0,1,0,1,0,0
0,7,0,1,0,0,0,0,1,0,0,0,0,1
_____________________________________________________
_____________________________________________________
126,0,0.0000,
0,7,0,1,0,0,0,0,1,0,0,0,0,1
0,7,0,1,0,0,0,0,1,0,0,1,0,1
_____________________________________________________
_____________________________________________________
127,0,0.0000,
0,7,0,1,0,0,0,0,1,0,0,1,0,1
0,7,0,1,0,0,0,0,1,0,0,1,0,1
_____________________________________________________
_____________________________________________________
128,0,0.0000,
0,7,0,1,0,0,0,0,1,0,0,1,0,1
0,7,0,1,0,0,0,0,1,0,0,1,0,1
_____________________________________________________
_____________________________________________________
129,0,0.0000,
0,7,0,1,0,0,0,0,1,0,0,1,0,1
0,7,0,1,0,0,0,0,1,0,0,1,0,1
_____________________________________________________
_____________________________________________________
130,0,0.0000,
0,7,0,1,0,0,0,0,1,0,0,1,0,1
1,6,0,1,0,0,0,0,1,0,0,1,0,1
_____________________________________________________
_____________________________________________________
131,7,0.0000,
1,6,0,1,0,0,0,0,1,0,0,1,0,1
0,7,0,1,0,0,0,0,0,0,0,1,0,1
_____________________________________________________
_____________________________________________________
132,0,0.0000,
0,7,0,1,0,0,0,0,0,0,0,1,0,1
0,7,0,1,0,0,0,0,0,0,0,1,0,1
_____________________________________________________
_____________________________________________________
133,0,0.0000,
0,7,0,1,0,0,0,0,0,0,0,1,0,1
1,6,0,1,0,0,0,0,0,0,1,1,0,1
_____________________________________________________
_____________________________________________________
134,2,0.0000,
1,6,0,1,0,0,0,0,0,0,1,1,0,1
0,7,0,0,0,0,0,0,0,0,1,1,0,1
_____________________________________________________
_____________________________________________________
135,0,0.0000,
0,7,0,0,0,0,0,0,0,0,1,1,0,1
0,7,0,0,0,0,0,0,0,0,1,1,0,1
_____________________________________________________
_____________________________________________________
136,0,0.0000,
0,7,0,0,0,0,0,0,0,0,1,1,0,1
1,6,0,0,0,0,0,0,0,0,1,1,0,1
_____________________________________________________
_____________________________________________________
137,12,0.0000,
1,6,0,0,0,0,0,0,0,0,1,1,0,1
0,7,0,0,0,0,0,0,0,0,1,0,0,0
_____________________________________________________
_____________________________________________________
138,0,0.0000,
0,7,0,0,0,0,0,0,0,0,1,0,0,0
1,6,0,0,0,0,0,0,0,0,1,0,0,0
_____________________________________________________
_____________________________________________________
139,9,0.0000,
1,6,0,0,0,0,0,0,0,0,1,0,0,0
0,6,0,0,0,0,0,0,0,0,0,0,0,0
_____________________________________________________
