_____________________________________________________
0,11,0.0000,
4,3,0,0,1,1,1,0,1,1,1,0,1,1
3,3,0,0,1,1,1,0,1,1,1,0,0,1
_____________________________________________________
_____________________________________________________
1,5,0.0000,
3,3,0,0,1,1,1,0,1,1,1,0,0,1
2,3,0,0,1,0,0,0,1,1,0,0,0,1
_____________________________________________________
_____________________________________________________
2,7,0.0000,
2,3,0,0,1,0,0,0,1,1,0,0,0,1
1,3,0,0,1,0,0,0,0,1,0,0,0,1
_____________________________________________________
_____________________________________________________
3,12,0.0000,
1,3,0,0,1,0,0,0,0,1,0,0,0,1
0,7,0,0,0,0,0,0,0,1,0,0,0,0
_____________________________________________________
_____________________________________________________
4,0,0.0000,
0,7,0,0,0,0,0,0,0,1,0,0,0,0
0,7,0,0,1,0,0,0,0,1,0,0,0,1
_____________________________________________________
_____________________________________________________
5,0,0.0000,
0,7,0,0,1,0,0,0,0,1,0,0,0,1
1,6,0,0,1,0,0,0,0,1,0,0,0,1
_____________________________________________________
_____________________________________________________
6,12,0.0000,
1,6,0,0,1,0,0,0,0,1,0,0,0,1
0,7,0,0,0,0,0,0,0,1,0,0,0,0
_____________________________________________________
_____________________________________________________
7,0,0.0000,
0,7,0,0,0,0,0,0,0,1,0,0,0,0
1,6,0,0,1,0,0,1,0,1,0,1,0,1
_____________________________________________________
_____________________________________________________
8,6,0.0000,
1,6,0,0,1,0,0,1,0,1,0,1,0,1
0,7,0,0,1,0,0,0,0,1,0,0,0,1
_____________________________________________________
_____________________________________________________
9,0,0.0000,
0,7,0,0,1,0,0,0,0,1,0,0,0,1
0,7,0,0,1,0,0,0,0,1,0,0,0,1
_____________________________________________________
_____________________________________________________
10,0,0.0000,
0,7,0,0,1,0,0,0,0,1,0,0,0,1
0,7,0,0,1,0,0,0,0,1,0,0,0,1
_____________________________________________________
_____________________________________________________
11,0,0.0000,
0,7,0,0,1,0,0,0,0,1,0,0,0,1
1,6,0,0,1,0,0,0,0,1,0,0,0,1
_____________________________________________________
_____________________________________________________
12,12,0.0000,
1,6,0,0,1,0,0,0,0,1,0,0,0,1
1,6,0,0,1,0,0,0,0,1,0,0,0,1
_____________________________________________________
_____________________________________________________
13,12,0.0000,
1,6,0,0,1,0,0,0,0,1,0,0,0,1
0,7,0,0,0,0,0,0,0,1,0,1,0,0
_____________________________________________________
_____________________________________________________
14,0,0.0000,
0,7,0,0,0,0,0,0,0,1,0,1,0,0
1,6,0,0,0,0,0,0,0,1,0,1,0,0
_____________________________________________________
_____________________________________________________
15,10,0.0000,
1,6,0,0,0,0,0,0,0,1,0,1,0,0
1,6,0,0,0,0,0,0,0,1,0,0,0,1
_____________________________________________________
_____________________________________________________
16,12,0.0000,
1,6,0,0,0,0,0,0,0,1,0,0,0,1
0,7,0,0,0,0,0,0,0,1,0,0,0,0
_____________________________________________________
_____________________________________________________
17,0,0.0000,
0,7,0,0,0,0,0,0,0,1,0,0,0,0
1,6,0,0,0,0,0,0,0,1,0,0,0,0
_____________________________________________________
_____________________________________________________
18,8,0.0000,
1,6,0,0,0,0,0,0,0,1,0,0,0,0
1,6,0,1,0,1,0,0,1,1,1,0,1,0
_____________________________________________________
_____________________________________________________
19,11,0.0000,
1,6,0,1,0,1,0,0,1,1,1,0,1,0
0,7,0,0,1,0,0,0,0,1,0,0,0,0
_____________________________________________________
_____________________________________________________
20,0,0.0000,
0,7,0,0,1,0,0,0,0,1,0,0,0,0
0,7,0,0,1,0,0,0,0,1,0,0,0,0
_____________________________________________________
_____________________________________________________
21,0,0.0000,
0,7,0,0,1,0,0,0,0,1,0,0,0,0
0,7,0,0,1,0,0,0,0,1,0,0,0,0
_____________________________________________________
_____________________________________________________
22,0,0.0000,
0,7,0,0,1,0,0,0,0,1,0,0,0,0
1,6,0,0,1,0,0,0,0,1,0,0,0,0
_____________________________________________________
_____________________________________________________
23,8,0.0000,
1,6,0,0,1,0,0,0,0,1,0,0,0,0
0,7,0,0,1,0,0,0,0,0,0,0,0,0
_____________________________________________________
_____________________________________________________
24,0,0.0000,
0,7,0,0,1,0,0,0,0,0,0,0,0,0
1,6,0,0,1,0,0,0,0,0,1,0,1,0
_____________________________________________________
_____________________________________________________
25,11,0.0000,
1,6,0,0,1,0,0,0,0,0,1,0,1,0
1,6,0,0,1,0,0,0,0,0,0,1,0,0
_____________________________________________________
_____________________________________________________
26,10,0.0000,
1,6,0,0,1,0,0,0,0,0,0,1,0,0
0,7,0,0,1,0,0,0,0,0,0,0,0,0
_____________________________________________________
_____________________________________________________
27,0,0.0000,
0,7,0,0,1,0,0,0,0,0,0,0,0,0
0,7,0,0,0,1,0,0,0,0,0,0,0,0
_____________________________________________________
_____________________________________________________
28,0,0.0000,
0,7,0,0,0,1,0,0,0,0,0,0,0,0
1,6,0,0,0,1,0,0,0,1,0,1,0,0
_____________________________________________________
_____________________________________________________
29,10,0.0000,
1,6,0,0,0,1,0,0,0,1,0,1,0,0
1,6,0,0,0,1,0,0,0,0,0,0,1,1
_____________________________________________________
_____________________________________________________
30,11,0.0000,
1,6,0,0,0,1,0,0,0,0,0,0,1,1
1,6,0,0,0,1,0,0,0,0,0,0,0,0
_____________________________________________________
_____________________________________________________
31,0,0.0000,
1,6,0,0,0,1,0,0,0,0,0,0,0,0
2,5,0,0,0,1,0,0,0,0,0,0,0,0
_____________________________________________________
_____________________________________________________
32,0,0.0000,
2,5,0,0,0,1,0,0,0,0,0,0,0,0
2,4,0,0,0,1,0,0,0,0,1,1,1,1
_____________________________________________________
_____________________________________________________
33,11,0.0000,
2,4,0,0,0,1,0,0,0,0,1,1,1,1
1,4,0,0,0,1,1,0,0,1,0,1,0,0
_____________________________________________________
_____________________________________________________
34,5,0.0000,
1,4,0,0,0,1,1,0,0,1,0,1,0,0
1,6,1,0,0,1,0,0,0,0,0,0,0,0
_____________________________________________________
_____________________________________________________
35,1,0.0000,
1,6,1,0,0,1,0,0,0,0,0,0,0,0
0,7,0,0,0,1,0,0,0,1,1,1,1,1
_____________________________________________________
_____________________________________________________
36,0,0.0000,
0,7,0,0,0,1,0,0,0,1,1,1,1,1
0,7,0,0,1,1,1,0,1,1,1,1,1,1
_____________________________________________________
_____________________________________________________
37,0,0.0000,
0,7,0,0,1,1,1,0,1,1,1,1,1,1
1,6,0,0,1,1,1,0,1,1,1,1,1,1
_____________________________________________________
_____________________________________________________
38,5,0.0000,
1,6,0,0,1,1,1,0,1,1,1,1,1,1
0,7,0,0,1,1,0,0,1,0,1,0,1,1
_____________________________________________________
_____________________________________________________
39,0,0.0000,
0,7,0,0,1,1,0,0,1,0,1,0,1,1
1,6,0,1,1,1,0,0,1,0,1,0,1,1
_____________________________________________________
_____________________________________________________
40,11,0.0000,
1,6,0,1,1,1,0,0,1,0,1,0,1,1
0,7,0,1,0,1,0,0,0,0,0,0,1,1
_____________________________________________________
_____________________________________________________
41,0,0.0000,
0,7,0,1,0,1,0,0,0,0,0,0,1,1
0,7,1,1,1,1,1,0,0,0,1,0,0,0
_____________________________________________________
_____________________________________________________
42,0,0.0000,
0,7,1,1,1,1,1,0,0,0,1,0,0,0
0,7,1,1,0,1,1,0,0,0,1,0,0,1
_____________________________________________________
_____________________________________________________
43,0,0.0000,
0,7,1,1,0,1,1,0,0,0,1,0,0,1
0,7,1,1,0,1,1,0,1,0,1,0,0,1
_____________________________________________________
_____________________________________________________
44,0,0.0000,
0,7,1,1,0,1,1,0,1,0,1,0,0,1
0,7,1,1,0,1,1,0,1,0,1,0,0,1
_____________________________________________________
_____________________________________________________
45,0,0.0000,
0,7,1,1,0,1,1,0,1,0,1,0,0,1
0,7,1,1,0,1,1,0,1,0,1,0,0,1
_____________________________________________________
_____________________________________________________
46,0,0.0000,
0,7,1,1,0,1,1,0,1,0,1,0,0,1
0,7,1,1,0,1,1,0,1,0,0,0,0,1
_____________________________________________________
_____________________________________________________
47,0,0.0000,
0,7,1,1,0,1,1,0,1,0,0,0,0,1
0,7,1,1,0,1,0,0,1,0,0,0,0,1
_____________________________________________________
_____________________________________________________
48,0,0.0000,
0,7,1,1,0,1,0,0,1,0,0,0,0,1
1,6,1,1,0,1,0,0,1,0,0,1,1,1
_____________________________________________________
_____________________________________________________
49,11,0.0000,
1,6,1,1,0,1,0,0,1,0,0,1,1,1
0,7,1,1,0,1,0,0,1,0,0,0,0,1
_____________________________________________________
_____________________________________________________
50,0,0.0000,
0,7,1,1,0,1,0,0,1,0,0,0,0,1
0,7,1,1,0,1,0,0,1,0,0,0,0,1
_____________________________________________________
_____________________________________________________
51,0,0.0000,
0,7,1,1,0,1,0,0,1,0,0,0,0,1
1,6,1,1,0,1,0,0,1,0,0,0,0,1
_____________________________________________________
_____________________________________________________
52,7,0.0000,
1,6,1,1,0,1,0,0,1,0,0,0,0,1
1,6,1,1,0,1,0,0,0,0,0,0,0,0
_____________________________________________________
_____________________________________________________
53,2,0.0000,
1,6,1,1,0,1,0,0,0,0,0,0,0,0
0,7,1,0,0,0,0,0,0,0,0,0,0,0
_____________________________________________________
_____________________________________________________
54,0,0.0000,
0,7,1,0,0,0,0,0,0,0,0,0,0,0
1,6,1,0,1,0,0,0,0,0,0,0,0,0
_____________________________________________________
_____________________________________________________
55,1,0.0000,
1,6,1,0,1,0,0,0,0,0,0,0,0,0
1,6,0,0,0,1,0,0,0,1,1,0,0,1
_____________________________________________________
_____________________________________________________
56,12,0.0000,
1,6,0,0,0,1,0,0,0,1,1,0,0,1
1,6,0,0,0,1,0,0,0,1,0,0,0,0
_____________________________________________________
_____________________________________________________
57,8,0.0000,
1,6,0,0,0,1,0,0,0,1,0,0,0,0
0,7,0,0,0,0,0,0,0,0,1,0,0,1
_____________________________________________________
_____________________________________________________
58,0,0.0000,
0,7,0,0,0,0,0,0,0,0,1,0,0,1
1,6,0,0,0,0,0,0,0,0,1,0,0,1
_____________________________________________________
_____________________________________________________
59,12,0.0000,
1,6,0,0,0,0,0,0,0,0,1,0,0,1
1,6,0,0,0,0,0,0,0,1,0,0,0,0
_____________________________________________________
_____________________________________________________
60,8,0.0000,
1,6,0,0,0,0,0,0,0,1,0,0,0,0
1,6,0,1,1,0,0,1,1,0,0,0,1,0
_____________________________________________________
_____________________________________________________
61,11,0.0000,
1,6,0,1,1,0,0,1,1,0,0,0,1,0
0,7,0,0,1,0,0,1,1,0,0,0,1,0
_____________________________________________________
_____________________________________________________
62,0,0.0000,
0,7,0,0,1,0,0,1,1,0,0,0,1,0
0,7,1,1,1,1,0,1,1,1,0,0,1,0
_____________________________________________________
_____________________________________________________
63,0,0.0000,
0,7,1,1,1,1,0,1,1,1,0,0,1,0
1,6,1,1,1,1,0,1,1,1,0,0,1,0
_____________________________________________________
_____________________________________________________
64,11,0.0000,
1,6,1,1,1,1,0,1,1,1,0,0,1,0
1,6,0,0,1,1,0,1,1,1,0,0,0,0
_____________________________________________________
_____________________________________________________
65,7,0.0000,
1,6,0,0,1,1,0,1,1,1,0,0,0,0
0,7,0,0,1,1,0,1,0,1,0,0,0,0
_____________________________________________________
_____________________________________________________
66,0,0.0000,
0,7,0,0,1,1,0,1,0,1,0,0,0,0
1,6,0,0,1,1,0,1,0,1,0,0,1,0
_____________________________________________________
_____________________________________________________
67,11,0.0000,
1,6,0,0,1,1,0,1,0,1,0,0,1,0
0,7,0,0,1,1,0,1,0,1,0,0,0,0
_____________________________________________________
_____________________________________________________
68,0,0.0000,
0,7,0,0,1,1,0,1,0,1,0,0,0,0
1,6,0,0,1,1,0,1,1,1,0,0,0,0
_____________________________________________________
_____________________________________________________
69,7,0.0000,
1,6,0,0,1,1,0,1,1,1,0,0,0,0
0,7,1,0,1,1,0,0,0,0,1,0,1,0
_____________________________________________________
_____________________________________________________
70,0,0.0000,
0,7,1,0,1,1,0,0,0,0,1,0,1,0
0,7,1,1,1,1,0,1,1,0,1,0,1,0
_____________________________________________________
_____________________________________________________
71,0,0.0000,
0,7,1,1,1,1,0,1,1,0,1,0,1,0
1,6,1,1,1,1,0,1,1,0,1,0,1,0
_____________________________________________________
_____________________________________________________
72,11,0.0000,
1,6,1,1,1,1,0,1,1,0,1,0,1,0
0,7,1,1,1,1,0,0,0,0,1,0,0,0
_____________________________________________________
_____________________________________________________
73,0,0.0000,
0,7,1,1,1,1,0,0,0,0,1,0,0,0
0,7,1,1,1,1,0,0,0,0,1,0,0,0
_____________________________________________________
_____________________________________________________
74,0,0.0000,
0,7,1,1,1,1,0,0,0,0,1,0,0,0
1,6,1,1,1,1,0,0,0,0,1,1,0,1
_____________________________________________________
_____________________________________________________
75,2,0.0000,
1,6,1,1,1,1,0,0,0,0,1,1,0,1
1,6,1,0,1,1,0,1,1,0,1,1,1,1
_____________________________________________________
_____________________________________________________
76,11,0.0000,
1,6,1,0,1,1,0,1,1,0,1,1,1,1
0,7,1,0,1,1,0,0,0,0,1,1,0,1
_____________________________________________________
_____________________________________________________
77,0,0.0000,
0,7,1,0,1,1,0,0,0,0,1,1,0,1
0,7,1,0,1,1,0,0,0,0,1,1,0,1
_____________________________________________________
_____________________________________________________
78,0,0.0000,
0,7,1,0,1,1,0,0,0,0,1,1,0,1
1,6,1,0,1,1,0,0,1,0,1,1,1,1
_____________________________________________________
_____________________________________________________
79,11,0.0000,
1,6,1,0,1,1,0,0,1,0,1,1,1,1
1,6,1,0,1,1,0,0,0,0,1,1,0,1
_____________________________________________________
_____________________________________________________
80,12,0.0000,
1,6,1,0,1,1,0,0,0,0,1,1,0,1
1,6,1,0,1,1,0,0,1,0,1,0,1,0
_____________________________________________________
_____________________________________________________
81,11,0.0000,
1,6,1,0,1,1,0,0,1,0,1,0,1,0
0,7,1,0,1,1,1,0,0,0,1,0,0,0
_____________________________________________________
_____________________________________________________
82,0,0.0000,
0,7,1,0,1,1,1,0,0,0,1,0,0,0
1,6,1,0,1,1,1,0,0,0,1,0,0,0
_____________________________________________________
_____________________________________________________
83,5,0.0000,
1,6,1,0,1,1,1,0,0,0,1,0,0,0
1,6,0,0,0,1,0,0,1,0,0,1,0,0
_____________________________________________________
_____________________________________________________
84,7,0.0000,
1,6,0,0,0,1,0,0,1,0,0,1,0,0
1,6,0,0,0,1,0,0,0,0,0,0,0,0
_____________________________________________________
_____________________________________________________
85,0,0.0000,
1,6,0,0,0,1,0,0,0,0,0,0,0,0
2,5,0,0,0,1,0,0,0,0,0,0,0,0
_____________________________________________________
_____________________________________________________
86,0,0.0000,
2,5,0,0,0,1,0,0,0,0,0,0,0,0
2,4,0,0,0,1,0,0,0,0,0,0,0,0
_____________________________________________________
_____________________________________________________
87,9,-1.0000,
2,4,0,0,0,1,0,0,0,0,0,0,0,0
2,4,0,0,0,1,0,0,0,0,1,0,0,0
_____________________________________________________
_____________________________________________________
88,9,0.0000,
2,4,0,0,0,1,0,0,0,0,1,0,0,0
1,5,1,0,0,1,0,0,0,0,0,0,1,0
_____________________________________________________
_____________________________________________________
89,11,0.0000,
1,5,1,0,0,1,0,0,0,0,0,0,1,0
1,6,0,0,0,1,0,0,0,0,0,0,0,0
_____________________________________________________
_____________________________________________________
90,0,0.0000,
1,6,0,0,0,1,0,0,0,0,0,0,0,0
2,5,0,0,0,1,0,0,1,0,0,1,0,0
_____________________________________________________
_____________________________________________________
91,7,0.0000,
2,5,0,0,0,1,0,0,1,0,0,1,0,0
1,5,0,0,0,1,0,0,0,0,0,0,0,0
_____________________________________________________
_____________________________________________________
92,0,0.0000,
1,5,0,0,0,1,0,0,0,0,0,0,0,0
2,4,0,0,0,1,0,0,0,0,0,0,0,0
_____________________________________________________
_____________________________________________________
93,9,-1.0000,
2,4,0,0,0,1,0,0,0,0,0,0,0,0
1,5,0,0,0,1,0,0,0,0,-1,0,0,0
_____________________________________________________
_____________________________________________________
94,9,0.0000,
1,5,0,0,0,1,0,0,0,0,-1,0,0,0
0,7,0,0,0,1,0,0,0,0,1,0,0,0
_____________________________________________________
_____________________________________________________
95,0,0.0000,
0,7,0,0,0,1,0,0,0,0,1,0,0,0
1,6,0,0,0,1,0,0,0,0,1,0,0,0
_____________________________________________________
_____________________________________________________
96,9,0.0000,
1,6,0,0,0,1,0,0,0,0,1,0,0,0
1,6,0,0,0,1,0,0,0,0,0,0,0,0
_____________________________________________________
_____________________________________________________
97,0,0.0000,
1,6,0,0,0,1,0,0,0,0,0,0,0,0
2,5,0,0,1,1,0,0,1,0,0,0,1,0
_____________________________________________________
_____________________________________________________
98,11,0.0000,
2,5,0,0,1,1,0,0,1,0,0,0,1,0
1,5,0,0,1,1,0,0,0,1,0,0,0,0
_____________________________________________________
_____________________________________________________
99,8,0.0000,
1,5,0,0,1,1,0,0,0,1,0,0,0,0
1,6,0,0,1,1,0,0,0,0,0,0,0,0
_____________________________________________________
_____________________________________________________
100,3,0.0000,
1,6,0,0,1,1,0,0,0,0,0,0,0,0
0,7,0,0,1,1,0,0,0,0,0,0,0,0
_____________________________________________________
_____________________________________________________
101,0,0.0000,
0,7,0,0,1,1,0,0,0,0,0,0,0,0
0,7,0,0,1,1,0,0,0,0,0,0,0,0
_____________________________________________________
_____________________________________________________
102,0,0.0000,
0,7,0,0,1,1,0,0,0,0,0,0,0,0
0,7,0,0,1,1,0,0,0,0,1,1,0,1
_____________________________________________________
_____________________________________________________
103,0,0.0000,
0,7,0,0,1,1,0,0,0,0,1,1,0,1
0,7,0,0,1,1,0,0,0,1,1,1,0,1
_____________________________________________________
_____________________________________________________
104,0,0.0000,
0,7,0,0,1,1,0,0,0,1,1,1,0,1
0,7,0,0,1,1,0,0,0,1,1,1,0,1
_____________________________________________________
_____________________________________________________
105,0,0.0000,
0,7,0,0,1,1,0,0,0,1,1,1,0,1
1,6,0,0,1,1,0,0,0,1,1,1,0,1
_____________________________________________________
_____________________________________________________
106,12,0.0000,
1,6,0,0,1,1,0,0,0,1,1,1,0,1
1,6,0,0,1,1,0,0,0,1,1,1,0,0
_____________________________________________________
_____________________________________________________
107,9,0.0000,
1,6,0,0,1,1,0,0,0,1,1,1,0,0
0,7,0,0,1,1,0,0,0,1,0,0,0,0
_____________________________________________________
_____________________________________________________
108,0,0.0000,
0,7,0,0,1,1,0,0,0,1,0,0,0,0
1,6,1,0,1,1,0,0,0,1,0,0,0,0
_____________________________________________________
_____________________________________________________
109,8,0.0000,
1,6,1,0,1,1,0,0,0,1,0,0,0,0
0,7,1,0,1,1,0,0,0,0,0,0,0,0
_____________________________________________________
_____________________________________________________
110,0,0.0000,
0,7,1,0,1,1,0,0,0,0,0,0,0,0
1,6,1,0,1,1,0,0,0,1,0,0,0,0
_____________________________________________________
_____________________________________________________
111,8,0.0000,
1,6,1,0,1,1,0,0,0,1,0,0,0,0
0,7,0,0,0,0,1,0,0,1,0,0,0,0
_____________________________________________________
_____________________________________________________
112,0,0.0000,
0,7,0,0,0,0,1,0,0,1,0,0,0,0
0,7,0,0,0,0,1,0,0,1,0,0,0,0
_____________________________________________________
_____________________________________________________
113,0,0.0000,
0,7,0,0,0,0,1,0,0,1,0,0,0,0
1,6,0,0,0,0,1,1,0,0,0,0,1,0
_____________________________________________________
_____________________________________________________
114,11,0.0000,
1,6,0,0,0,0,1,1,0,0,0,0,1,0
1,6,0,1,0,0,0,0,0,0,0,0,0,0
_____________________________________________________
_____________________________________________________
115,2,0.0000,
1,6,0,1,0,0,0,0,0,0,0,0,0,0
0,7,1,0,1,0,0,0,0,0,0,0,0,0
_____________________________________________________
_____________________________________________________
116,0,0.0000,
0,7,1,0,1,0,0,0,0,0,0,0,0,0
1,6,1,0,1,0,0,0,0,0,0,0,1,0
_____________________________________________________
_____________________________________________________
117,11,0.0000,
1,6,1,0,1,0,0,0,0,0,0,0,1,0
0,7,1,0,1,0,1,0,0,1,0,0,0,0
_____________________________________________________
_____________________________________________________
118,0,0.0000,
0,7,1,0,1,0,1,0,0,1,0,0,0,0
0,7,1,0,1,0,1,0,0,1,0,1,0,0
_____________________________________________________
_____________________________________________________
119,0,0.0000,
0,7,1,0,1,0,1,0,0,1,0,1,0,0
0,7,1,0,1,0,1,0,0,1,1,1,0,1
_____________________________________________________
_____________________________________________________
120,0,0.0000,
0,7,1,0,1,0,1,0,0,1,1,1,0,1
1,6,1,0,1,0,1,0,0,1,1,1,0,1
_____________________________________________________
_____________________________________________________
121,5,0.0000,
1,6,1,0,1,0,1,0,0,1,1,1,0,1
1,6,1,0,1,0,0,0,0,0,1,1,0,1
_____________________________________________________
_____________________________________________________
122,12,0.0000,
1,6,1,0,1,0,0,0,0,0,1,1,0,1
0,7,1,0,1,0,0,0,0,1,0,1,0,0
_____________________________________________________
_____________________________________________________
123,0,0.0000,
0,7,1,0,1,0,0,0,0,1,0,1,0,0
0,7,1,0,1,0,1,0,0,1,0,1,0,0
_____________________________________________________
_____________________________________________________
124,0,0.0000,
0,7,1,0,1,0,1,0,0,1,0,1,0,0
1,6,1,1,1,0,1,0,0,1,0,1,0,0
_____________________________________________________
_____________________________________________________
125,5,0.0000,
1,6,1,1,1,0,1,0,0,1,0,1,0,0
1,6,0,1,1,0,0,0,0,0,1,0,0,1
_____________________________________________________
_____________________________________________________
126,2,0.0000,
1,6,0,1,1,0,0,0,0,0,1,0,0,1
0,7,0,0,1,0,0,0,0,0,1,0,0,1
_____________________________________________________
_____________________________________________________
127,0,0.0000,
0,7,0,0,1,0,0,0,0,0,1,0,0,1
0,7,0,0,1,0,0,0,0,0,1,1,0,1
_____________________________________________________
_____________________________________________________
128,0,0.0000,
0,7,0,0,1,0,0,0,0,0,1,1,0,1
0,7,0,0,0,0,1,0,1,1,1,1,0,0
_____________________________________________________
_____________________________________________________
129,0,0.0000,
0,7,0,0,0,0,1,0,1,1,1,1,0,0
1,6,0,0,0,0,1,0,1,1,1,1,0,0
_____________________________________________________
_____________________________________________________
130,5,0.0000,
1,6,0,0,0,0,1,0,1,1,1,1,0,0
0,7,0,0,0,0,0,0,0,0,0,0,0,0
_____________________________________________________
_____________________________________________________
131,0,0.0000,
0,7,0,0,0,0,0,0,0,0,0,0,0,0
1,6,0,0,1,0,0,0,0,0,0,0,0,1
_____________________________________________________
_____________________________________________________
132,12,0.0000,
1,6,0,0,1,0,0,0,0,0,0,0,0,1
0,7,0,0,0,0,0,0,0,0,0,0,0,0
_____________________________________________________
_____________________________________________________
133,0,0.0000,
0,7,0,0,0,0,0,0,0,0,0,0,0,0
1,6,0,0,0,0,0,0,0,0,0,0,0,0
_____________________________________________________
_____________________________________________________
134,0,0.0000,
1,6,0,0,0,0,0,0,0,0,0,0,0,0
2,5,0,0,0,0,0,0,0,0,0,0,1,1
_____________________________________________________
_____________________________________________________
135,11,0.0000,
2,5,0,0,0,0,0,0,0,0,0,0,1,1
2,5,0,0,1,0,0,0,0,0,0,0,0,1
_____________________________________________________
_____________________________________________________
136,12,0.0000,
2,5,0,0,1,0,0,0,0,0,0,0,0,1
1,5,0,0,0,0,0,0,0,0,0,0,0,0
_____________________________________________________
_____________________________________________________
137,0,0.0000,
1,5,0,0,0,0,0,0,0,0,0,0,0,0
2,4,0,0,0,0,0,0,0,0,0,0,0,0
_____________________________________________________
_____________________________________________________
138,9,-1.0000,
2,4,0,0,0,0,0,0,0,0,0,0,0,0
2,5,0,0,0,0,0,0,0,0,-1,0,0,0
_____________________________________________________
_____________________________________________________
139,9,0.0000,
2,5,0,0,0,0,0,0,0,0,-1,0,0,0
1,5,0,0,0,0,0,0,0,0,0,0,0,0
_____________________________________________________
