_____________________________________________________
0,11,0.0000,
6,2,1,1,1,1,1,1,1,1,1,1,1,1
6,2,1,1,1,1,1,1,1,0,0,1,0,1
_____________________________________________________
_____________________________________________________
1,5,0.0000,
6,2,1,1,1,1,1,1,1,0,0,1,0,1
5,2,1,1,1,0,0,1,1,0,0,1,0,1
_____________________________________________________
_____________________________________________________
2,7,0.0000,
5,2,1,1,1,0,0,1,1,0,0,1,0,1
4,2,1,1,1,1,1,1,0,0,0,1,0,1
_____________________________________________________
_____________________________________________________
3,5,0.0000,
4,2,1,1,1,1,1,1,0,0,0,1,0,1
4,2,1,1,1,0,0,0,0,0,0,1,0,1
_____________________________________________________
_____________________________________________________
4,2,0.0000,
4,2,1,1,1,0,0,0,0,0,0,1,0,1
4,1,1,0,0,0,0,0,0,0,0,1,0,1
_____________________________________________________
_____________________________________________________
5,12,0.0000,
4,1,1,0,0,0,0,0,0,0,0,1,0,1
3,1,1,0,0,0,0,0,0,0,0,1,0,0
_____________________________________________________
_____________________________________________________
6,9,-1.0000,
3,1,1,0,0,0,0,0,0,0,0,1,0,0
2,3,1,0,0,0,0,0,0,1,1,1,1,0
_____________________________________________________
_____________________________________________________
7,11,0.0000,
2,3,1,0,0,0,0,0,0,1,1,1,1,0
2,3,1,0,0,0,0,1,0,0,0,1,0,1
_____________________________________________________
_____________________________________________________
8,6,0.0000,
2,3,1,0,0,0,0,1,0,0,0,1,0,1
2,5,1,0,0,0,0,0,0,0,0,1,0,1
_____________________________________________________
_____________________________________________________
9,12,0.0000,
2,5,1,0,0,0,0,0,0,0,0,1,0,1
2,5,1,0,0,0,0,0,0,0,0,1,0,0
_____________________________________________________
_____________________________________________________
10,1,0.0000,
2,5,1,0,0,0,0,0,0,0,0,1,0,0
1,5,0,0,0,0,0,0,0,0,0,1,0,0
_____________________________________________________
_____________________________________________________
11,10,0.0000,
1,5,0,0,0,0,0,0,0,0,0,1,0,0
0,7,0,0,0,0,0,0,0,0,0,0,0,1
_____________________________________________________
_____________________________________________________
12,0,0.0000,
0,7,0,0,0,0,0,0,0,0,0,0,0,1
0,7,0,0,0,0,0,1,0,0,0,0,0,1
_____________________________________________________
_____________________________________________________
13,0,0.0000,
0,7,0,0,0,0,0,1,0,0,0,0,0,1
0,7,0,0,0,1,0,1,1,1,0,1,1,1
_____________________________________________________
_____________________________________________________
14,0,0.0000,
0,7,0,0,0,1,0,1,1,1,0,1,1,1
0,7,0,0,1,1,0,1,1,1,0,1,1,1
_____________________________________________________
_____________________________________________________
15,0,0.0000,
0,7,0,0,1,1,0,1,1,1,0,1,1,1
0,7,0,0,1,1,0,1,1,1,0,1,1,1
_____________________________________________________
_____________________________________________________
16,0,0.0000,
0,7,0,0,1,1,0,1,1,1,0,1,1,1
1,6,0,0,1,1,0,1,1,1,0,1,1,1
_____________________________________________________
_____________________________________________________
17,11,0.0000,
1,6,0,0,1,1,0,1,1,1,0,1,1,1
1,6,0,0,1,1,0,1,1,1,0,1,0,1
_____________________________________________________
_____________________________________________________
18,7,0.0000,
1,6,0,0,1,1,0,1,1,1,0,1,0,1
0,7,0,0,0,1,0,1,0,0,0,1,0,1
_____________________________________________________
_____________________________________________________
19,0,0.0000,
0,7,0,0,0,1,0,1,0,0,0,1,0,1
0,7,0,0,0,1,0,1,0,0,0,1,0,1
_____________________________________________________
_____________________________________________________
20,0,0.0000,
0,7,0,0,0,1,0,1,0,0,0,1,0,1
1,6,0,0,0,1,0,1,0,0,0,1,0,1
_____________________________________________________
_____________________________________________________
21,6,0.0000,
1,6,0,0,0,1,0,1,0,0,0,1,0,1
0,7,0,0,0,1,0,0,1,1,0,1,0,1
_____________________________________________________
_____________________________________________________
22,0,0.0000,
0,7,0,0,0,1,0,0,1,1,0,1,0,1
0,7,0,0,1,1,0,0,1,1,0,1,0,1
_____________________________________________________
_____________________________________________________
23,0,0.0000,
0,7,0,0,1,1,0,0,1,1,0,1,0,1
0,7,0,0,1,1,0,0,1,1,0,1,0,1
_____________________________________________________
_____________________________________________________
24,0,0.0000,
0,7,0,0,1,1,0,0,1,1,0,1,0,1
1,6,0,0,1,1,0,0,1,1,0,1,1,1
_____________________________________________________
_____________________________________________________
25,11,0.0000,
1,6,0,0,1,1,0,0,1,1,0,1,1,1
0,7,0,0,1,1,0,1,1,1,0,1,0,1
_____________________________________________________
_____________________________________________________
26,0,0.0000,
0,7,0,0,1,1,0,1,1,1,0,1,0,1
1,6,0,0,1,1,0,1,1,1,0,1,0,1
_____________________________________________________
_____________________________________________________
27,7,0.0000,
1,6,0,0,1,1,0,1,1,1,0,1,0,1
0,7,0,1,1,0,0,1,0,0,1,1,1,0
_____________________________________________________
_____________________________________________________
28,0,0.0000,
0,7,0,1,1,0,0,1,0,0,1,1,1,0
0,7,0,1,1,0,0,1,0,0,1,1,1,0
_____________________________________________________
_____________________________________________________
29,0,0.0000,
0,7,0,1,1,0,0,1,0,0,1,1,1,0
1,6,0,1,1,0,0,1,0,0,1,1,1,0
_____________________________________________________
_____________________________________________________
30,11,0.0000,
1,6,0,1,1,0,0,1,0,0,1,1,1,0
0,7,0,1,0,0,0,1,0,0,1,1,0,0
_____________________________________________________
_____________________________________________________
31,0,0.0000,
0,7,0,1,0,0,0,1,0,0,1,1,0,0
0,7,0,1,0,0,0,1,0,0,1,1,0,0
_____________________________________________________
_____________________________________________________
32,0,0.0000,
0,7,0,1,0,0,0,1,0,0,1,1,0,0
0,7,1,1,0,0,0,1,0,0,1,1,0,1
_____________________________________________________
_____________________________________________________
33,0,0.0000,
0,7,1,1,0,0,0,1,0,0,1,1,0,1
1,6,1,1,0,1,0,1,0,1,1,1,0,1
_____________________________________________________
_____________________________________________________
34,6,0.0000,
1,6,1,1,0,1,0,1,0,1,1,1,0,1
0,7,1,1,0,1,0,0,0,1,1,0,0,1
_____________________________________________________
_____________________________________________________
35,0,0.0000,
0,7,1,1,0,1,0,0,0,1,1,0,0,1
1,6,1,1,0,1,0,0,0,1,1,1,0,1
_____________________________________________________
_____________________________________________________
36,2,0.0000,
1,6,1,1,0,1,0,0,0,1,1,1,0,1
1,6,1,0,0,1,0,1,0,1,1,1,0,1
_____________________________________________________
_____________________________________________________
37,6,0.0000,
1,6,1,0,0,1,0,1,0,1,1,1,0,1
1,6,1,0,0,1,0,0,0,1,1,0,0,1
_____________________________________________________
_____________________________________________________
38,12,0.0000,
1,6,1,0,0,1,0,0,0,1,1,0,0,1
0,7,0,0,1,1,0,0,0,1,1,0,1,0
_____________________________________________________
_____________________________________________________
39,0,0.0000,
0,7,0,0,1,1,0,0,0,1,1,0,1,0
1,6,0,0,1,1,0,0,0,1,1,0,1,0
_____________________________________________________
_____________________________________________________
40,11,0.0000,
1,6,0,0,1,1,0,0,0,1,1,0,1,0
0,7,0,0,0,1,0,0,0,1,1,0,0,0
_____________________________________________________
_____________________________________________________
41,0,0.0000,
0,7,0,0,0,1,0,0,0,1,1,0,0,0
1,6,1,0,0,0,0,0,1,1,1,1,1,0
_____________________________________________________
_____________________________________________________
42,11,0.0000,
1,6,1,0,0,0,0,0,1,1,1,1,1,0
1,6,1,0,0,0,0,0,1,1,1,1,1,0
_____________________________________________________
_____________________________________________________
43,11,0.0000,
1,6,1,0,0,0,0,0,1,1,1,1,1,0
0,7,1,0,0,0,0,0,0,1,1,1,0,0
_____________________________________________________
_____________________________________________________
44,0,0.0000,
0,7,1,0,0,0,0,0,0,1,1,1,0,0
0,7,1,0,0,0,0,0,0,1,1,1,1,0
_____________________________________________________
_____________________________________________________
45,0,0.0000,
0,7,1,0,0,0,0,0,0,1,1,1,1,0
1,6,1,1,0,0,1,0,1,1,1,1,1,0
_____________________________________________________
_____________________________________________________
46,11,0.0000,
1,6,1,1,0,0,1,0,1,1,1,1,1,0
0,7,1,1,0,0,1,0,0,1,1,1,0,0
_____________________________________________________
_____________________________________________________
47,0,0.0000,
0,7,1,1,0,0,1,0,0,1,1,1,0,0
1,6,1,1,0,0,1,0,1,1,1,1,1,0
_____________________________________________________
_____________________________________________________
48,11,0.0000,
1,6,1,1,0,0,1,0,1,1,1,1,1,0
0,7,1,1,0,0,1,0,0,1,1,1,0,0
_____________________________________________________
_____________________________________________________
49,0,0.0000,
0,7,1,1,0,0,1,0,0,1,1,1,0,0
0,7,1,1,0,0,1,0,0,1,1,1,1,0
_____________________________________________________
_____________________________________________________
50,0,0.0000,
0,7,1,1,0,0,1,0,0,1,1,1,1,0
1,6,1,1,1,0,1,1,1,1,1,1,1,0
_____________________________________________________
_____________________________________________________
51,9,0.0000,
1,6,1,1,1,0,1,1,1,1,1,1,1,0
1,6,1,1,1,1,1,1,1,1,0,1,1,0
_____________________________________________________
_____________________________________________________
52,11,0.0000,
1,6,1,1,1,1,1,1,1,1,0,1,1,0
0,7,1,1,1,1,1,1,1,1,1,1,1,0
_____________________________________________________
_____________________________________________________
53,0,0.0000,
0,7,1,1,1,1,1,1,1,1,1,1,1,0
0,7,1,1,1,1,1,1,1,1,1,1,1,0
_____________________________________________________
_____________________________________________________
54,0,0.0000,
0,7,1,1,1,1,1,1,1,1,1,1,1,0
1,6,1,1,1,1,1,1,1,1,1,1,1,0
_____________________________________________________
_____________________________________________________
55,2,0.0000,
1,6,1,1,1,1,1,1,1,1,1,1,1,0
0,7,0,1,0,0,0,1,0,1,1,1,0,1
_____________________________________________________
_____________________________________________________
56,0,0.0000,
0,7,0,1,0,0,0,1,0,1,1,1,0,1
1,6,0,1,1,1,0,1,0,1,1,1,1,1
_____________________________________________________
_____________________________________________________
57,11,0.0000,
1,6,0,1,1,1,0,1,0,1,1,1,1,1
0,7,0,1,0,0,0,1,0,1,1,1,0,1
_____________________________________________________
_____________________________________________________
58,0,0.0000,
0,7,0,1,0,0,0,1,0,1,1,1,0,1
1,6,0,1,0,0,0,1,0,1,1,1,1,1
_____________________________________________________
_____________________________________________________
59,11,0.0000,
1,6,0,1,0,0,0,1,0,1,1,1,1,1
1,6,0,1,0,0,0,1,0,1,1,1,0,1
_____________________________________________________
_____________________________________________________
60,6,0.0000,
1,6,0,1,0,0,0,1,0,1,1,1,0,1
0,7,0,1,0,0,0,0,0,1,1,0,1,1
_____________________________________________________
_____________________________________________________
61,0,0.0000,
0,7,0,1,0,0,0,0,0,1,1,0,1,1
1,6,0,1,1,1,0,0,0,1,1,0,1,1
_____________________________________________________
_____________________________________________________
62,11,0.0000,
1,6,0,1,1,1,0,0,0,1,1,0,1,1
1,6,1,1,0,0,1,1,0,1,1,1,0,1
_____________________________________________________
_____________________________________________________
63,5,0.0000,
1,6,1,1,0,0,1,1,0,1,1,1,0,1
0,7,0,1,1,1,0,1,0,1,1,1,1,1
_____________________________________________________
_____________________________________________________
64,0,0.0000,
0,7,0,1,1,1,0,1,0,1,1,1,1,1
1,6,0,1,1,1,0,1,0,1,1,1,1,1
_____________________________________________________
_____________________________________________________
65,11,0.0000,
1,6,0,1,1,1,0,1,0,1,1,1,1,1
0,7,0,1,0,0,0,1,0,1,1,1,0,1
_____________________________________________________
_____________________________________________________
66,0,0.0000,
0,7,0,1,0,0,0,1,0,1,1,1,0,1
0,7,0,1,1,1,0,1,0,1,1,1,1,1
_____________________________________________________
_____________________________________________________
67,0,0.0000,
0,7,0,1,1,1,0,1,0,1,1,1,1,1
1,6,0,1,1,1,0,1,0,1,1,1,1,1
_____________________________________________________
_____________________________________________________
68,11,0.0000,
1,6,0,1,1,1,0,1,0,1,1,1,1,1
0,7,1,1,0,0,1,1,0,1,1,1,0,1
_____________________________________________________
_____________________________________________________
69,0,0.0000,
0,7,1,1,0,0,1,1,0,1,1,1,0,1
0,7,0,1,1,1,1,0,0,1,1,0,0,0
_____________________________________________________
_____________________________________________________
70,0,0.0000,
0,7,0,1,1,1,1,0,0,1,1,0,0,0
1,6,0,1,1,1,1,0,0,1,1,0,0,0
_____________________________________________________
_____________________________________________________
71,5,0.0000,
1,6,0,1,1,1,1,0,0,1,1,0,0,0
1,6,0,1,1,1,0,0,0,1,1,1,0,0
_____________________________________________________
_____________________________________________________
72,2,0.0000,
1,6,0,1,1,1,0,0,0,1,1,1,0,0
1,6,0,0,1,0,0,1,0,1,1,1,0,0
_____________________________________________________
_____________________________________________________
73,6,0.0000,
1,6,0,0,1,0,0,1,0,1,1,1,0,0
0,7,0,0,1,0,0,0,0,1,1,0,0,0
_____________________________________________________
_____________________________________________________
74,0,0.0000,
0,7,0,0,1,0,0,0,0,1,1,0,0,0
1,6,0,1,1,1,0,0,0,1,1,0,0,0
_____________________________________________________
_____________________________________________________
75,9,0.0000,
1,6,0,1,1,1,0,0,0,1,1,0,0,0
0,7,0,1,1,1,1,0,0,1,0,0,0,0
_____________________________________________________
_____________________________________________________
76,0,0.0000,
0,7,0,1,1,1,1,0,0,1,0,0,0,0
0,7,0,1,1,1,1,1,0,1,0,1,0,1
_____________________________________________________
_____________________________________________________
77,0,0.0000,
0,7,0,1,1,1,1,1,0,1,0,1,0,1
1,6,0,1,1,1,1,1,0,1,0,1,0,1
_____________________________________________________
_____________________________________________________
78,5,0.0000,
1,6,0,1,1,1,1,1,0,1,0,1,0,1
0,7,0,1,1,1,0,1,0,1,1,1,0,1
_____________________________________________________
_____________________________________________________
79,0,0.0000,
0,7,0,1,1,1,0,1,0,1,1,1,0,1
1,6,1,1,1,1,0,1,1,1,1,1,1,1
_____________________________________________________
_____________________________________________________
80,11,0.0000,
1,6,1,1,1,1,0,1,1,1,1,1,1,1
1,6,0,1,1,1,0,1,0,1,1,1,0,1
_____________________________________________________
_____________________________________________________
81,6,0.0000,
1,6,0,1,1,1,0,1,0,1,1,1,0,1
1,6,0,1,1,1,0,1,0,1,1,1,0,1
_____________________________________________________
_____________________________________________________
82,6,0.0000,
1,6,0,1,1,1,0,1,0,1,1,1,0,1
1,6,0,1,1,1,0,0,0,1,1,0,0,1
_____________________________________________________
_____________________________________________________
83,2,0.0000,
1,6,0,1,1,1,0,0,0,1,1,0,0,1
1,6,1,0,1,1,0,0,1,1,0,0,1,0
_____________________________________________________
_____________________________________________________
84,11,0.0000,
1,6,1,0,1,1,0,0,1,1,0,0,1,0
0,7,1,0,1,1,0,0,0,0,0,0,0,0
_____________________________________________________
_____________________________________________________
85,0,0.0000,
0,7,1,0,1,1,0,0,0,0,0,0,0,0
0,7,1,0,1,1,0,1,0,0,0,0,0,1
_____________________________________________________
_____________________________________________________
86,0,0.0000,
0,7,1,0,1,1,0,1,0,0,0,0,0,1
0,7,1,0,1,1,0,1,0,0,0,0,0,1
_____________________________________________________
_____________________________________________________
87,0,0.0000,
0,7,1,0,1,1,0,1,0,0,0,0,0,1
1,6,1,0,1,1,0,1,0,1,0,0,1,1
_____________________________________________________
_____________________________________________________
88,11,0.0000,
1,6,1,0,1,1,0,1,0,1,0,0,1,1
0,7,1,0,1,1,0,1,0,0,0,1,0,1
_____________________________________________________
_____________________________________________________
89,0,0.0000,
0,7,1,0,1,1,0,1,0,0,0,1,0,1
1,6,1,0,1,1,1,1,0,0,0,1,0,1
_____________________________________________________
_____________________________________________________
90,5,0.0000,
1,6,1,0,1,1,1,1,0,0,0,1,0,1
1,6,1,0,1,1,0,1,1,1,0,0,1,1
_____________________________________________________
_____________________________________________________
91,11,0.0000,
1,6,1,0,1,1,0,1,1,1,0,0,1,1
0,7,1,0,1,1,0,1,0,0,0,0,0,1
_____________________________________________________
_____________________________________________________
92,0,0.0000,
0,7,1,0,1,1,0,1,0,0,0,0,0,1
1,6,1,0,1,1,0,1,0,0,0,0,1,1
_____________________________________________________
_____________________________________________________
93,11,0.0000,
1,6,1,0,1,1,0,1,0,0,0,0,1,1
1,6,1,0,1,1,0,1,0,0,0,0,0,1
_____________________________________________________
_____________________________________________________
94,12,0.0000,
1,6,1,0,1,1,0,1,0,0,0,0,0,1
0,7,1,0,1,1,0,0,0,0,0,0,0,0
_____________________________________________________
_____________________________________________________
95,0,0.0000,
0,7,1,0,1,1,0,0,0,0,0,0,0,0
1,6,1,0,1,1,0,0,0,0,0,0,0,0
_____________________________________________________
_____________________________________________________
96,1,0.0000,
1,6,1,0,1,1,0,0,0,0,0,0,0,0
1,6,0,0,1,0,0,1,0,0,0,0,1,1
_____________________________________________________
_____________________________________________________
97,11,0.0000,
1,6,0,0,1,0,0,1,0,0,0,0,1,1
1,6,0,0,0,1,1,0,1,1,1,1,1,1
_____________________________________________________
_____________________________________________________
98,11,0.0000,
1,6,0,0,0,1,1,0,1,1,1,1,1,1
0,7,0,0,0,1,1,0,1,1,1,1,0,1
_____________________________________________________
_____________________________________________________
99,0,0.0000,
0,7,0,0,0,1,1,0,1,1,1,1,0,1
1,6,0,0,0,1,1,0,1,1,1,1,0,1
_____________________________________________________
_____________________________________________________
100,5,0.0000,
1,6,0,0,0,1,1,0,1,1,1,1,0,1
0,7,0,0,0,1,0,1,0,1,1,1,0,1
_____________________________________________________
_____________________________________________________
101,0,0.0000,
0,7,0,0,0,1,0,1,0,1,1,1,0,1
1,6,0,0,0,1,0,1,0,1,1,1,0,1
_____________________________________________________
_____________________________________________________
102,6,0.0000,
1,6,0,0,0,1,0,1,0,1,1,1,0,1
1,6,0,0,0,1,0,0,0,1,1,1,0,1
_____________________________________________________
_____________________________________________________
103,12,0.0000,
1,6,0,0,0,1,0,0,0,1,1,1,0,1
0,7,0,1,0,0,0,0,0,0,1,1,0,0
_____________________________________________________
_____________________________________________________
104,0,0.0000,
0,7,0,1,0,0,0,0,0,0,1,1,0,0
1,6,0,1,0,0,0,0,0,1,1,1,0,1
_____________________________________________________
_____________________________________________________
105,2,0.0000,
1,6,0,1,0,0,0,0,0,1,1,1,0,1
0,7,0,0,0,1,1,1,1,1,1,1,0,1
_____________________________________________________
_____________________________________________________
106,0,0.0000,
0,7,0,0,0,1,1,1,1,1,1,1,0,1
0,7,0,0,0,1,1,1,1,1,1,1,0,1
_____________________________________________________
_____________________________________________________
107,0,0.0000,
0,7,0,0,0,1,1,1,1,1,1,1,0,1
0,7,0,0,1,1,1,1,1,1,1,1,0,1
_____________________________________________________
_____________________________________________________
108,0,0.0000,
0,7,0,0,1,1,1,1,1,1,1,1,0,1
1,6,0,0,1,1,1,1,1,1,1,1,0,1
_____________________________________________________
_____________________________________________________
109,5,0.0000,
1,6,0,0,1,1,1,1,1,1,1,1,0,1
0,7,0,0,1,1,0,1,0,1,1,1,0,1
_____________________________________________________
_____________________________________________________
110,0,0.0000,
0,7,0,0,1,1,0,1,0,1,1,1,0,1
0,7,0,0,1,1,0,1,1,1,1,1,0,1
_____________________________________________________
_____________________________________________________
111,0,0.0000,
0,7,0,0,1,1,0,1,1,1,1,1,0,1
1,6,1,1,1,1,1,0,1,1,1,0,1,1
_____________________________________________________
_____________________________________________________
112,11,0.0000,
1,6,1,1,1,1,1,0,1,1,1,0,1,1
0,7,1,1,1,1,1,0,1,0,1,0,0,1
_____________________________________________________
_____________________________________________________
113,0,0.0000,
0,7,1,1,1,1,1,0,1,0,1,0,0,1
0,7,1,1,1,1,1,0,1,0,1,0,0,1
_____________________________________________________
_____________________________________________________
114,0,0.0000,
0,7,1,1,1,1,1,0,1,0,1,0,0,1
1,6,1,1,1,1,1,0,1,0,1,0,0,1
_____________________________________________________
_____________________________________________________
115,5,0.0000,
1,6,1,1,1,1,1,0,1,0,1,0,0,1
0,7,1,1,1,1,0,0,1,0,1,0,0,1
_____________________________________________________
_____________________________________________________
116,0,0.0000,
0,7,1,1,1,1,0,0,1,0,1,0,0,1
0,7,1,1,1,1,0,0,1,0,1,0,0,1
_____________________________________________________
_____________________________________________________
117,0,0.0000,
0,7,1,1,1,1,0,0,1,0,1,0,0,1
1,6,1,1,1,1,0,0,1,0,1,0,0,1
_____________________________________________________
_____________________________________________________
118,7,0.0000,
1,6,1,1,1,1,0,0,1,0,1,0,0,1
1,6,1,1,1,1,0,0,0,0,1,0,1,0
_____________________________________________________
_____________________________________________________
119,11,0.0000,
1,6,1,1,1,1,0,0,0,0,1,0,1,0
1,6,1,1,1,1,0,0,0,0,1,1,0,0
_____________________________________________________
_____________________________________________________
120,2,0.0000,
1,6,1,1,1,1,0,0,0,0,1,1,0,0
1,6,1,0,1,1,0,0,0,0,1,1,0,0
_____________________________________________________
_____________________________________________________
121,9,0.0000,
1,6,1,0,1,1,0,0,0,0,1,1,0,0
1,6,1,0,0,1,0,0,0,0,0,1,0,0
_____________________________________________________
_____________________________________________________
122,10,0.0000,
1,6,1,0,0,1,0,0,0,0,0,1,0,0
1,6,1,0,0,1,0,0,0,0,0,0,0,0
_____________________________________________________
_____________________________________________________
123,1,0.0000,
1,6,1,0,0,1,0,0,0,0,0,0,0,0
1,6,0,0,0,1,0,0,0,0,0,0,0,0
_____________________________________________________
_____________________________________________________
124,0,0.0000,
1,6,0,0,0,1,0,0,0,0,0,0,0,0
2,5,0,0,0,1,0,0,0,0,0,0,0,0
_____________________________________________________
_____________________________________________________
125,0,0.0000,
2,5,0,0,0,1,0,0,0,0,0,0,0,0
3,4,0,1,0,0,0,1,0,0,0,1,0,0
_____________________________________________________
_____________________________________________________
126,6,0.0000,
3,4,0,1,0,0,0,1,0,0,0,1,0,0
2,4,0,0,0,0,0,1,0,0,0,1,1,0
_____________________________________________________
_____________________________________________________
127,11,0.0000,
2,4,0,0,0,0,0,1,0,0,0,1,1,0
2,4,0,1,0,0,0,1,0,0,0,1,0,0
_____________________________________________________
_____________________________________________________
128,6,0.0000,
2,4,0,1,0,0,0,1,0,0,0,1,0,0
1,5,0,0,0,0,0,1,0,0,0,1,0,0
_____________________________________________________
_____________________________________________________
129,6,0.0000,
1,5,0,0,0,0,0,1,0,0,0,1,0,0
1,6,0,0,0,0,0,0,0,0,0,1,0,0
_____________________________________________________
_____________________________________________________
130,10,0.0000,
1,6,0,0,0,0,0,0,0,0,0,1,0,0
0,7,1,0,0,0,0,1,0,0,0,1,0,0
_____________________________________________________
_____________________________________________________
131,0,0.0000,
0,7,1,0,0,0,0,1,0,0,0,1,0,0
1,6,1,1,0,0,0,1,0,0,0,1,0,0
_____________________________________________________
_____________________________________________________
132,6,0.0000,
1,6,1,1,0,0,0,1,0,0,0,1,0,0
0,7,1,0,0,0,0,0,0,0,0,1,0,0
_____________________________________________________
_____________________________________________________
133,0,0.0000,
0,7,1,0,0,0,0,0,0,0,0,1,0,0
0,7,1,1,0,0,0,1,0,0,0,1,0,0
_____________________________________________________
_____________________________________________________
134,0,0.0000,
0,7,1,1,0,0,0,1,0,0,0,1,0,0
1,6,1,1,0,0,0,1,0,0,0,1,1,0
_____________________________________________________
_____________________________________________________
135,11,0.0000,
1,6,1,1,0,0,0,1,0,0,0,1,1,0
0,7,1,1,0,0,0,1,0,0,0,1,0,0
_____________________________________________________
_____________________________________________________
136,0,0.0000,
0,7,1,1,0,0,0,1,0,0,0,1,0,0
0,7,1,1,0,0,0,1,0,0,1,1,1,0
_____________________________________________________
_____________________________________________________
137,0,0.0000,
0,7,1,1,0,0,0,1,0,0,1,1,1,0
0,7,1,1,1,0,1,1,1,0,1,1,1,0
_____________________________________________________
_____________________________________________________
138,0,0.0000,
0,7,1,1,1,0,1,1,1,0,1,1,1,0
1,6,1,1,1,0,1,1,1,0,1,1,1,0
_____________________________________________________
_____________________________________________________
139,5,0.0000,
1,6,1,1,1,0,1,1,1,0,1,1,1,0
0,6,0,0,0,0,0,0,0,0,0,0,0,0
_____________________________________________________
