_____________________________________________________
0,11,0.0000,
4,4,1,1,1,1,1,1,1,1,1,1,1,1
3,4,0,1,1,1,0,1,1,1,1,1,0,1
_____________________________________________________
_____________________________________________________
1,7,0.0000,
3,4,0,1,1,1,0,1,1,1,1,1,0,1
3,4,0,1,1,1,0,1,0,1,1,1,0,1
_____________________________________________________
_____________________________________________________
2,6,0.0000,
3,4,0,1,1,1,0,1,0,1,1,1,0,1
3,3,0,1,1,1,0,0,0,1,0,1,0,1
_____________________________________________________
_____________________________________________________
3,12,0.0000,
3,3,0,1,1,1,0,0,0,1,0,1,0,1
3,4,0,1,1,1,0,1,0,1,1,1,0,0
_____________________________________________________
_____________________________________________________
4,6,0.0000,
3,4,0,1,1,1,0,1,0,1,1,1,0,0
2,4,0,1,1,1,0,0,0,1,0,0,0,1
_____________________________________________________
_____________________________________________________
5,12,0.0000,
2,4,0,1,1,1,0,0,0,1,0,0,0,1
1,4,0,1,1,1,0,1,0,1,1,1,0,0
_____________________________________________________
_____________________________________________________
6,6,0.0000,
1,4,0,1,1,1,0,1,0,1,1,1,0,0
0,7,0,1,1,1,0,0,0,1,0,0,0,0
_____________________________________________________
_____________________________________________________
7,0,0.0000,
0,7,0,1,1,1,0,0,0,1,0,0,0,0
1,6,0,1,1,1,0,0,0,1,1,1,0,0
_____________________________________________________
_____________________________________________________
8,2,0.0000,
1,6,0,1,1,1,0,0,0,1,1,1,0,0
0,7,0,0,1,1,0,1,0,1,1,1,0,0
_____________________________________________________
_____________________________________________________
9,0,0.0000,
0,7,0,0,1,1,0,1,0,1,1,1,0,0
1,6,0,0,1,1,0,1,0,1,1,1,0,0
_____________________________________________________
_____________________________________________________
10,6,0.0000,
1,6,0,0,1,1,0,1,0,1,1,1,0,0
0,7,0,0,1,1,0,1,0,1,1,1,0,1
_____________________________________________________
_____________________________________________________
11,0,0.0000,
0,7,0,0,1,1,0,1,0,1,1,1,0,1
0,7,0,0,1,1,0,1,0,1,1,1,0,1
_____________________________________________________
_____________________________________________________
12,0,0.0000,
0,7,0,0,1,1,0,1,0,1,1,1,0,1
0,7,0,0,1,1,0,1,0,1,1,1,0,1
_____________________________________________________
_____________________________________________________
13,0,0.0000,
0,7,0,0,1,1,0,1,0,1,1,1,0,1
0,7,1,1,0,1,1,0,1,1,1,1,0,0
_____________________________________________________
_____________________________________________________
14,0,0.0000,
0,7,1,1,0,1,1,0,1,1,1,1,0,0
1,6,1,1,0,1,1,0,1,1,1,1,0,0
_____________________________________________________
_____________________________________________________
15,5,0.0000,
1,6,1,1,0,1,1,0,1,1,1,1,0,0
0,7,1,1,0,1,0,0,1,1,1,1,0,0
_____________________________________________________
_____________________________________________________
16,0,0.0000,
0,7,1,1,0,1,0,0,1,1,1,1,0,0
0,7,1,1,0,1,0,0,1,1,1,1,1,0
_____________________________________________________
_____________________________________________________
17,0,0.0000,
0,7,1,1,0,1,0,0,1,1,1,1,1,0
1,6,1,1,0,1,0,1,1,1,1,1,1,0
_____________________________________________________
_____________________________________________________
18,11,0.0000,
1,6,1,1,0,1,0,1,1,1,1,1,1,0
1,6,1,1,0,1,0,0,1,1,1,1,0,0
_____________________________________________________
_____________________________________________________
19,2,0.0000,
1,6,1,1,0,1,0,0,1,1,1,1,0,0
0,7,0,0,0,0,0,0,1,0,1,0,0,0
_____________________________________________________
_____________________________________________________
20,0,0.0000,
0,7,0,0,0,0,0,0,1,0,1,0,0,0
1,6,0,0,0,0,0,0,1,0,1,0,0,0
_____________________________________________________
_____________________________________________________
21,7,0.0000,
1,6,0,0,0,0,0,0,1,0,1,0,0,0
1,6,0,0,0,0,0,0,1,0,1,0,0,0
_____________________________________________________
_____________________________________________________
22,7,0.0000,
1,6,0,0,0,0,0,0,1,0,1,0,0,0
1,6,0,0,0,0,0,0,0,0,1,0,0,0
_____________________________________________________
_____________________________________________________
23,9,0.0000,
1,6,0,0,0,0,0,0,0,0,1,0,0,0
0,7,0,0,0,0,0,0,0,0,0,0,0,0
_____________________________________________________
_____________________________________________________
24,0,0.0000,
0,7,0,0,0,0,0,0,0,0,0,0,0,0
1,6,0,0,0,0,0,0,0,0,0,0,0,0
_____________________________________________________
_____________________________________________________
25,0,0.0000,
1,6,0,0,0,0,0,0,0,0,0,0,0,0
2,5,0,0,0,0,0,0,0,0,0,0,0,0
_____________________________________________________
_____________________________________________________
26,9,-1.0000,
2,5,0,0,0,0,0,0,0,0,0,0,0,0
2,5,0,0,0,0,0,0,0,0,-1,0,0,0
_____________________________________________________
_____________________________________________________
27,9,0.0000,
2,5,0,0,0,0,0,0,0,0,-1,0,0,0
1,5,1,1,0,1,0,0,1,1,1,1,1,0
_____________________________________________________
_____________________________________________________
28,11,0.0000,
1,5,1,1,0,1,0,0,1,1,1,1,1,0
1,6,1,0,0,1,0,0,1,1,1,1,1,1
_____________________________________________________
_____________________________________________________
29,11,0.0000,
1,6,1,0,0,1,0,0,1,1,1,1,1,1
1,6,1,0,1,0,0,0,1,1,1,1,0,1
_____________________________________________________
_____________________________________________________
30,7,0.0000,
1,6,1,0,1,0,0,0,1,1,1,1,0,1
0,7,1,0,1,1,0,0,1,1,1,1,1,1
_____________________________________________________
_____________________________________________________
31,0,0.0000,
0,7,1,0,1,1,0,0,1,1,1,1,1,1
0,7,1,1,1,1,1,1,1,1,1,1,1,1
_____________________________________________________
_____________________________________________________
32,0,0.0000,
0,7,1,1,1,1,1,1,1,1,1,1,1,1
0,7,1,1,1,1,1,1,1,1,1,1,1,1
_____________________________________________________
_____________________________________________________
33,0,0.0000,
0,7,1,1,1,1,1,1,1,1,1,1,1,1
0,7,1,1,1,1,1,1,1,1,1,1,1,1
_____________________________________________________
_____________________________________________________
34,0,0.0000,
0,7,1,1,1,1,1,1,1,1,1,1,1,1
0,7,1,1,1,1,1,1,1,1,1,1,1,1
_____________________________________________________
_____________________________________________________
35,0,0.0000,
0,7,1,1,1,1,1,1,1,1,1,1,1,1
1,6,1,1,1,1,1,1,1,1,1,1,1,1
_____________________________________________________
_____________________________________________________
36,2,0.0000,
1,6,1,1,1,1,1,1,1,1,1,1,1,1
1,6,1,0,1,1,1,1,1,1,1,1,1,1
_____________________________________________________
_____________________________________________________
37,5,0.0000,
1,6,1,0,1,1,1,1,1,1,1,1,1,1
1,6,1,1,1,1,0,1,1,1,1,1,1,1
_____________________________________________________
_____________________________________________________
38,11,0.0000,
1,6,1,1,1,1,0,1,1,1,1,1,1,1
1,6,1,1,1,1,0,1,1,1,1,1,1,1
_____________________________________________________
_____________________________________________________
39,11,0.0000,
1,6,1,1,1,1,0,1,1,1,1,1,1,1
0,7,1,0,1,1,0,1,1,1,1,1,1,1
_____________________________________________________
_____________________________________________________
40,0,0.0000,
0,7,1,0,1,1,0,1,1,1,1,1,1,1
1,6,1,1,1,1,0,1,1,1,1,1,1,1
_____________________________________________________
_____________________________________________________
41,2,0.0000,
1,6,1,1,1,1,0,1,1,1,1,1,1,1
0,7,1,1,1,0,1,1,1,1,0,1,1,1
_____________________________________________________
_____________________________________________________
42,0,0.0000,
0,7,1,1,1,0,1,1,1,1,0,1,1,1
1,6,1,1,1,0,1,1,1,1,0,1,1,1
_____________________________________________________
_____________________________________________________
43,11,0.0000,
1,6,1,1,1,0,1,1,1,1,0,1,1,1
1,6,1,0,1,0,1,1,1,0,0,1,0,1
_____________________________________________________
_____________________________________________________
44,5,0.0000,
1,6,1,0,1,0,1,1,1,0,0,1,0,1
0,7,1,0,1,0,0,1,1,1,0,1,1,1
_____________________________________________________
_____________________________________________________
45,0,0.0000,
0,7,1,0,1,0,0,1,1,1,0,1,1,1
0,7,1,1,1,0,0,1,1,1,0,1,1,1
_____________________________________________________
_____________________________________________________
46,0,0.0000,
0,7,1,1,1,0,0,1,1,1,0,1,1,1
0,7,1,1,1,0,0,1,1,1,0,1,1,1
_____________________________________________________
_____________________________________________________
47,0,0.0000,
0,7,1,1,1,0,0,1,1,1,0,1,1,1
1,6,1,1,1,0,0,1,1,1,0,1,1,1
_____________________________________________________
_____________________________________________________
48,11,0.0000,
1,6,1,1,1,0,0,1,1,1,0,1,1,1
0,7,1,0,1,0,0,1,1,0,0,1,0,1
_____________________________________________________
_____________________________________________________
49,0,0.0000,
0,7,1,0,1,0,0,1,1,0,0,1,0,1
1,6,1,0,1,0,0,1,1,0,0,1,0,1
_____________________________________________________
_____________________________________________________
50,7,0.0000,
1,6,1,0,1,0,0,1,1,0,0,1,0,1
1,6,0,1,1,0,0,1,1,1,0,1,1,1
_____________________________________________________
_____________________________________________________
51,11,0.0000,
1,6,0,1,1,0,0,1,1,1,0,1,1,1
0,7,1,0,1,0,1,1,1,0,1,1,1,1
_____________________________________________________
_____________________________________________________
52,0,0.0000,
0,7,1,0,1,0,1,1,1,0,1,1,1,1
0,7,1,1,1,0,1,1,1,1,1,1,1,1
_____________________________________________________
_____________________________________________________
53,0,0.0000,
0,7,1,1,1,0,1,1,1,1,1,1,1,1
0,7,1,1,1,0,1,1,1,1,1,1,1,1
_____________________________________________________
_____________________________________________________
54,0,0.0000,
0,7,1,1,1,0,1,1,1,1,1,1,1,1
0,7,1,1,1,0,1,1,1,1,1,1,1,1
_____________________________________________________
_____________________________________________________
55,0,0.0000,
0,7,1,1,1,0,1,1,1,1,1,1,1,1
0,7,0,1,1,0,1,1,0,0,1,1,1,1
_____________________________________________________
_____________________________________________________
56,0,0.0000,
0,7,0,1,1,0,1,1,0,0,1,1,1,1
1,6,0,1,1,1,1,1,1,1,1,1,1,1
_____________________________________________________
_____________________________________________________
57,2,0.0000,
1,6,0,1,1,1,1,1,1,1,1,1,1,1
0,7,1,1,1,1,1,1,1,1,1,1,1,1
_____________________________________________________
_____________________________________________________
58,0,0.0000,
0,7,1,1,1,1,1,1,1,1,1,1,1,1
1,6,1,1,1,1,1,1,1,1,1,1,1,1
_____________________________________________________
_____________________________________________________
59,2,0.0000,
1,6,1,1,1,1,1,1,1,1,1,1,1,1
1,6,1,0,0,1,1,1,1,1,1,1,1,1
_____________________________________________________
_____________________________________________________
60,11,0.0000,
1,6,1,0,0,1,1,1,1,1,1,1,1,1
1,6,1,1,1,1,1,1,0,1,1,1,0,1
_____________________________________________________
_____________________________________________________
61,5,0.0000,
1,6,1,1,1,1,1,1,0,1,1,1,0,1
1,6,1,1,1,1,0,1,0,1,1,1,0,1
_____________________________________________________
_____________________________________________________
62,2,0.0000,
1,6,1,1,1,1,0,1,0,1,1,1,0,1
1,6,1,0,0,1,0,1,0,1,1,0,0,1
_____________________________________________________
_____________________________________________________
63,6,0.0000,
1,6,1,0,0,1,0,1,0,1,1,0,0,1
0,7,1,1,1,1,0,0,0,1,1,1,0,1
_____________________________________________________
_____________________________________________________
64,0,0.0000,
0,7,1,1,1,1,0,0,0,1,1,1,0,1
0,7,1,1,1,1,0,0,0,1,1,1,0,1
_____________________________________________________
_____________________________________________________
65,0,0.0000,
0,7,1,1,1,1,0,0,0,1,1,1,0,1
0,7,1,1,1,1,0,0,0,1,1,1,0,1
_____________________________________________________
_____________________________________________________
66,0,0.0000,
0,7,1,1,1,1,0,0,0,1,1,1,0,1
1,6,1,1,1,1,0,0,0,1,1,1,0,1
_____________________________________________________
_____________________________________________________
67,2,0.0000,
1,6,1,1,1,1,0,0,0,1,1,1,0,1
0,7,1,0,0,1,0,0,0,1,1,0,0,1
_____________________________________________________
_____________________________________________________
68,0,0.0000,
0,7,1,0,0,1,0,0,0,1,1,0,0,1
1,6,1,0,0,1,0,0,0,1,1,0,0,1
_____________________________________________________
_____________________________________________________
69,12,0.0000,
1,6,1,0,0,1,0,0,0,1,1,0,0,1
0,7,0,0,0,1,0,0,0,1,0,0,0,0
_____________________________________________________
_____________________________________________________
70,0,0.0000,
0,7,0,0,0,1,0,0,0,1,0,0,0,0
0,7,1,0,0,1,1,0,1,1,0,1,0,0
_____________________________________________________
_____________________________________________________
71,0,0.0000,
0,7,1,0,0,1,1,0,1,1,0,1,0,0
1,6,1,1,0,1,1,0,1,1,0,1,0,0
_____________________________________________________
_____________________________________________________
72,5,0.0000,
1,6,1,1,0,1,1,0,1,1,0,1,0,0
1,6,0,1,0,1,0,0,0,1,0,1,1,0
_____________________________________________________
_____________________________________________________
73,11,0.0000,
1,6,0,1,0,1,0,0,0,1,0,1,1,0
1,6,0,1,0,1,0,0,0,1,0,1,0,0
_____________________________________________________
_____________________________________________________
74,2,0.0000,
1,6,0,1,0,1,0,0,0,1,0,1,0,0
1,6,0,0,0,1,0,0,0,1,0,1,0,0
_____________________________________________________
_____________________________________________________
75,10,0.0000,
1,6,0,0,0,1,0,0,0,1,0,1,0,0
1,6,0,0,0,1,0,0,0,1,0,0,0,0
_____________________________________________________
_____________________________________________________
76,8,0.0000,
1,6,0,0,0,1,0,0,0,1,0,0,0,0
1,6,0,0,0,1,0,0,0,0,0,0,0,0
_____________________________________________________
_____________________________________________________
77,0,0.0000,
1,6,0,0,0,1,0,0,0,0,0,0,0,0
1,5,0,0,0,1,0,0,0,0,0,0,0,0
_____________________________________________________
_____________________________________________________
78,0,0.0000,
1,5,0,0,0,1,0,0,0,0,0,0,0,0
1,4,0,1,0,1,0,0,0,0,0,1,0,0
_____________________________________________________
_____________________________________________________
79,2,0.0000,
1,4,0,1,0,1,0,0,0,0,0,1,0,0
1,6,0,0,0,1,0,0,0,0,0,0,0,0
_____________________________________________________
_____________________________________________________
80,0,0.0000,
1,6,0,0,0,1,0,0,0,0,0,0,0,0
1,5,0,0,0,1,0,0,0,0,0,0,0,0
_____________________________________________________
_____________________________________________________
81,0,0.0000,
1,5,0,0,0,1,0,0,0,0,0,0,0,0
2,4,0,1,0,1,0,0,0,0,0,1,0,0
_____________________________________________________
_____________________________________________________
82,2,0.0000,
2,4,0,1,0,1,0,0,0,0,0,1,0,0
1,5,1,0,0,1,1,0,1,0,0,0,1,0
_____________________________________________________
_____________________________________________________
83,11,0.0000,
1,5,1,0,0,1,1,0,1,0,0,0,1,0
0,7,1,1,1,0,0,0,0,0,1,1,0,1
_____________________________________________________
_____________________________________________________
84,0,0.0000,
0,7,1,1,1,0,0,0,0,0,1,1,0,1
1,6,1,1,1,1,0,0,0,0,1,1,0,1
_____________________________________________________
_____________________________________________________
85,2,0.0000,
1,6,1,1,1,1,0,0,0,0,1,1,0,1
1,6,1,0,1,1,0,0,0,0,1,1,0,1
_____________________________________________________
_____________________________________________________
86,12,0.0000,
1,6,1,0,1,1,0,0,0,0,1,1,0,1
0,7,1,0,1,1,0,0,0,0,1,1,0,1
_____________________________________________________
_____________________________________________________
87,0,0.0000,
0,7,1,0,1,1,0,0,0,0,1,1,0,1
0,7,1,0,1,1,0,0,0,1,1,1,0,1
_____________________________________________________
_____________________________________________________
88,0,0.0000,
0,7,1,0,1,1,0,0,0,1,1,1,0,1
1,6,1,0,1,1,1,0,0,1,1,1,0,1
_____________________________________________________
_____________________________________________________
89,5,0.0000,
1,6,1,0,1,1,1,0,0,1,1,1,0,1
0,7,1,0,1,1,0,0,0,0,1,1,0,1
_____________________________________________________
_____________________________________________________
90,0,0.0000,
0,7,1,0,1,1,0,0,0,0,1,1,0,1
1,6,1,0,1,1,0,0,0,0,1,1,0,1
_____________________________________________________
_____________________________________________________
91,12,0.0000,
1,6,1,0,1,1,0,0,0,0,1,1,0,1
0,7,1,0,1,1,0,0,0,0,1,1,0,1
_____________________________________________________
_____________________________________________________
92,0,0.0000,
0,7,1,0,1,1,0,0,0,0,1,1,0,1
1,6,1,0,1,1,0,0,1,0,1,1,0,1
_____________________________________________________
_____________________________________________________
93,7,0.0000,
1,6,1,0,1,1,0,0,1,0,1,1,0,1
0,7,1,1,1,1,0,0,0,0,1,1,0,1
_____________________________________________________
_____________________________________________________
94,0,0.0000,
0,7,1,1,1,1,0,0,0,0,1,1,0,1
0,7,1,1,1,1,0,0,0,0,1,1,0,1
_____________________________________________________
_____________________________________________________
95,0,0.0000,
0,7,1,1,1,1,0,0,0,0,1,1,0,1
1,6,1,1,1,1,0,0,0,0,1,1,0,1
_____________________________________________________
_____________________________________________________
96,2,0.0000,
1,6,1,1,1,1,0,0,0,0,1,1,0,1
0,7,1,0,1,1,0,0,0,0,1,1,0,1
_____________________________________________________
_____________________________________________________
97,0,0.0000,
0,7,1,0,1,1,0,0,0,0,1,1,0,1
0,7,0,1,1,1,0,1,1,0,1,1,1,1
_____________________________________________________
_____________________________________________________
98,0,0.0000,
0,7,0,1,1,1,0,1,1,0,1,1,1,1
0,7,0,1,1,1,0,1,1,0,1,1,1,1
_____________________________________________________
_____________________________________________________
99,0,0.0000,
0,7,0,1,1,1,0,1,1,0,1,1,1,1
1,6,0,1,1,1,1,1,1,0,1,1,1,1
_____________________________________________________
_____________________________________________________
100,5,0.0000,
1,6,0,1,1,1,1,1,1,0,1,1,1,1
1,6,0,1,1,1,0,1,1,0,1,1,1,1
_____________________________________________________
_____________________________________________________
101,11,0.0000,
1,6,0,1,1,1,0,1,1,0,1,1,1,1
1,6,0,1,1,1,0,1,0,0,1,0,0,0
_____________________________________________________
_____________________________________________________
102,9,0.0000,
1,6,0,1,1,1,0,1,0,0,1,0,0,0
0,7,0,0,1,1,0,1,0,0,0,0,0,0
_____________________________________________________
_____________________________________________________
103,0,0.0000,
0,7,0,0,1,1,0,1,0,0,0,0,0,0
1,6,0,0,1,1,0,1,0,0,0,0,0,0
_____________________________________________________
_____________________________________________________
104,6,0.0000,
1,6,0,0,1,1,0,1,0,0,0,0,0,0
1,6,0,0,1,1,0,1,0,0,0,0,0,0
_____________________________________________________
_____________________________________________________
105,6,0.0000,
1,6,0,0,1,1,0,1,0,0,0,0,0,0
0,7,0,0,1,1,0,0,0,0,0,0,0,0
_____________________________________________________
_____________________________________________________
106,0,0.0000,
0,7,0,0,1,1,0,0,0,0,0,0,0,0
0,7,0,0,1,1,0,0,0,0,0,1,1,1
_____________________________________________________
_____________________________________________________
107,0,0.0000,
0,7,0,0,1,1,0,0,0,0,0,1,1,1
0,7,0,0,1,1,0,0,1,0,0,1,1,1
_____________________________________________________
_____________________________________________________
108,0,0.0000,
0,7,0,0,1,1,0,0,1,0,0,1,1,1
1,6,0,0,1,1,0,0,1,0,0,1,1,1
_____________________________________________________
_____________________________________________________
109,11,0.0000,
1,6,0,0,1,1,0,0,1,0,0,1,1,1
0,7,0,0,1,1,0,0,0,0,0,0,0,0
_____________________________________________________
_____________________________________________________
110,0,0.0000,
0,7,0,0,1,1,0,0,0,0,0,0,0,0
1,6,0,0,1,1,0,0,0,0,0,0,0,0
_____________________________________________________
_____________________________________________________
111,3,0.0000,
1,6,0,0,1,1,0,0,0,0,0,0,0,0
0,7,0,0,0,0,0,0,0,1,0,0,0,0
_____________________________________________________
_____________________________________________________
112,0,0.0000,
0,7,0,0,0,0,0,0,0,1,0,0,0,0
0,7,0,0,0,0,0,0,0,1,0,0,0,0
_____________________________________________________
_____________________________________________________
113,0,0.0000,
0,7,0,0,0,0,0,0,0,1,0,0,0,0
0,7,0,0,0,0,0,0,0,1,0,0,0,0
_____________________________________________________
_____________________________________________________
114,0,0.0000,
0,7,0,0,0,0,0,0,0,1,0,0,0,0
0,7,0,0,0,0,0,0,0,1,0,0,0,0
_____________________________________________________
_____________________________________________________
115,0,0.0000,
0,7,0,0,0,0,0,0,0,1,0,0,0,0
0,7,0,0,0,0,1,0,0,1,0,0,1,1
_____________________________________________________
_____________________________________________________
116,0,0.0000,
0,7,0,0,0,0,1,0,0,1,0,0,1,1
0,7,0,0,1,0,1,0,0,1,0,1,1,1
_____________________________________________________
_____________________________________________________
117,0,0.0000,
0,7,0,0,1,0,1,0,0,1,0,1,1,1
0,7,0,0,1,1,1,1,0,1,1,1,1,1
_____________________________________________________
_____________________________________________________
118,0,0.0000,
0,7,0,0,1,1,1,1,0,1,1,1,1,1
0,7,0,0,1,1,1,1,0,1,1,1,1,1
_____________________________________________________
_____________________________________________________
119,0,0.0000,
0,7,0,0,1,1,1,1,0,1,1,1,1,1
1,6,0,0,1,1,1,1,0,1,1,1,1,1
_____________________________________________________
_____________________________________________________
120,11,0.0000,
1,6,0,0,1,1,1,1,0,1,1,1,1,1
1,6,0,0,1,1,1,1,0,1,1,1,0,1
_____________________________________________________
_____________________________________________________
121,5,0.0000,
1,6,0,0,1,1,1,1,0,1,1,1,0,1
1,6,0,0,0,1,0,1,0,1,1,1,0,0
_____________________________________________________
_____________________________________________________
122,6,0.0000,
1,6,0,0,0,1,0,1,0,1,1,1,0,0
1,6,0,0,0,0,0,0,0,1,0,0,0,0
_____________________________________________________
_____________________________________________________
123,8,0.0000,
1,6,0,0,0,0,0,0,0,1,0,0,0,0
1,6,0,0,0,0,0,0,0,1,0,0,0,0
_____________________________________________________
_____________________________________________________
124,8,0.0000,
1,6,0,0,0,0,0,0,0,1,0,0,0,0
0,7,0,0,0,0,0,0,0,0,0,0,0,0
_____________________________________________________
_____________________________________________________
125,0,0.0000,
0,7,0,0,0,0,0,0,0,0,0,0,0,0
0,7,0,0,0,0,0,0,0,0,0,0,0,0
_____________________________________________________
_____________________________________________________
126,0,0.0000,
0,7,0,0,0,0,0,0,0,0,0,0,0,0
1,6,0,0,0,0,1,0,0,0,0,1,0,0
_____________________________________________________
_____________________________________________________
127,5,0.0000,
1,6,0,0,0,0,1,0,0,0,0,1,0,0
1,6,1,0,0,1,0,1,0,1,0,1,0,0
_____________________________________________________
_____________________________________________________
128,6,0.0000,
1,6,1,0,0,1,0,1,0,1,0,1,0,0
1,6,0,0,0,0,0,0,0,1,0,1,0,0
_____________________________________________________
_____________________________________________________
129,8,0.0000,
1,6,0,0,0,0,0,0,0,1,0,1,0,0
0,7,0,0,0,0,0,0,0,0,0,0,0,0
_____________________________________________________
_____________________________________________________
130,0,0.0000,
0,7,0,0,0,0,0,0,0,0,0,0,0,0
1,6,1,1,0,1,1,1,0,0,0,0,0,0
_____________________________________________________
_____________________________________________________
131,5,0.0000,
1,6,1,1,0,1,1,1,0,0,0,0,0,0
1,6,1,0,0,1,0,1,0,0,0,1,0,0
_____________________________________________________
_____________________________________________________
132,6,0.0000,
1,6,1,0,0,1,0,1,0,0,0,1,0,0
1,6,0,0,0,0,0,0,0,1,0,1,0,0
_____________________________________________________
_____________________________________________________
133,8,0.0000,
1,6,0,0,0,0,0,0,0,1,0,1,0,0
1,6,0,0,0,0,1,0,0,0,0,0,0,0
_____________________________________________________
_____________________________________________________
134,5,0.0000,
1,6,0,0,0,0,1,0,0,0,0,0,0,0
1,6,0,0,0,0,0,0,0,0,0,0,0,0
_____________________________________________________
_____________________________________________________
135,0,0.0000,
1,6,0,0,0,0,0,0,0,0,0,0,0,0
1,5,0,0,0,0,0,0,0,0,0,1,0,0
_____________________________________________________
_____________________________________________________
136,10,0.0000,
1,5,0,0,0,0,0,0,0,0,0,1,0,0
1,6,0,0,0,0,0,0,0,0,0,0,0,0
_____________________________________________________
_____________________________________________________
137,0,0.0000,
1,6,0,0,0,0,0,0,0,0,0,0,0,0
2,5,0,1,0,0,1,0,0,0,0,0,0,0
_____________________________________________________
_____________________________________________________
138,5,0.0000,
2,5,0,1,0,0,1,0,0,0,0,0,0,0
1,5,0,0,0,0,0,0,0,0,0,0,0,0
_____________________________________________________
_____________________________________________________
139,0,0.0000,
1,5,0,0,0,0,0,0,0,0,0,0,0,0
1,5,0,0,0,0,0,0,0,0,0,0,0,0
_____________________________________________________
