_____________________________________________________
0,11,0.0000,
1,6,0,0,1,1,0,0,1,1,1,1,1,0
0,7,0,0,1,1,0,0,1,1,1,1,0,0
_____________________________________________________
_____________________________________________________
1,0,0.0000,
0,7,0,0,1,1,0,0,1,1,1,1,0,0
1,6,0,0,1,1,0,0,1,1,1,1,0,0
_____________________________________________________
_____________________________________________________
2,7,0.0000,
1,6,0,0,1,1,0,0,1,1,1,1,0,0
0,7,0,0,1,1,0,0,0,1,1,1,0,0
_____________________________________________________
_____________________________________________________
3,0,0.0000,
0,7,0,0,1,1,0,0,0,1,1,1,0,0
0,7,0,0,1,1,0,0,0,1,1,1,0,0
_____________________________________________________
_____________________________________________________
4,0,0.0000,
0,7,0,0,1,1,0,0,0,1,1,1,0,0
0,7,0,0,1,1,0,0,1,1,1,1,0,0
_____________________________________________________
_____________________________________________________
5,0,0.0000,
0,7,0,0,1,1,0,0,1,1,1,1,0,0
1,6,0,0,1,1,0,0,1,1,1,1,0,0
_____________________________________________________
_____________________________________________________
6,7,0.0000,
1,6,0,0,1,1,0,0,1,1,1,1,0,0
1,6,0,0,1,1,0,0,0,1,1,0,0,0
_____________________________________________________
_____________________________________________________
7,9,0.0000,
1,6,0,0,1,1,0,0,0,1,1,0,0,0
1,6,0,0,1,1,0,0,0,0,0,0,0,0
_____________________________________________________
_____________________________________________________
8,3,0.0000,
1,6,0,0,1,1,0,0,0,0,0,0,0,0
0,7,0,0,0,0,0,0,0,0,0,0,0,0
_____________________________________________________
_____________________________________________________
9,0,0.0000,
0,7,0,0,0,0,0,0,0,0,0,0,0,0
1,6,0,0,0,0,0,0,0,0,0,0,0,0
_____________________________________________________
_____________________________________________________
10,0,0.0000,
1,6,0,0,0,0,0,0,0,0,0,0,0,0
2,5,1,0,0,0,1,1,0,0,0,0,0,0
_____________________________________________________
_____________________________________________________
11,5,0.0000,
2,5,1,0,0,0,1,1,0,0,0,0,0,0
2,5,0,0,0,0,0,0,0,0,0,0,0,1
_____________________________________________________
_____________________________________________________
12,12,0.0000,
2,5,0,0,0,0,0,0,0,0,0,0,0,1
2,5,0,0,0,0,0,0,0,0,0,0,0,0
_____________________________________________________
_____________________________________________________
13,9,-1.0000,
2,5,0,0,0,0,0,0,0,0,0,0,0,0
1,5,0,0,0,0,0,0,0,-1,0,0,0,0
_____________________________________________________
_____________________________________________________
14,0,0.0000,
1,5,0,0,0,0,0,0,0,-1,0,0,0,0
1,4,0,0,0,0,0,0,0,-1,1,0,0,1
_____________________________________________________
_____________________________________________________
15,12,0.0000,
1,4,0,0,0,0,0,0,0,-1,1,0,0,1
1,6,0,0,0,0,0,0,0,-1,0,0,0,0
_____________________________________________________
_____________________________________________________
16,0,0.0000,
1,6,0,0,0,0,0,0,0,-1,0,0,0,0
2,5,1,0,0,0,0,0,0,-1,0,0,0,0
_____________________________________________________
_____________________________________________________
17,1,0.0000,
2,5,1,0,0,0,0,0,0,-1,0,0,0,0
1,5,0,0,0,0,0,0,0,-1,0,0,0,0
_____________________________________________________
_____________________________________________________
18,0,0.0000,
1,5,0,0,0,0,0,0,0,-1,0,0,0,0
2,4,0,0,0,0,0,0,0,-1,1,0,0,1
_____________________________________________________
_____________________________________________________
19,12,0.0000,
2,4,0,0,0,0,0,0,0,-1,1,0,0,1
1,5,0,0,0,0,0,0,0,-1,0,0,0,0
_____________________________________________________
_____________________________________________________
20,0,0.0000,
1,5,0,0,0,0,0,0,0,-1,0,0,0,0
1,4,0,0,0,0,0,0,0,-1,0,0,0,0
_____________________________________________________
_____________________________________________________
21,9,-1.0000,
1,4,0,0,0,0,0,0,0,-1,0,0,0,0
0,7,1,0,-1,0,0,0,0,-1,-1,0,0,-1
_____________________________________________________
_____________________________________________________
22,0,0.0000,
0,7,1,0,-1,0,0,0,0,-1,-1,0,0,-1
0,7,1,0,-1,1,0,0,0,1,0,0,0,0
_____________________________________________________
_____________________________________________________
23,0,0.0000,
0,7,1,0,-1,1,0,0,0,1,0,0,0,0
1,6,1,0,0,1,0,0,0,1,0,0,0,0
_____________________________________________________
_____________________________________________________
24,8,0.0000,
1,6,1,0,0,1,0,0,0,1,0,0,0,0
0,7,1,0,0,1,0,0,0,0,0,0,0,0
_____________________________________________________
_____________________________________________________
25,0,0.0000,
0,7,1,0,0,1,0,0,0,0,0,0,0,0
1,6,1,0,0,1,0,0,0,0,0,0,0,0
_____________________________________________________
_____________________________________________________
26,1,0.0000,
1,6,1,0,0,1,0,0,0,0,0,0,0,0
1,6,0,0,0,1,0,0,0,0,0,0,0,0
_____________________________________________________
_____________________________________________________
27,0,0.0000,
1,6,0,0,0,1,0,0,0,0,0,0,0,0
2,5,1,0,1,1,0,0,0,0,0,0,0,0
_____________________________________________________
_____________________________________________________
28,1,0.0000,
2,5,1,0,1,1,0,0,0,0,0,0,0,0
2,5,0,0,0,0,0,0,0,0,0,0,0,0
_____________________________________________________
_____________________________________________________
29,9,-1.0000,
2,5,0,0,0,0,0,0,0,0,0,0,0,0
2,5,0,0,0,0,0,0,-1,0,-1,0,0,0
_____________________________________________________
_____________________________________________________
30,9,0.0000,
2,5,0,0,0,0,0,0,-1,0,-1,0,0,0
2,5,0,0,0,0,0,0,-1,0,-1,0,0,0
_____________________________________________________
_____________________________________________________
31,9,0.0000,
2,5,0,0,0,0,0,0,-1,0,-1,0,0,0
1,5,0,0,0,0,0,0,-1,0,-1,0,0,0
_____________________________________________________
_____________________________________________________
32,9,0.0000,
1,5,0,0,0,0,0,0,-1,0,-1,0,0,0
1,6,0,0,0,0,1,0,-1,0,-1,0,0,0
_____________________________________________________
_____________________________________________________
33,9,0.0000,
1,6,0,0,0,0,1,0,-1,0,-1,0,0,0
0,7,0,0,0,0,1,0,-1,0,-1,0,0,0
_____________________________________________________
_____________________________________________________
34,0,0.0000,
0,7,0,0,0,0,1,0,-1,0,-1,0,0,0
1,6,0,0,0,0,1,1,-1,0,-1,0,0,0
_____________________________________________________
_____________________________________________________
35,9,0.0000,
1,6,0,0,0,0,1,1,-1,0,-1,0,0,0
0,7,0,0,1,1,1,1,-1,0,0,0,0,0
_____________________________________________________
_____________________________________________________
36,0,0.0000,
0,7,0,0,1,1,1,1,-1,0,0,0,0,0
1,6,1,0,1,1,1,1,0,0,0,0,0,0
_____________________________________________________
_____________________________________________________
37,5,0.0000,
1,6,1,0,1,1,1,1,0,0,0,0,0,0
0,7,1,0,1,1,1,1,0,0,0,0,0,0
_____________________________________________________
_____________________________________________________
38,0,0.0000,
0,7,1,0,1,1,1,1,0,0,0,0,0,0
0,7,1,0,0,0,1,1,0,0,0,0,0,0
_____________________________________________________
_____________________________________________________
39,0,0.0000,
0,7,1,0,0,0,1,1,0,0,0,0,0,0
0,7,0,1,0,0,1,1,0,0,0,0,0,0
_____________________________________________________
_____________________________________________________
40,0,0.0000,
0,7,0,1,0,0,1,1,0,0,0,0,0,0
1,6,0,1,0,0,1,1,0,0,0,0,0,0
_____________________________________________________
_____________________________________________________
41,5,0.0000,
1,6,0,1,0,0,1,1,0,0,0,0,0,0
1,6,0,0,0,0,0,0,1,0,0,0,0,1
_____________________________________________________
_____________________________________________________
42,7,0.0000,
1,6,0,0,0,0,0,0,1,0,0,0,0,1
1,6,0,0,0,0,0,0,0,0,0,0,0,1
_____________________________________________________
_____________________________________________________
43,12,0.0000,
1,6,0,0,0,0,0,0,0,0,0,0,0,1
1,6,0,0,1,0,0,0,0,0,0,1,0,0
_____________________________________________________
_____________________________________________________
44,3,0.0000,
1,6,0,0,1,0,0,0,0,0,0,1,0,0
0,7,0,0,0,0,1,0,0,0,0,1,0,0
_____________________________________________________
_____________________________________________________
45,0,0.0000,
0,7,0,0,0,0,1,0,0,0,0,1,0,0
0,7,0,1,0,0,1,0,0,0,0,1,0,0
_____________________________________________________
_____________________________________________________
46,0,0.0000,
0,7,0,1,0,0,1,0,0,0,0,1,0,0
0,7,0,1,0,0,1,0,0,0,0,1,0,0
_____________________________________________________
_____________________________________________________
47,0,0.0000,
0,7,0,1,0,0,1,0,0,0,0,1,0,0
0,7,0,1,0,0,1,0,0,0,0,1,1,0
_____________________________________________________
_____________________________________________________
48,0,0.0000,
0,7,0,1,0,0,1,0,0,0,0,1,1,0
0,7,0,1,0,1,1,0,0,0,0,0,1,0
_____________________________________________________
_____________________________________________________
49,0,0.0000,
0,7,0,1,0,1,1,0,0,0,0,0,1,0
0,7,0,1,0,1,1,0,0,0,0,0,1,0
_____________________________________________________
_____________________________________________________
50,0,0.0000,
0,7,0,1,0,1,1,0,0,0,0,0,1,0
1,6,0,1,0,1,0,0,0,0,0,0,1,0
_____________________________________________________
_____________________________________________________
51,11,0.0000,
1,6,0,1,0,1,0,0,0,0,0,0,1,0
1,6,0,0,0,1,0,0,0,0,0,0,0,0
_____________________________________________________
_____________________________________________________
52,0,0.0000,
1,6,0,0,0,1,0,0,0,0,0,0,0,0
2,5,0,0,0,1,0,0,0,0,0,0,0,0
_____________________________________________________
_____________________________________________________
53,0,0.0000,
2,5,0,0,0,1,0,0,0,0,0,0,0,0
2,4,0,0,0,1,0,0,0,0,0,0,0,0
_____________________________________________________
_____________________________________________________
54,9,-1.0000,
2,4,0,0,0,1,0,0,0,0,0,0,0,0
1,4,-1,0,0,1,0,0,0,0,-1,0,0,0
_____________________________________________________
_____________________________________________________
55,9,0.0000,
1,4,-1,0,0,1,0,0,0,0,-1,0,0,0
0,7,0,0,0,0,0,1,1,0,0,0,1,0
_____________________________________________________
_____________________________________________________
56,0,0.0000,
0,7,0,0,0,0,0,1,1,0,0,0,1,0
0,7,0,0,0,0,0,1,1,0,0,0,1,0
_____________________________________________________
_____________________________________________________
57,0,0.0000,
0,7,0,0,0,0,0,1,1,0,0,0,1,0
1,6,0,0,0,0,0,1,1,0,0,0,1,0
_____________________________________________________
_____________________________________________________
58,11,0.0000,
1,6,0,0,0,0,0,1,1,0,0,0,1,0
1,6,0,0,0,0,0,0,1,0,0,0,0,0
_____________________________________________________
_____________________________________________________
59,7,0.0000,
1,6,0,0,0,0,0,0,1,0,0,0,0,0
1,6,0,0,0,0,0,0,0,0,0,0,0,0
_____________________________________________________
_____________________________________________________
60,0,0.0000,
1,6,0,0,0,0,0,0,0,0,0,0,0,0
2,5,0,0,0,0,0,0,0,0,0,0,0,0
_____________________________________________________
_____________________________________________________
61,9,-1.0000,
2,5,0,0,0,0,0,0,0,0,0,0,0,0
1,5,0,0,0,0,0,0,0,0,-1,-1,0,1
_____________________________________________________
_____________________________________________________
62,9,0.0000,
1,5,0,0,0,0,0,0,0,0,-1,-1,0,1
0,7,0,0,0,0,1,0,1,0,-1,-1,0,1
_____________________________________________________
_____________________________________________________
63,0,0.0000,
0,7,0,0,0,0,1,0,1,0,-1,-1,0,1
0,7,0,0,0,0,1,0,1,0,-1,-1,0,1
_____________________________________________________
_____________________________________________________
64,0,0.0000,
0,7,0,0,0,0,1,0,1,0,-1,-1,0,1
1,6,0,1,0,1,1,0,1,0,-1,-1,0,1
_____________________________________________________
_____________________________________________________
65,9,0.0000,
1,6,0,1,0,1,1,0,1,0,-1,-1,0,1
0,7,0,1,0,1,1,0,1,0,-1,-1,0,1
_____________________________________________________
_____________________________________________________
66,0,0.0000,
0,7,0,1,0,1,1,0,1,0,-1,-1,0,1
0,7,0,1,0,0,1,0,1,0,-1,-1,0,1
_____________________________________________________
_____________________________________________________
67,0,0.0000,
0,7,0,1,0,0,1,0,1,0,-1,-1,0,1
1,6,0,0,0,0,1,0,1,0,-1,-1,0,1
_____________________________________________________
_____________________________________________________
68,9,0.0000,
1,6,0,0,0,0,1,0,1,0,-1,-1,0,1
1,6,0,0,0,0,1,0,1,1,-1,-1,0,1
_____________________________________________________
_____________________________________________________
69,9,0.0000,
1,6,0,0,0,0,1,0,1,1,-1,-1,0,1
1,6,1,0,0,-1,1,1,-1,-1,-1,0,0,0
_____________________________________________________
_____________________________________________________
70,7,0.0000,
1,6,1,0,0,-1,1,1,-1,-1,-1,0,0,0
0,7,1,0,0,-1,1,1,-1,-1,-1,0,0,0
_____________________________________________________
_____________________________________________________
71,0,0.0000,
0,7,1,0,0,-1,1,1,-1,-1,-1,0,0,0
1,6,1,0,0,-1,1,1,-1,-1,1,0,0,0
_____________________________________________________
_____________________________________________________
72,7,0.0000,
1,6,1,0,0,-1,1,1,-1,-1,1,0,0,0
1,6,1,0,0,1,1,1,-1,1,1,0,0,0
_____________________________________________________
_____________________________________________________
73,7,0.0000,
1,6,1,0,0,1,1,1,-1,1,1,0,0,0
1,6,1,0,0,1,1,1,-1,1,1,0,0,0
_____________________________________________________
_____________________________________________________
74,7,0.0000,
1,6,1,0,0,1,1,1,-1,1,1,0,0,0
0,7,1,0,0,1,0,0,-1,1,1,0,0,1
_____________________________________________________
_____________________________________________________
75,0,0.0000,
0,7,1,0,0,1,0,0,-1,1,1,0,0,1
0,7,0,0,0,1,0,0,-1,1,1,0,0,1
_____________________________________________________
_____________________________________________________
76,0,0.0000,
0,7,0,0,0,1,0,0,-1,1,1,0,0,1
1,6,1,1,0,1,1,1,-1,1,1,0,0,1
_____________________________________________________
_____________________________________________________
77,7,0.0000,
1,6,1,1,0,1,1,1,-1,1,1,0,0,1
1,6,1,1,0,1,1,1,-1,1,1,0,0,1
_____________________________________________________
_____________________________________________________
78,7,0.0000,
1,6,1,1,0,1,1,1,-1,1,1,0,0,1
1,6,1,1,0,1,1,1,-1,1,1,0,0,1
_____________________________________________________
_____________________________________________________
79,7,0.0000,
1,6,1,1,0,1,1,1,-1,1,1,0,0,1
1,6,1,1,0,1,1,1,-1,0,0,0,0,1
_____________________________________________________
_____________________________________________________
80,7,0.0000,
1,6,1,1,0,1,1,1,-1,0,0,0,0,1
1,6,1,1,0,0,1,1,-1,0,0,1,0,1
_____________________________________________________
_____________________________________________________
81,7,0.0000,
1,6,1,1,0,0,1,1,-1,0,0,1,0,1
1,6,1,1,0,0,1,1,-1,0,0,1,0,1
_____________________________________________________
_____________________________________________________
82,7,0.0000,
1,6,1,1,0,0,1,1,-1,0,0,1,0,1
1,6,1,1,0,0,1,1,-1,0,0,1,0,1
_____________________________________________________
_____________________________________________________
83,7,0.0000,
1,6,1,1,0,0,1,1,-1,0,0,1,0,1
0,7,1,-1,-1,1,1,1,0,1,1,1,1,1
_____________________________________________________
_____________________________________________________
84,0,0.0000,
0,7,1,-1,-1,1,1,1,0,1,1,1,1,1
0,7,1,1,1,1,1,1,1,1,1,1,1,1
_____________________________________________________
_____________________________________________________
85,0,0.0000,
0,7,1,1,1,1,1,1,1,1,1,1,1,1
1,6,1,1,1,1,1,1,1,1,1,1,1,1
_____________________________________________________
_____________________________________________________
86,11,0.0000,
1,6,1,1,1,1,1,1,1,1,1,1,1,1
1,6,1,1,1,1,1,1,1,0,1,1,0,1
_____________________________________________________
_____________________________________________________
87,5,0.0000,
1,6,1,1,1,1,1,1,1,0,1,1,0,1
0,7,1,0,0,1,0,1,1,0,1,1,0,1
_____________________________________________________
_____________________________________________________
88,0,0.0000,
0,7,1,0,0,1,0,1,1,0,1,1,0,1
0,7,1,0,0,1,0,1,1,0,1,1,0,1
_____________________________________________________
_____________________________________________________
89,0,0.0000,
0,7,1,0,0,1,0,1,1,0,1,1,0,1
0,7,1,0,0,1,0,1,1,0,1,1,0,1
_____________________________________________________
_____________________________________________________
90,0,0.0000,
0,7,1,0,0,1,0,1,1,0,1,1,0,1
1,6,1,0,0,1,0,1,1,0,1,1,1,1
_____________________________________________________
_____________________________________________________
91,11,0.0000,
1,6,1,0,0,1,0,1,1,0,1,1,1,1
1,6,1,0,0,1,0,1,1,0,1,1,0,1
_____________________________________________________
_____________________________________________________
92,7,0.0000,
1,6,1,0,0,1,0,1,1,0,1,1,0,1
0,7,1,0,0,0,0,1,0,0,1,1,0,0
_____________________________________________________
_____________________________________________________
93,0,0.0000,
0,7,1,0,0,0,0,1,0,0,1,1,0,0
0,7,1,0,0,0,0,1,0,0,1,1,0,0
_____________________________________________________
_____________________________________________________
94,0,0.0000,
0,7,1,0,0,0,0,1,0,0,1,1,0,0
0,7,1,0,0,0,0,1,0,0,1,0,0,0
_____________________________________________________
_____________________________________________________
95,0,0.0000,
0,7,1,0,0,0,0,1,0,0,1,0,0,0
1,6,1,0,0,0,0,1,0,0,1,0,0,0
_____________________________________________________
_____________________________________________________
96,9,0.0000,
1,6,1,0,0,0,0,1,0,0,1,0,0,0
0,7,0,0,0,0,0,1,0,0,0,0,0,0
_____________________________________________________
_____________________________________________________
97,0,0.0000,
0,7,0,0,0,0,0,1,0,0,0,0,0,0
1,6,1,1,0,0,0,0,0,0,0,0,0,0
_____________________________________________________
_____________________________________________________
98,2,0.0000,
1,6,1,1,0,0,0,0,0,0,0,0,0,0
1,6,0,0,0,0,0,0,0,0,0,0,0,0
_____________________________________________________
_____________________________________________________
99,0,0.0000,
1,6,0,0,0,0,0,0,0,0,0,0,0,0
2,5,0,0,0,0,0,0,0,0,0,0,0,0
_____________________________________________________
_____________________________________________________
100,9,-1.0000,
2,5,0,0,0,0,0,0,0,0,0,0,0,0
2,5,0,0,0,0,0,0,-1,0,-1,0,0,0
_____________________________________________________
_____________________________________________________
101,9,0.0000,
2,5,0,0,0,0,0,0,-1,0,-1,0,0,0
2,5,0,0,0,0,0,0,-1,0,-1,0,0,0
_____________________________________________________
_____________________________________________________
102,9,0.0000,
2,5,0,0,0,0,0,0,-1,0,-1,0,0,0
2,5,0,0,0,0,0,0,-1,0,-1,0,0,0
_____________________________________________________
_____________________________________________________
103,9,0.0000,
2,5,0,0,0,0,0,0,-1,0,-1,0,0,0
2,5,0,0,0,0,0,0,-1,0,-1,0,1,0
_____________________________________________________
_____________________________________________________
104,9,0.0000,
2,5,0,0,0,0,0,0,-1,0,-1,0,1,0
1,5,0,0,0,1,0,0,-1,0,-1,0,1,0
_____________________________________________________
_____________________________________________________
105,9,0.0000,
1,5,0,0,0,1,0,0,-1,0,-1,0,1,0
1,6,0,0,0,1,0,0,-1,0,-1,0,1,0
_____________________________________________________
_____________________________________________________
106,9,0.0000,
1,6,0,0,0,1,0,0,-1,0,-1,0,1,0
0,7,0,0,0,1,0,0,-1,0,-1,0,0,0
_____________________________________________________
_____________________________________________________
107,0,0.0000,
0,7,0,0,0,1,0,0,-1,0,-1,0,0,0
0,7,0,0,0,0,0,0,-1,0,-1,0,0,0
_____________________________________________________
_____________________________________________________
108,0,0.0000,
0,7,0,0,0,0,0,0,-1,0,-1,0,0,0
1,6,0,0,1,0,1,0,-1,0,-1,1,0,1
_____________________________________________________
_____________________________________________________
109,9,0.0000,
1,6,0,0,1,0,1,0,-1,0,-1,1,0,1
1,6,1,0,1,1,1,0,-1,0,-1,1,1,1
_____________________________________________________
_____________________________________________________
110,7,0.0000,
1,6,1,0,1,1,1,0,-1,0,-1,1,1,1
0,7,1,0,1,1,1,0,-1,0,-1,1,1,1
_____________________________________________________
_____________________________________________________
111,0,0.0000,
0,7,1,0,1,1,1,0,-1,0,-1,1,1,1
0,7,0,1,1,1,0,0,0,1,1,0,0,1
_____________________________________________________
_____________________________________________________
112,0,0.0000,
0,7,0,1,1,1,0,0,0,1,1,0,0,1
1,6,0,1,1,1,0,0,0,1,1,0,0,1
_____________________________________________________
_____________________________________________________
113,2,0.0000,
1,6,0,1,1,1,0,0,0,1,1,0,0,1
0,7,0,0,1,0,0,0,0,0,1,0,0,1
_____________________________________________________
_____________________________________________________
114,0,0.0000,
0,7,0,0,1,0,0,0,0,0,1,0,0,1
1,6,0,0,1,0,0,0,0,0,1,0,0,1
_____________________________________________________
_____________________________________________________
115,12,0.0000,
1,6,0,0,1,0,0,0,0,0,1,0,0,1
0,7,0,0,1,0,0,0,0,0,1,0,0,0
_____________________________________________________
_____________________________________________________
116,0,0.0000,
0,7,0,0,1,0,0,0,0,0,1,0,0,0
1,6,0,0,1,0,0,0,0,0,1,0,0,0
_____________________________________________________
_____________________________________________________
117,9,0.0000,
1,6,0,0,1,0,0,0,0,0,1,0,0,0
0,7,0,0,1,0,0,0,0,0,0,0,0,0
_____________________________________________________
_____________________________________________________
118,0,0.0000,
0,7,0,0,1,0,0,0,0,0,0,0,0,0
0,7,0,0,1,0,0,0,0,0,0,0,0,0
_____________________________________________________
_____________________________________________________
119,0,0.0000,
0,7,0,0,1,0,0,0,0,0,0,0,0,0
0,7,0,0,1,0,0,0,0,0,0,0,1,0
_____________________________________________________
_____________________________________________________
120,0,0.0000,
0,7,0,0,1,0,0,0,0,0,0,0,1,0
1,6,0,0,1,0,0,0,0,0,0,0,1,0
_____________________________________________________
_____________________________________________________
121,11,0.0000,
1,6,0,0,1,0,0,0,0,0,0,0,1,0
1,6,0,0,1,0,0,0,0,0,0,0,0,0
_____________________________________________________
_____________________________________________________
122,3,0.0000,
1,6,0,0,1,0,0,0,0,0,0,0,0,0
1,6,0,0,0,0,1,0,0,0,0,0,0,0
_____________________________________________________
_____________________________________________________
123,5,0.0000,
1,6,0,0,0,0,1,0,0,0,0,0,0,0
1,6,0,0,0,0,0,0,0,0,0,0,0,0
_____________________________________________________
_____________________________________________________
124,0,0.0000,
1,6,0,0,0,0,0,0,0,0,0,0,0,0
1,5,0,0,0,0,0,0,0,0,0,0,0,0
_____________________________________________________
_____________________________________________________
125,0,0.0000,
1,5,0,0,0,0,0,0,0,0,0,0,0,0
2,4,0,0,0,0,0,0,0,1,0,0,0,0
_____________________________________________________
_____________________________________________________
126,10,-1.0000,
2,4,0,0,0,0,0,0,0,1,0,0,0,0
1,5,0,0,0,0,0,0,0,1,0,-1,-1,0
_____________________________________________________
_____________________________________________________
127,11,0.0000,
1,5,0,0,0,0,0,0,0,1,0,-1,-1,0
0,7,0,0,0,0,0,0,0,1,0,0,0,0
_____________________________________________________
_____________________________________________________
128,0,0.0000,
0,7,0,0,0,0,0,0,0,1,0,0,0,0
1,6,0,0,0,0,0,0,0,1,0,0,0,0
_____________________________________________________
_____________________________________________________
129,8,0.0000,
1,6,0,0,0,0,0,0,0,1,0,0,0,0
1,6,0,0,0,0,0,0,0,1,0,0,0,0
_____________________________________________________
_____________________________________________________
130,8,0.0000,
1,6,0,0,0,0,0,0,0,1,0,0,0,0
1,6,0,0,0,0,0,1,0,0,0,0,0,0
_____________________________________________________
_____________________________________________________
131,6,0.0000,
1,6,0,0,0,0,0,1,0,0,0,0,0,0
0,7,0,0,0,0,0,0,0,0,0,1,1,0
_____________________________________________________
_____________________________________________________
132,0,0.0000,
0,7,0,0,0,0,0,0,0,0,0,1,1,0
1,6,0,0,0,0,1,0,1,0,0,1,1,0
_____________________________________________________
_____________________________________________________
133,11,0.0000,
1,6,0,0,0,0,1,0,1,0,0,1,1,0
1,6,0,1,0,0,1,0,1,0,0,0,0,0
_____________________________________________________
_____________________________________________________
134,7,0.0000,
1,6,0,1,0,0,1,0,1,0,0,0,0,0
0,7,0,0,0,0,0,0,0,1,0,0,0,0
_____________________________________________________
_____________________________________________________
135,0,0.0000,
0,7,0,0,0,0,0,0,0,1,0,0,0,0
0,7,0,0,0,0,0,0,0,1,0,0,1,0
_____________________________________________________
_____________________________________________________
136,0,0.0000,
0,7,0,0,0,0,0,0,0,1,0,0,1,0
0,7,0,0,0,0,0,0,0,1,0,1,1,0
_____________________________________________________
_____________________________________________________
137,0,0.0000,
0,7,0,0,0,0,0,0,0,1,0,1,1,0
1,6,0,0,0,0,0,0,0,1,0,1,1,0
_____________________________________________________
_____________________________________________________
138,11,0.0000,
1,6,0,0,0,0,0,0,0,1,0,1,1,0
1,6,0,0,0,0,0,0,0,1,0,0,0,0
_____________________________________________________
_____________________________________________________
139,8,0.0000,
1,6,0,0,0,0,0,0,0,1,0,0,0,0
0,6,0,0,0,0,0,0,0,0,0,0,0,0
_____________________________________________________
