_____________________________________________________
0,5,0.0000,
4,3,1,1,1,0,1,1,1,1,1,1,0,0
4,3,1,1,1,0,0,1,1,1,1,1,0,0
_____________________________________________________
_____________________________________________________
1,7,0.0000,
4,3,1,1,1,0,0,1,1,1,1,1,0,0
3,3,1,1,0,0,0,1,0,0,1,0,0,0
_____________________________________________________
_____________________________________________________
2,6,0.0000,
3,3,1,1,0,0,0,1,0,0,1,0,0,0
2,3,1,1,0,0,0,0,0,0,1,0,0,0
_____________________________________________________
_____________________________________________________
3,9,0.0000,
2,3,1,1,0,0,0,0,0,0,1,0,0,0
2,3,1,1,0,0,0,0,1,1,0,1,0,0
_____________________________________________________
_____________________________________________________
4,7,0.0000,
2,3,1,1,0,0,0,0,1,1,0,1,0,0
2,5,1,1,0,0,0,0,0,0,0,1,0,0
_____________________________________________________
_____________________________________________________
5,2,0.0000,
2,5,1,1,0,0,0,0,0,0,0,1,0,0
2,5,1,0,1,0,0,0,1,1,0,1,0,0
_____________________________________________________
_____________________________________________________
6,7,0.0000,
2,5,1,0,1,0,0,0,1,1,0,1,0,0
1,5,1,1,0,0,0,0,0,0,0,0,0,0
_____________________________________________________
_____________________________________________________
7,2,0.0000,
1,5,1,1,0,0,0,0,0,0,0,0,0,0
0,7,1,0,0,0,0,0,1,1,0,1,0,0
_____________________________________________________
_____________________________________________________
8,0,0.0000,
0,7,1,0,0,0,0,0,1,1,0,1,0,0
0,7,1,0,1,0,0,0,1,1,0,1,0,0
_____________________________________________________
_____________________________________________________
9,0,0.0000,
0,7,1,0,1,0,0,0,1,1,0,1,0,0
0,7,1,0,1,0,0,0,1,1,1,1,0,1
_____________________________________________________
_____________________________________________________
10,0,0.0000,
0,7,1,0,1,0,0,0,1,1,1,1,0,1
0,7,1,0,1,0,0,0,1,1,1,1,0,1
_____________________________________________________
_____________________________________________________
11,0,0.0000,
0,7,1,0,1,0,0,0,1,1,1,1,0,1
1,6,1,0,1,0,0,0,1,1,1,1,0,1
_____________________________________________________
_____________________________________________________
12,7,0.0000,
1,6,1,0,1,0,0,0,1,1,1,1,0,1
0,7,1,0,0,1,1,0,0,1,1,1,1,1
_____________________________________________________
_____________________________________________________
13,0,0.0000,
0,7,1,0,0,1,1,0,0,1,1,1,1,1
1,6,1,1,1,1,1,1,1,1,1,1,1,1
_____________________________________________________
_____________________________________________________
14,2,0.0000,
1,6,1,1,1,1,1,1,1,1,1,1,1,1
0,7,0,0,1,1,1,1,1,1,1,1,1,1
_____________________________________________________
_____________________________________________________
15,0,0.0000,
0,7,0,0,1,1,1,1,1,1,1,1,1,1
0,7,0,1,1,1,1,1,1,1,1,1,1,1
_____________________________________________________
_____________________________________________________
16,0,0.0000,
0,7,0,1,1,1,1,1,1,1,1,1,1,1
0,7,1,1,1,1,1,1,1,1,1,1,1,1
_____________________________________________________
_____________________________________________________
17,0,0.0000,
0,7,1,1,1,1,1,1,1,1,1,1,1,1
0,7,1,1,1,1,1,1,1,1,1,1,1,1
_____________________________________________________
_____________________________________________________
18,0,0.0000,
0,7,1,1,1,1,1,1,1,1,1,1,1,1
0,7,1,1,1,1,1,1,1,1,1,1,1,1
_____________________________________________________
_____________________________________________________
19,0,0.0000,
0,7,1,1,1,1,1,1,1,1,1,1,1,1
0,7,1,1,1,1,1,1,1,1,1,1,1,1
_____________________________________________________
_____________________________________________________
20,0,0.0000,
0,7,1,1,1,1,1,1,1,1,1,1,1,1
0,7,1,1,1,1,1,1,1,1,1,1,1,1
_____________________________________________________
_____________________________________________________
21,0,0.0000,
0,7,1,1,1,1,1,1,1,1,1,1,1,1
1,6,1,1,1,1,1,1,1,0,0,1,1,1
_____________________________________________________
_____________________________________________________
22,11,0.0000,
1,6,1,1,1,1,1,1,1,0,0,1,1,1
0,7,1,1,0,0,1,1,1,0,0,1,0,1
_____________________________________________________
_____________________________________________________
23,0,0.0000,
0,7,1,1,0,0,1,1,1,0,0,1,0,1
0,7,1,1,0,0,0,1,1,0,0,1,0,1
_____________________________________________________
_____________________________________________________
24,0,0.0000,
0,7,1,1,0,0,0,1,1,0,0,1,0,1
1,6,1,1,0,0,0,1,1,0,0,1,0,1
_____________________________________________________
_____________________________________________________
25,7,0.0000,
1,6,1,1,0,0,0,1,1,0,0,1,0,1
0,7,1,1,0,0,0,1,0,0,0,1,0,0
_____________________________________________________
_____________________________________________________
26,0,0.0000,
0,7,1,1,0,0,0,1,0,0,0,1,0,0
0,7,1,1,0,0,0,1,0,0,0,1,0,0
_____________________________________________________
_____________________________________________________
27,0,0.0000,
0,7,1,1,0,0,0,1,0,0,0,1,0,0
0,7,0,0,1,0,0,0,1,0,1,0,0,0
_____________________________________________________
_____________________________________________________
28,0,0.0000,
0,7,0,0,1,0,0,0,1,0,1,0,0,0
1,6,0,0,1,0,0,0,1,1,1,0,1,1
_____________________________________________________
_____________________________________________________
29,11,0.0000,
1,6,0,0,1,0,0,0,1,1,1,0,1,1
1,6,0,1,1,1,0,0,1,1,1,0,0,1
_____________________________________________________
_____________________________________________________
30,7,0.0000,
1,6,0,1,1,1,0,0,1,1,1,0,0,1
0,7,1,1,0,1,0,0,0,1,1,0,0,1
_____________________________________________________
_____________________________________________________
31,0,0.0000,
0,7,1,1,0,1,0,0,0,1,1,0,0,1
0,7,1,1,0,1,0,0,0,1,1,0,0,1
_____________________________________________________
_____________________________________________________
32,0,0.0000,
0,7,1,1,0,1,0,0,0,1,1,0,0,1
1,6,1,1,0,1,0,0,0,1,1,0,0,1
_____________________________________________________
_____________________________________________________
33,12,0.0000,
1,6,1,1,0,1,0,0,0,1,1,0,0,1
1,6,1,0,0,1,0,0,0,1,1,0,0,1
_____________________________________________________
_____________________________________________________
34,12,0.0000,
1,6,1,0,0,1,0,0,0,1,1,0,0,1
0,7,1,0,0,1,0,0,0,0,1,0,0,0
_____________________________________________________
_____________________________________________________
35,0,0.0000,
0,7,1,0,0,1,0,0,0,0,1,0,0,0
1,6,1,0,0,1,0,0,0,0,1,1,1,0
_____________________________________________________
_____________________________________________________
36,11,0.0000,
1,6,1,0,0,1,0,0,0,0,1,1,1,0
0,7,1,0,0,1,0,0,0,0,1,0,0,0
_____________________________________________________
_____________________________________________________
37,0,0.0000,
0,7,1,0,0,1,0,0,0,0,1,0,0,0
1,6,1,0,0,1,0,0,0,0,1,0,0,0
_____________________________________________________
_____________________________________________________
38,9,0.0000,
1,6,1,0,0,1,0,0,0,0,1,0,0,0
0,7,1,0,0,1,0,0,1,0,0,0,0,0
_____________________________________________________
_____________________________________________________
39,0,0.0000,
0,7,1,0,0,1,0,0,1,0,0,0,0,0
1,6,1,0,1,1,1,0,1,0,0,0,0,0
_____________________________________________________
_____________________________________________________
40,5,0.0000,
1,6,1,0,1,1,1,0,1,0,0,0,0,0
1,6,1,1,1,1,0,0,1,1,0,0,0,1
_____________________________________________________
_____________________________________________________
41,7,0.0000,
1,6,1,1,1,1,0,0,1,1,0,0,0,1
0,7,1,0,0,0,0,1,0,1,1,1,0,0
_____________________________________________________
_____________________________________________________
42,0,0.0000,
0,7,1,0,0,0,0,1,0,1,1,1,0,0
1,6,1,0,0,0,0,1,0,1,1,1,0,1
_____________________________________________________
_____________________________________________________
43,6,0.0000,
1,6,1,0,0,0,0,1,0,1,1,1,0,1
0,7,1,1,0,0,0,0,0,0,1,1,0,1
_____________________________________________________
_____________________________________________________
44,0,0.0000,
0,7,1,1,0,0,0,0,0,0,1,1,0,1
0,7,1,1,0,0,0,0,0,0,1,1,0,1
_____________________________________________________
_____________________________________________________
45,0,0.0000,
0,7,1,1,0,0,0,0,0,0,1,1,0,1
0,7,1,1,0,0,0,0,0,0,1,1,0,1
_____________________________________________________
_____________________________________________________
46,0,0.0000,
0,7,1,1,0,0,0,0,0,0,1,1,0,1
0,7,1,1,0,0,0,0,0,0,1,1,0,1
_____________________________________________________
_____________________________________________________
47,0,0.0000,
0,7,1,1,0,0,0,0,0,0,1,1,0,1
1,6,1,1,0,0,0,0,0,0,1,1,0,1
_____________________________________________________
_____________________________________________________
48,2,0.0000,
1,6,1,1,0,0,0,0,0,0,1,1,0,1
0,7,1,0,0,0,0,0,0,0,1,1,0,0
_____________________________________________________
_____________________________________________________
49,0,0.0000,
0,7,1,0,0,0,0,0,0,0,1,1,0,0
0,7,1,0,0,0,0,0,0,1,1,1,0,0
_____________________________________________________
_____________________________________________________
50,0,0.0000,
0,7,1,0,0,0,0,0,0,1,1,1,0,0
0,7,1,0,0,0,0,1,0,1,1,1,0,0
_____________________________________________________
_____________________________________________________
51,0,0.0000,
0,7,1,0,0,0,0,1,0,1,1,1,0,0
1,6,1,1,1,0,0,1,0,1,1,0,0,1
_____________________________________________________
_____________________________________________________
52,2,0.0000,
1,6,1,1,1,0,0,1,0,1,1,0,0,1
1,6,1,0,1,0,0,1,0,1,1,0,0,0
_____________________________________________________
_____________________________________________________
53,9,0.0000,
1,6,1,0,1,0,0,1,0,1,1,0,0,0
0,7,0,0,1,0,1,1,0,1,0,0,1,0
_____________________________________________________
_____________________________________________________
54,0,0.0000,
0,7,0,0,1,0,1,1,0,1,0,0,1,0
1,6,0,0,1,1,1,1,0,1,0,0,1,1
_____________________________________________________
_____________________________________________________
55,11,0.0000,
1,6,0,0,1,1,1,1,0,1,0,0,1,1
0,7,1,1,0,0,1,1,1,1,0,1,1,1
_____________________________________________________
_____________________________________________________
56,0,0.0000,
0,7,1,1,0,0,1,1,1,1,0,1,1,1
0,7,1,1,0,0,1,1,1,1,0,1,1,1
_____________________________________________________
_____________________________________________________
57,0,0.0000,
0,7,1,1,0,0,1,1,1,1,0,1,1,1
1,6,1,1,0,0,1,1,1,1,0,1,1,1
_____________________________________________________
_____________________________________________________
58,11,0.0000,
1,6,1,1,0,0,1,1,1,1,0,1,1,1
1,6,1,0,0,0,0,0,1,1,0,0,0,0
_____________________________________________________
_____________________________________________________
59,7,0.0000,
1,6,1,0,0,0,0,0,1,1,0,0,0,0
0,7,1,1,0,0,1,1,0,1,0,1,1,1
_____________________________________________________
_____________________________________________________
60,0,0.0000,
0,7,1,1,0,0,1,1,0,1,0,1,1,1
0,7,1,1,0,1,1,1,0,1,0,1,1,1
_____________________________________________________
_____________________________________________________
61,0,0.0000,
0,7,1,1,0,1,1,1,0,1,0,1,1,1
1,6,1,1,1,1,1,0,0,1,0,0,0,0
_____________________________________________________
_____________________________________________________
62,5,0.0000,
1,6,1,1,1,1,1,0,0,1,0,0,0,0
1,6,1,0,1,1,0,0,0,1,0,0,0,0
_____________________________________________________
_____________________________________________________
63,8,0.0000,
1,6,1,0,1,1,0,0,0,1,0,0,0,0
0,7,1,1,1,1,1,1,1,0,0,1,1,1
_____________________________________________________
_____________________________________________________
64,0,0.0000,
0,7,1,1,1,1,1,1,1,0,0,1,1,1
1,6,1,1,1,1,1,1,1,0,0,1,1,1
_____________________________________________________
_____________________________________________________
65,11,0.0000,
1,6,1,1,1,1,1,1,1,0,0,1,1,1
0,7,1,0,1,1,0,0,1,0,0,0,0,0
_____________________________________________________
_____________________________________________________
66,0,0.0000,
0,7,1,0,1,1,0,0,1,0,0,0,0,0
0,7,1,0,1,1,0,0,1,0,0,0,0,0
_____________________________________________________
_____________________________________________________
67,0,0.0000,
0,7,1,0,1,1,0,0,1,0,0,0,0,0
0,7,1,1,1,1,1,1,1,0,0,1,1,1
_____________________________________________________
_____________________________________________________
68,0,0.0000,
0,7,1,1,1,1,1,1,1,0,0,1,1,1
0,7,1,1,1,1,1,1,1,0,0,1,1,1
_____________________________________________________
_____________________________________________________
69,0,0.0000,
0,7,1,1,1,1,1,1,1,0,0,1,1,1
0,7,1,0,0,0,0,0,0,1,0,1,1,1
_____________________________________________________
_____________________________________________________
70,0,0.0000,
0,7,1,0,0,0,0,0,0,1,0,1,1,1
1,6,1,0,0,0,0,1,0,1,1,1,1,1
_____________________________________________________
_____________________________________________________
71,11,0.0000,
1,6,1,0,0,0,0,1,0,1,1,1,1,1
1,6,1,0,1,0,0,1,0,1,1,1,0,1
_____________________________________________________
_____________________________________________________
72,6,0.0000,
1,6,1,0,1,0,0,1,0,1,1,1,0,1
1,6,1,0,0,0,0,0,0,1,0,1,1,1
_____________________________________________________
_____________________________________________________
73,11,0.0000,
1,6,1,0,0,0,0,0,0,1,0,1,1,1
0,7,1,0,1,0,0,1,1,1,1,1,0,1
_____________________________________________________
_____________________________________________________
74,0,0.0000,
0,7,1,0,1,0,0,1,1,1,1,1,0,1
1,6,1,0,1,0,0,1,1,1,1,1,1,1
_____________________________________________________
_____________________________________________________
75,11,0.0000,
1,6,1,0,1,0,0,1,1,1,1,1,1,1
0,7,1,0,1,0,0,1,1,1,1,1,0,0
_____________________________________________________
_____________________________________________________
76,0,0.0000,
0,7,1,0,1,0,0,1,1,1,1,1,0,0
0,7,1,0,1,0,0,1,1,1,1,1,0,1
_____________________________________________________
_____________________________________________________
77,0,0.0000,
0,7,1,0,1,0,0,1,1,1,1,1,0,1
1,6,1,0,1,0,0,1,1,1,1,0,1,1
_____________________________________________________
_____________________________________________________
78,11,0.0000,
1,6,1,0,1,0,0,1,1,1,1,0,1,1
0,7,0,0,1,0,0,1,1,0,1,0,0,0
_____________________________________________________
_____________________________________________________
79,0,0.0000,
0,7,0,0,1,0,0,1,1,0,1,0,0,0
0,7,0,0,1,0,0,1,1,0,1,0,0,0
_____________________________________________________
_____________________________________________________
80,0,0.0000,
0,7,0,0,1,0,0,1,1,0,1,0,0,0
0,7,0,0,1,0,0,1,1,0,1,1,0,0
_____________________________________________________
_____________________________________________________
81,0,0.0000,
0,7,0,0,1,0,0,1,1,0,1,1,0,0
1,6,1,0,1,0,0,1,1,1,1,1,0,1
_____________________________________________________
_____________________________________________________
82,7,0.0000,
1,6,1,0,1,0,0,1,1,1,1,1,0,1
0,7,1,0,1,0,0,1,0,1,1,1,1,1
_____________________________________________________
_____________________________________________________
83,0,0.0000,
0,7,1,0,1,0,0,1,0,1,1,1,1,1
0,7,1,1,1,1,1,0,0,1,1,0,1,0
_____________________________________________________
_____________________________________________________
84,0,0.0000,
0,7,1,1,1,1,1,0,0,1,1,0,1,0
1,6,1,1,1,1,1,0,0,1,1,0,1,0
_____________________________________________________
_____________________________________________________
85,11,0.0000,
1,6,1,1,1,1,1,0,0,1,1,0,1,0
0,7,1,0,1,1,1,0,0,0,1,0,0,0
_____________________________________________________
_____________________________________________________
86,0,0.0000,
0,7,1,0,1,1,1,0,0,0,1,0,0,0
1,6,1,0,1,1,1,0,1,0,1,0,0,0
_____________________________________________________
_____________________________________________________
87,5,0.0000,
1,6,1,0,1,1,1,0,1,0,1,0,0,0
1,6,1,0,1,1,0,1,1,0,1,0,0,0
_____________________________________________________
_____________________________________________________
88,7,0.0000,
1,6,1,0,1,1,0,1,1,0,1,0,0,0
0,7,1,0,1,1,0,0,0,0,1,0,0,0
_____________________________________________________
_____________________________________________________
89,0,0.0000,
0,7,1,0,1,1,0,0,0,0,1,0,0,0
0,7,1,1,1,1,0,0,0,1,1,0,1,0
_____________________________________________________
_____________________________________________________
90,0,0.0000,
0,7,1,1,1,1,0,0,0,1,1,0,1,0
0,7,1,1,1,1,0,0,0,1,1,0,1,0
_____________________________________________________
_____________________________________________________
91,0,0.0000,
0,7,1,1,1,1,0,0,0,1,1,0,1,0
0,7,1,1,1,1,0,0,0,1,1,0,1,0
_____________________________________________________
_____________________________________________________
92,0,0.0000,
0,7,1,1,1,1,0,0,0,1,1,0,1,0
1,6,1,1,1,1,0,0,0,1,1,0,1,0
_____________________________________________________
_____________________________________________________
93,11,0.0000,
1,6,1,1,1,1,0,0,0,1,1,0,1,0
0,7,1,0,0,1,0,0,0,0,1,0,0,0
_____________________________________________________
_____________________________________________________
94,0,0.0000,
0,7,1,0,0,1,0,0,0,0,1,0,0,0
1,6,1,0,0,1,1,0,0,0,1,0,0,0
_____________________________________________________
_____________________________________________________
95,5,0.0000,
1,6,1,0,0,1,1,0,0,0,1,0,0,0
0,7,0,0,0,0,0,0,0,0,0,0,0,0
_____________________________________________________
_____________________________________________________
96,0,0.0000,
0,7,0,0,0,0,0,0,0,0,0,0,0,0
1,6,0,0,0,0,0,1,1,0,0,0,0,1
_____________________________________________________
_____________________________________________________
97,7,0.0000,
1,6,0,0,0,0,0,1,1,0,0,0,0,1
0,7,0,0,0,0,0,0,1,0,0,0,0,1
_____________________________________________________
_____________________________________________________
98,0,0.0000,
0,7,0,0,0,0,0,0,1,0,0,0,0,1
1,6,0,0,0,0,1,0,1,0,0,0,0,1
_____________________________________________________
_____________________________________________________
99,7,0.0000,
1,6,0,0,0,0,1,0,1,0,0,0,0,1
0,7,0,0,0,0,1,0,0,0,0,0,0,1
_____________________________________________________
_____________________________________________________
100,0,0.0000,
0,7,0,0,0,0,1,0,0,0,0,0,0,1
0,7,0,0,0,0,1,0,0,1,0,0,0,1
_____________________________________________________
_____________________________________________________
101,0,0.0000,
0,7,0,0,0,0,1,0,0,1,0,0,0,1
0,7,0,0,0,0,1,0,0,1,0,0,0,1
_____________________________________________________
_____________________________________________________
102,0,0.0000,
0,7,0,0,0,0,1,0,0,1,0,0,0,1
0,7,0,0,0,0,1,0,0,1,0,0,0,1
_____________________________________________________
_____________________________________________________
103,0,0.0000,
0,7,0,0,0,0,1,0,0,1,0,0,0,1
0,7,0,0,0,0,1,1,0,1,0,0,0,1
_____________________________________________________
_____________________________________________________
104,0,0.0000,
0,7,0,0,0,0,1,1,0,1,0,0,0,1
0,7,0,1,0,0,1,1,1,1,0,0,0,1
_____________________________________________________
_____________________________________________________
105,0,0.0000,
0,7,0,1,0,0,1,1,1,1,0,0,0,1
0,7,0,1,0,0,1,1,1,1,0,0,0,1
_____________________________________________________
_____________________________________________________
106,0,0.0000,
0,7,0,1,0,0,1,1,1,1,0,0,0,1
0,7,0,1,0,0,1,1,1,1,0,0,0,1
_____________________________________________________
_____________________________________________________
107,0,0.0000,
0,7,0,1,0,0,1,1,1,1,0,0,0,1
0,7,0,1,0,0,1,1,1,1,0,0,0,1
_____________________________________________________
_____________________________________________________
108,0,0.0000,
0,7,0,1,0,0,1,1,1,1,0,0,0,1
0,7,0,1,0,0,1,1,1,1,0,0,0,1
_____________________________________________________
_____________________________________________________
109,0,0.0000,
0,7,0,1,0,0,1,1,1,1,0,0,0,1
1,6,0,1,0,0,1,1,1,1,0,0,0,1
_____________________________________________________
_____________________________________________________
110,5,0.0000,
1,6,0,1,0,0,1,1,1,1,0,0,0,1
0,7,0,1,0,0,0,1,1,1,0,0,0,1
_____________________________________________________
_____________________________________________________
111,0,0.0000,
0,7,0,1,0,0,0,1,1,1,0,0,0,1
0,7,0,0,1,1,0,1,0,0,0,1,0,1
_____________________________________________________
_____________________________________________________
112,0,0.0000,
0,7,0,0,1,1,0,1,0,0,0,1,0,1
0,7,0,1,1,1,0,1,0,1,0,1,0,1
_____________________________________________________
_____________________________________________________
113,0,0.0000,
0,7,0,1,1,1,0,1,0,1,0,1,0,1
0,7,0,1,1,1,0,1,0,1,0,1,0,1
_____________________________________________________
_____________________________________________________
114,0,0.0000,
0,7,0,1,1,1,0,1,0,1,0,1,0,1
0,7,0,1,1,1,0,1,1,1,0,1,1,1
_____________________________________________________
_____________________________________________________
115,0,0.0000,
0,7,0,1,1,1,0,1,1,1,0,1,1,1
1,6,0,1,1,1,0,1,1,1,0,1,1,1
_____________________________________________________
_____________________________________________________
116,11,0.0000,
1,6,0,1,1,1,0,1,1,1,0,1,1,1
0,7,0,1,1,1,0,1,0,1,0,1,0,1
_____________________________________________________
_____________________________________________________
117,0,0.0000,
0,7,0,1,1,1,0,1,0,1,0,1,0,1
0,7,0,1,1,1,0,1,0,1,0,1,0,1
_____________________________________________________
_____________________________________________________
118,0,0.0000,
0,7,0,1,1,1,0,1,0,1,0,1,0,1
0,7,0,1,1,1,0,1,0,1,0,1,0,1
_____________________________________________________
_____________________________________________________
119,0,0.0000,
0,7,0,1,1,1,0,1,0,1,0,1,0,1
1,6,0,1,1,1,0,1,0,1,0,1,0,1
_____________________________________________________
_____________________________________________________
120,6,0.0000,
1,6,0,1,1,1,0,1,0,1,0,1,0,1
0,7,0,1,1,1,0,0,0,1,1,1,0,1
_____________________________________________________
_____________________________________________________
121,0,0.0000,
0,7,0,1,1,1,0,0,0,1,1,1,0,1
1,6,0,1,1,0,1,0,1,1,1,1,1,1
_____________________________________________________
_____________________________________________________
122,11,0.0000,
1,6,0,1,1,0,1,0,1,1,1,1,1,1
1,6,0,1,0,0,1,1,0,1,1,1,0,1
_____________________________________________________
_____________________________________________________
123,5,0.0000,
1,6,0,1,0,0,1,1,0,1,1,1,0,1
1,6,0,1,0,0,0,1,0,1,0,1,0,1
_____________________________________________________
_____________________________________________________
124,6,0.0000,
1,6,0,1,0,0,0,1,0,1,0,1,0,1
1,6,0,1,0,0,0,0,0,1,0,1,0,1
_____________________________________________________
_____________________________________________________
125,2,0.0000,
1,6,0,1,0,0,0,0,0,1,0,1,0,1
0,7,0,0,0,1,0,0,0,1,0,0,1,0
_____________________________________________________
_____________________________________________________
126,0,0.0000,
0,7,0,0,0,1,0,0,0,1,0,0,1,0
1,6,0,0,0,1,0,0,0,1,0,0,1,0
_____________________________________________________
_____________________________________________________
127,11,0.0000,
1,6,0,0,0,1,0,0,0,1,0,0,1,0
0,7,0,0,0,1,0,0,0,0,0,0,0,0
_____________________________________________________
_____________________________________________________
128,0,0.0000,
0,7,0,0,0,1,0,0,0,0,0,0,0,0
0,7,0,0,0,1,0,0,0,0,0,0,0,0
_____________________________________________________
_____________________________________________________
129,0,0.0000,
0,7,0,0,0,1,0,0,0,0,0,0,0,0
1,6,0,0,0,1,0,0,0,0,0,0,0,0
_____________________________________________________
_____________________________________________________
130,0,0.0000,
1,6,0,0,0,1,0,0,0,0,0,0,0,0
1,5,0,0,0,1,0,0,0,0,0,0,0,0
_____________________________________________________
_____________________________________________________
131,0,0.0000,
1,5,0,0,0,1,0,0,0,0,0,0,0,0
1,4,0,0,0,1,0,0,0,0,0,0,0,0
_____________________________________________________
_____________________________________________________
132,0,0.0000,
1,4,0,0,0,1,0,0,0,0,0,0,0,0
1,3,0,0,0,1,0,0,0,0,0,0,0,0
_____________________________________________________
_____________________________________________________
133,0,0.0000,
1,3,0,0,0,1,0,0,0,0,0,0,0,0
1,2,0,0,0,1,0,0,0,0,0,0,0,0
_____________________________________________________
_____________________________________________________
134,10,-1.0000,
1,2,0,0,0,1,0,0,0,0,0,0,0,0
1,6,0,0,0,1,0,0,0,0,1,-1,0,0
_____________________________________________________
_____________________________________________________
135,10,0.0000,
1,6,0,0,0,1,0,0,0,0,1,-1,0,0
0,7,0,1,0,1,0,0,0,0,1,-1,0,0
_____________________________________________________
_____________________________________________________
136,0,0.0000,
0,7,0,1,0,1,0,0,0,0,1,-1,0,0
0,7,0,1,0,1,0,0,0,0,1,-1,0,0
_____________________________________________________
_____________________________________________________
137,0,0.0000,
0,7,0,1,0,1,0,0,0,0,1,-1,0,0
0,7,0,1,0,1,0,0,0,0,1,-1,0,0
_____________________________________________________
_____________________________________________________
138,0,0.0000,
0,7,0,1,0,1,0,0,0,0,1,-1,0,0
1,6,0,1,0,1,0,0,0,0,1,-1,0,0
_____________________________________________________
_____________________________________________________
139,10,0.0000,
1,6,0,1,0,1,0,0,0,0,1,-1,0,0
0,6,0,0,0,0,0,0,0,0,0,0,0,0
_____________________________________________________
