_____________________________________________________
0,9,-1.0000,
6,2,0,0,0,0,0,0,0,0,0,0,0,0
6,2,0,0,0,0,0,0,0,0,-1,0,0,0
_____________________________________________________
_____________________________________________________
1,9,0.0000,
6,2,0,0,0,0,0,0,0,0,-1,0,0,0
5,2,0,0,0,0,0,0,0,0,-1,0,0,0
_____________________________________________________
_____________________________________________________
2,9,0.0000,
5,2,0,0,0,0,0,0,0,0,-1,0,0,0
5,2,0,0,0,0,0,0,0,0,-1,0,0,0
_____________________________________________________
_____________________________________________________
3,9,0.0000,
5,2,0,0,0,0,0,0,0,0,-1,0,0,0
5,2,0,0,0,0,0,0,0,0,-1,0,0,0
_____________________________________________________
_____________________________________________________
4,9,0.0000,
5,2,0,0,0,0,0,0,0,0,-1,0,0,0
4,1,0,0,0,0,0,0,0,0,-1,0,0,0
_____________________________________________________
_____________________________________________________
5,9,0.0000,
4,1,0,0,0,0,0,0,0,0,-1,0,0,0
3,1,0,0,0,0,0,0,0,0,-1,0,0,0
_____________________________________________________
_____________________________________________________
6,9,0.0000,
3,1,0,0,0,0,0,0,0,0,-1,0,0,0
3,2,0,0,0,0,0,0,0,0,-1,0,0,0
_____________________________________________________
_____________________________________________________
7,9,0.0000,
3,2,0,0,0,0,0,0,0,0,-1,0,0,0
2,2,0,0,0,0,0,0,0,0,-1,0,0,0
_____________________________________________________
_____________________________________________________
8,9,0.0000,
2,2,0,0,0,0,0,0,0,0,-1,0,0,0
2,4,0,0,0,0,0,0,0,0,-1,0,0,0
_____________________________________________________
_____________________________________________________
9,9,0.0000,
2,4,0,0,0,0,0,0,0,0,-1,0,0,0
2,5,0,0,0,0,0,0,0,0,-1,0,0,0
_____________________________________________________
_____________________________________________________
10,9,0.0000,
2,5,0,0,0,0,0,0,0,0,-1,0,0,0
1,5,0,0,0,0,0,1,0,0,-1,0,0,0
_____________________________________________________
_____________________________________________________
11,9,0.0000,
1,5,0,0,0,0,0,1,0,0,-1,0,0,0
1,6,0,0,0,0,0,1,0,0,-1,0,0,0
_____________________________________________________
_____________________________________________________
12,9,0.0000,
1,6,0,0,0,0,0,1,0,0,-1,0,0,0
1,6,0,0,0,0,0,1,0,0,-1,0,0,0
_____________________________________________________
_____________________________________________________
13,9,0.0000,
1,6,0,0,0,0,0,1,0,0,-1,0,0,0
0,7,0,1,1,0,0,1,-1,1,0,0,0,0
_____________________________________________________
_____________________________________________________
14,0,0.0000,
0,7,0,1,1,0,0,1,-1,1,0,0,0,0
1,6,0,0,0,0,0,0,-1,1,0,0,0,0
_____________________________________________________
_____________________________________________________
15,7,0.0000,
1,6,0,0,0,0,0,0,-1,1,0,0,0,0
0,7,0,0,0,0,0,0,-1,1,0,0,0,0
_____________________________________________________
_____________________________________________________
16,0,0.0000,
0,7,0,0,0,0,0,0,-1,1,0,0,0,0
1,6,0,0,0,0,0,0,-1,1,0,1,0,0
_____________________________________________________
_____________________________________________________
17,7,0.0000,
1,6,0,0,0,0,0,0,-1,1,0,1,0,0
1,6,0,1,1,0,0,1,-1,1,0,1,0,0
_____________________________________________________
_____________________________________________________
18,7,0.0000,
1,6,0,1,1,0,0,1,-1,1,0,1,0,0
0,7,0,1,1,0,0,1,-1,1,0,1,0,0
_____________________________________________________
_____________________________________________________
19,0,0.0000,
0,7,0,1,1,0,0,1,-1,1,0,1,0,0
0,7,0,1,1,0,0,0,-1,1,0,0,0,1
_____________________________________________________
_____________________________________________________
20,0,0.0000,
0,7,0,1,1,0,0,0,-1,1,0,0,0,1
1,6,0,0,0,1,0,0,-1,1,0,0,1,1
_____________________________________________________
_____________________________________________________
21,7,0.0000,
1,6,0,0,0,1,0,0,-1,1,0,0,1,1
1,6,0,0,0,1,0,0,-1,1,0,0,1,1
_____________________________________________________
_____________________________________________________
22,7,0.0000,
1,6,0,0,0,1,0,0,-1,1,0,0,1,1
0,7,0,0,0,1,0,0,-1,1,0,0,1,1
_____________________________________________________
_____________________________________________________
23,0,0.0000,
0,7,0,0,0,1,0,0,-1,1,0,0,1,1
1,6,0,0,0,1,0,0,-1,1,0,0,1,1
_____________________________________________________
_____________________________________________________
24,7,0.0000,
1,6,0,0,0,1,0,0,-1,1,0,0,1,1
0,7,0,0,0,1,0,0,-1,1,0,0,1,1
_____________________________________________________
_____________________________________________________
25,0,0.0000,
0,7,0,0,0,1,0,0,-1,1,0,0,1,1
0,7,0,0,0,1,0,0,-1,1,0,0,0,0
_____________________________________________________
_____________________________________________________
26,0,0.0000,
0,7,0,0,0,1,0,0,-1,1,0,0,0,0
0,7,0,0,0,0,0,0,-1,1,1,0,0,0
_____________________________________________________
_____________________________________________________
27,0,0.0000,
0,7,0,0,0,0,0,0,-1,1,1,0,0,0
0,7,0,0,0,-1,0,1,0,1,0,0,1,1
_____________________________________________________
_____________________________________________________
28,0,0.0000,
0,7,0,0,0,-1,0,1,0,1,0,0,1,1
0,7,0,1,0,-1,0,1,0,1,0,0,1,1
_____________________________________________________
_____________________________________________________
29,0,0.0000,
0,7,0,1,0,-1,0,1,0,1,0,0,1,1
1,6,0,1,0,-1,0,1,0,1,0,0,1,1
_____________________________________________________
_____________________________________________________
30,11,0.0000,
1,6,0,1,0,-1,0,1,0,1,0,0,1,1
1,6,0,1,0,-1,0,1,0,0,0,0,0,0
_____________________________________________________
_____________________________________________________
31,6,0.0000,
1,6,0,1,0,-1,0,1,0,0,0,0,0,0
1,6,0,1,0,-1,0,0,0,0,0,0,0,0
_____________________________________________________
_____________________________________________________
32,2,0.0000,
1,6,0,1,0,-1,0,0,0,0,0,0,0,0
1,6,0,0,0,-1,0,0,1,0,0,0,0,0
_____________________________________________________
_____________________________________________________
33,7,0.0000,
1,6,0,0,0,-1,0,0,1,0,0,0,0,0
0,7,0,0,0,-1,0,0,0,0,0,0,0,0
_____________________________________________________
_____________________________________________________
34,0,0.0000,
0,7,0,0,0,-1,0,0,0,0,0,0,0,0
0,7,0,0,0,-1,0,0,0,0,0,0,1,1
_____________________________________________________
_____________________________________________________
35,0,0.0000,
0,7,0,0,0,-1,0,0,0,0,0,0,1,1
0,7,0,0,0,-1,0,0,0,0,0,0,1,1
_____________________________________________________
_____________________________________________________
36,0,0.0000,
0,7,0,0,0,-1,0,0,0,0,0,0,1,1
0,7,0,0,0,-1,0,0,0,0,0,0,1,1
_____________________________________________________
_____________________________________________________
37,0,0.0000,
0,7,0,0,0,-1,0,0,0,0,0,0,1,1
0,7,0,0,0,-1,0,0,0,0,0,0,1,1
_____________________________________________________
_____________________________________________________
38,0,0.0000,
0,7,0,0,0,-1,0,0,0,0,0,0,1,1
1,6,0,0,0,-1,0,0,0,0,0,0,1,1
_____________________________________________________
_____________________________________________________
39,11,0.0000,
1,6,0,0,0,-1,0,0,0,0,0,0,1,1
1,6,0,0,0,-1,0,0,0,0,0,0,0,0
_____________________________________________________
_____________________________________________________
40,0,0.0000,
1,6,0,0,0,-1,0,0,0,0,0,0,0,0
1,5,0,0,0,-1,0,0,0,0,0,0,0,0
_____________________________________________________
_____________________________________________________
41,0,0.0000,
1,5,0,0,0,-1,0,0,0,0,0,0,0,0
1,4,0,0,0,0,0,0,0,1,-1,0,0,0
_____________________________________________________
_____________________________________________________
42,9,0.0000,
1,4,0,0,0,0,0,0,0,1,-1,0,0,0
1,6,1,0,0,0,0,0,0,1,-1,0,0,0
_____________________________________________________
_____________________________________________________
43,9,0.0000,
1,6,1,0,0,0,0,0,0,1,-1,0,0,0
0,7,1,0,0,0,0,0,0,1,-1,0,0,0
_____________________________________________________
_____________________________________________________
44,0,0.0000,
0,7,1,0,0,0,0,0,0,1,-1,0,0,0
1,6,0,0,0,0,0,0,0,0,-1,0,0,0
_____________________________________________________
_____________________________________________________
45,9,0.0000,
1,6,0,0,0,0,0,0,0,0,-1,0,0,0
1,6,0,0,0,0,0,0,0,0,-1,0,0,0
_____________________________________________________
_____________________________________________________
46,9,0.0000,
1,6,0,0,0,0,0,0,0,0,-1,0,0,0
1,6,0,0,0,0,0,0,0,0,-1,0,0,0
_____________________________________________________
_____________________________________________________
47,9,0.0000,
1,6,0,0,0,0,0,0,0,0,-1,0,0,0
0,7,0,0,0,0,0,0,0,0,-1,0,0,0
_____________________________________________________
_____________________________________________________
48,0,0.0000,
0,7,0,0,0,0,0,0,0,0,-1,0,0,0
1,6,1,0,0,0,0,0,0,1,-1,0,0,0
_____________________________________________________
_____________________________________________________
49,9,0.0000,
1,6,1,0,0,0,0,0,0,1,-1,0,0,0
0,7,1,0,0,0,0,0,0,1,-1,0,0,0
_____________________________________________________
_____________________________________________________
50,0,0.0000,
0,7,1,0,0,0,0,0,0,1,-1,0,0,0
1,6,1,0,0,0,0,0,0,1,-1,0,0,0
_____________________________________________________
_____________________________________________________
51,9,0.0000,
1,6,1,0,0,0,0,0,0,1,-1,0,0,0
1,6,1,0,0,0,0,0,0,1,-1,0,0,0
_____________________________________________________
_____________________________________________________
52,9,0.0000,
1,6,1,0,0,0,0,0,0,1,-1,0,0,0
0,7,1,0,0,0,0,0,0,1,-1,0,0,0
_____________________________________________________
_____________________________________________________
53,0,0.0000,
0,7,1,0,0,0,0,0,0,1,-1,0,0,0
1,6,1,0,0,0,0,0,0,1,-1,0,0,0
_____________________________________________________
_____________________________________________________
54,9,0.0000,
1,6,1,0,0,0,0,0,0,1,-1,0,0,0
1,6,1,0,0,0,0,0,0,1,-1,0,0,0
_____________________________________________________
_____________________________________________________
55,9,0.0000,
1,6,1,0,0,0,0,0,0,1,-1,0,0,0
0,7,0,0,0,0,-1,0,0,0,-1,0,-1,0
_____________________________________________________
_____________________________________________________
56,0,0.0000,
0,7,0,0,0,0,-1,0,0,0,-1,0,-1,0
1,6,0,0,0,0,-1,0,0,0,-1,0,-1,0
_____________________________________________________
_____________________________________________________
57,9,0.0000,
1,6,0,0,0,0,-1,0,0,0,-1,0,-1,0
0,7,0,0,0,0,-1,0,0,0,-1,0,-1,0
_____________________________________________________
_____________________________________________________
58,0,0.0000,
0,7,0,0,0,0,-1,0,0,0,-1,0,-1,0
0,7,0,0,0,0,-1,0,0,0,-1,0,-1,0
_____________________________________________________
_____________________________________________________
59,0,0.0000,
0,7,0,0,0,0,-1,0,0,0,-1,0,-1,0
1,6,0,0,0,0,-1,0,0,0,-1,0,-1,0
_____________________________________________________
_____________________________________________________
60,9,0.0000,
1,6,0,0,0,0,-1,0,0,0,-1,0,-1,0
0,7,0,0,1,0,-1,0,1,0,-1,0,-1,0
_____________________________________________________
_____________________________________________________
61,0,0.0000,
0,7,0,0,1,0,-1,0,1,0,-1,0,-1,0
0,7,0,0,1,0,-1,0,1,0,-1,0,-1,0
_____________________________________________________
_____________________________________________________
62,0,0.0000,
0,7,0,0,1,0,-1,0,1,0,-1,0,-1,0
1,6,0,0,1,1,-1,0,1,0,-1,0,-1,0
_____________________________________________________
_____________________________________________________
63,5,0.0000,
1,6,0,0,1,1,-1,0,1,0,-1,0,-1,0
0,7,1,0,1,1,-1,0,1,0,-1,0,-1,0
_____________________________________________________
_____________________________________________________
64,0,0.0000,
0,7,1,0,1,1,-1,0,1,0,-1,0,-1,0
0,7,1,0,1,1,-1,0,1,0,-1,0,-1,0
_____________________________________________________
_____________________________________________________
65,0,0.0000,
0,7,1,0,1,1,-1,0,1,0,-1,0,-1,0
1,6,1,0,1,1,-1,0,1,0,-1,0,-1,0
_____________________________________________________
_____________________________________________________
66,5,0.0000,
1,6,1,0,1,1,-1,0,1,0,-1,0,-1,0
1,6,1,0,1,1,-1,0,1,0,-1,0,-1,0
_____________________________________________________
_____________________________________________________
67,5,0.0000,
1,6,1,0,1,1,-1,0,1,0,-1,0,-1,0
1,6,1,0,1,1,-1,0,1,0,-1,0,-1,0
_____________________________________________________
_____________________________________________________
68,5,0.0000,
1,6,1,0,1,1,-1,0,1,0,-1,0,-1,0
1,6,1,0,1,0,-1,0,1,0,-1,0,-1,0
_____________________________________________________
_____________________________________________________
69,5,0.0000,
1,6,1,0,1,0,-1,0,1,0,-1,0,-1,0
1,6,0,0,0,1,0,0,0,0,0,0,0,1
_____________________________________________________
_____________________________________________________
70,12,0.0000,
1,6,0,0,0,1,0,0,0,0,0,0,0,1
1,6,0,0,0,0,0,0,0,0,0,0,1,0
_____________________________________________________
_____________________________________________________
71,11,0.0000,
1,6,0,0,0,0,0,0,0,0,0,0,1,0
1,6,0,0,0,0,0,0,0,0,0,0,0,0
_____________________________________________________
_____________________________________________________
72,0,0.0000,
1,6,0,0,0,0,0,0,0,0,0,0,0,0
2,5,0,0,0,0,0,0,0,0,0,0,0,0
_____________________________________________________
_____________________________________________________
73,9,-1.0000,
2,5,0,0,0,0,0,0,0,0,0,0,0,0
1,5,-1,0,0,0,0,0,0,0,-1,0,0,0
_____________________________________________________
_____________________________________________________
74,9,0.0000,
1,5,-1,0,0,0,0,0,0,0,-1,0,0,0
0,7,-1,0,0,0,0,0,0,0,-1,0,0,0
_____________________________________________________
_____________________________________________________
75,0,0.0000,
0,7,-1,0,0,0,0,0,0,0,-1,0,0,0
1,6,-1,0,0,0,0,0,0,0,-1,0,0,0
_____________________________________________________
_____________________________________________________
76,9,0.0000,
1,6,-1,0,0,0,0,0,0,0,-1,0,0,0
1,6,-1,0,0,0,0,0,0,0,-1,0,0,0
_____________________________________________________
_____________________________________________________
77,9,0.0000,
1,6,-1,0,0,0,0,0,0,0,-1,0,0,0
1,6,-1,0,0,0,0,0,0,0,-1,0,0,0
_____________________________________________________
_____________________________________________________
78,9,0.0000,
1,6,-1,0,0,0,0,0,0,0,-1,0,0,0
1,6,-1,0,0,0,0,0,0,0,-1,0,0,0
_____________________________________________________
_____________________________________________________
79,9,0.0000,
1,6,-1,0,0,0,0,0,0,0,-1,0,0,0
0,7,-1,0,1,0,0,1,0,0,-1,0,0,0
_____________________________________________________
_____________________________________________________
80,0,0.0000,
0,7,-1,0,1,0,0,1,0,0,-1,0,0,0
1,6,-1,0,1,1,0,1,0,0,-1,0,0,1
_____________________________________________________
_____________________________________________________
81,9,0.0000,
1,6,-1,0,1,1,0,1,0,0,-1,0,0,1
0,7,0,0,1,1,0,1,0,0,0,0,0,1
_____________________________________________________
_____________________________________________________
82,0,0.0000,
0,7,0,0,1,1,0,1,0,0,0,0,0,1
0,7,0,0,1,1,0,1,0,0,0,0,0,1
_____________________________________________________
_____________________________________________________
83,0,0.0000,
0,7,0,0,1,1,0,1,0,0,0,0,0,1
0,7,0,0,0,-1,0,0,0,-1,0,0,1,1
_____________________________________________________
_____________________________________________________
84,0,0.0000,
0,7,0,0,0,-1,0,0,0,-1,0,0,1,1
0,7,0,0,0,-1,0,0,0,-1,0,0,0,1
_____________________________________________________
_____________________________________________________
85,0,0.0000,
0,7,0,0,0,-1,0,0,0,-1,0,0,0,1
1,6,0,0,0,-1,0,0,0,-1,0,0,0,1
_____________________________________________________
_____________________________________________________
86,9,-1.0000,
1,6,0,0,0,-1,0,0,0,-1,0,0,0,1
0,7,0,0,0,-1,0,0,0,-1,-1,0,0,1
_____________________________________________________
_____________________________________________________
87,0,0.0000,
0,7,0,0,0,-1,0,0,0,-1,-1,0,0,1
0,7,0,0,0,-1,0,0,0,-1,-1,0,0,1
_____________________________________________________
_____________________________________________________
88,0,0.0000,
0,7,0,0,0,-1,0,0,0,-1,-1,0,0,1
0,7,0,0,0,-1,0,0,0,-1,-1,0,0,0
_____________________________________________________
_____________________________________________________
89,0,0.0000,
0,7,0,0,0,-1,0,0,0,-1,-1,0,0,0
1,6,0,0,0,-1,0,1,0,-1,-1,0,0,0
_____________________________________________________
_____________________________________________________
90,9,0.0000,
1,6,0,0,0,-1,0,1,0,-1,-1,0,0,0
1,6,0,0,0,-1,0,1,0,-1,-1,0,0,0
_____________________________________________________
_____________________________________________________
91,9,0.0000,
1,6,0,0,0,-1,0,1,0,-1,-1,0,0,0
0,7,0,0,0,-1,0,1,1,-1,-1,0,0,0
_____________________________________________________
_____________________________________________________
92,0,0.0000,
0,7,0,0,0,-1,0,1,1,-1,-1,0,0,0
0,7,0,0,0,-1,0,1,1,-1,-1,0,0,0
_____________________________________________________
_____________________________________________________
93,0,0.0000,
0,7,0,0,0,-1,0,1,1,-1,-1,0,0,0
1,6,0,0,0,-1,0,1,1,-1,-1,0,0,0
_____________________________________________________
_____________________________________________________
94,9,0.0000,
1,6,0,0,0,-1,0,1,1,-1,-1,0,0,0
1,6,0,0,0,-1,0,1,1,-1,-1,0,0,0
_____________________________________________________
_____________________________________________________
95,9,0.0000,
1,6,0,0,0,-1,0,1,1,-1,-1,0,0,0
1,6,0,0,0,-1,0,1,1,-1,-1,0,0,0
_____________________________________________________
_____________________________________________________
96,9,0.0000,
1,6,0,0,0,-1,0,1,1,-1,-1,0,0,0
0,7,0,0,0,-1,0,1,1,-1,-1,0,0,0
_____________________________________________________
_____________________________________________________
97,0,0.0000,
0,7,0,0,0,-1,0,1,1,-1,-1,0,0,0
0,7,0,0,0,0,1,0,0,0,-1,1,0,1
_____________________________________________________
_____________________________________________________
98,0,0.0000,
0,7,0,0,0,0,1,0,0,0,-1,1,0,1
1,6,0,0,0,0,1,0,0,0,-1,1,0,1
_____________________________________________________
_____________________________________________________
99,9,0.0000,
1,6,0,0,0,0,1,0,0,0,-1,1,0,1
1,6,0,0,0,0,1,0,0,0,-1,1,0,1
_____________________________________________________
_____________________________________________________
100,9,0.0000,
1,6,0,0,0,0,1,0,0,0,-1,1,0,1
0,7,0,0,0,0,1,0,0,0,-1,1,0,1
_____________________________________________________
_____________________________________________________
101,0,0.0000,
0,7,0,0,0,0,1,0,0,0,-1,1,0,1
1,6,0,0,0,0,1,0,0,0,-1,1,0,1
_____________________________________________________
_____________________________________________________
102,9,0.0000,
1,6,0,0,0,0,1,0,0,0,-1,1,0,1
1,6,0,0,0,0,1,0,0,0,-1,1,0,1
_____________________________________________________
_____________________________________________________
103,9,0.0000,
1,6,0,0,0,0,1,0,0,0,-1,1,0,1
0,7,0,0,0,0,1,0,0,0,-1,1,1,0
_____________________________________________________
_____________________________________________________
104,0,0.0000,
0,7,0,0,0,0,1,0,0,0,-1,1,1,0
1,6,0,0,0,0,1,0,0,0,-1,1,1,0
_____________________________________________________
_____________________________________________________
105,9,0.0000,
1,6,0,0,0,0,1,0,0,0,-1,1,1,0
0,7,0,0,0,0,0,0,0,0,-1,1,1,0
_____________________________________________________
_____________________________________________________
106,0,0.0000,
0,7,0,0,0,0,0,0,0,0,-1,1,1,0
1,6,0,0,0,0,0,0,0,0,-1,1,1,0
_____________________________________________________
_____________________________________________________
107,9,0.0000,
1,6,0,0,0,0,0,0,0,0,-1,1,1,0
0,7,0,0,0,0,0,0,0,0,-1,0,1,0
_____________________________________________________
_____________________________________________________
108,0,0.0000,
0,7,0,0,0,0,0,0,0,0,-1,0,1,0
1,6,0,0,0,0,0,0,0,0,-1,0,1,0
_____________________________________________________
_____________________________________________________
109,9,0.0000,
1,6,0,0,0,0,0,0,0,0,-1,0,1,0
0,7,0,0,0,0,0,0,0,0,-1,0,1,0
_____________________________________________________
_____________________________________________________
110,0,0.0000,
0,7,0,0,0,0,0,0,0,0,-1,0,1,0
0,7,0,0,0,0,0,0,0,0,-1,0,1,0
_____________________________________________________
_____________________________________________________
111,0,0.0000,
0,7,0,0,0,0,0,0,0,0,-1,0,1,0
0,7,0,0,0,0,0,0,0,1,0,1,0,0
_____________________________________________________
_____________________________________________________
112,0,0.0000,
0,7,0,0,0,0,0,0,0,1,0,1,0,0
1,6,0,0,0,0,0,0,0,1,0,1,1,0
_____________________________________________________
_____________________________________________________
113,11,0.0000,
1,6,0,0,0,0,0,0,0,1,0,1,1,0
0,7,0,0,0,0,0,0,0,1,0,1,0,0
_____________________________________________________
_____________________________________________________
114,0,0.0000,
0,7,0,0,0,0,0,0,0,1,0,1,0,0
0,7,0,0,0,0,0,0,0,0,0,0,0,0
_____________________________________________________
_____________________________________________________
115,0,0.0000,
0,7,0,0,0,0,0,0,0,0,0,0,0,0
0,7,0,0,0,0,0,0,0,0,0,0,0,0
_____________________________________________________
_____________________________________________________
116,0,0.0000,
0,7,0,0,0,0,0,0,0,0,0,0,0,0
0,7,0,0,0,0,0,0,0,0,0,0,0,0
_____________________________________________________
_____________________________________________________
117,0,0.0000,
0,7,0,0,0,0,0,0,0,0,0,0,0,0
0,7,0,0,0,0,0,0,0,0,0,0,0,0
_____________________________________________________
_____________________________________________________
118,0,0.0000,
0,7,0,0,0,0,0,0,0,0,0,0,0,0
0,7,0,0,0,0,0,0,0,0,0,0,0,0
_____________________________________________________
_____________________________________________________
119,0,0.0000,
0,7,0,0,0,0,0,0,0,0,0,0,0,0
1,6,0,0,0,0,0,0,0,0,0,0,0,0
_____________________________________________________
_____________________________________________________
120,0,0.0000,
1,6,0,0,0,0,0,0,0,0,0,0,0,0
2,5,0,0,0,0,0,0,0,0,0,0,0,0
_____________________________________________________
_____________________________________________________
121,9,-1.0000,
2,5,0,0,0,0,0,0,0,0,0,0,0,0
1,5,-1,0,0,0,0,0,0,0,-1,0,0,0
_____________________________________________________
_____________________________________________________
122,9,0.0000,
1,5,-1,0,0,0,0,0,0,0,-1,0,0,0
0,7,-1,0,0,0,0,0,0,0,-1,0,0,0
_____________________________________________________
_____________________________________________________
123,0,0.0000,
0,7,-1,0,0,0,0,0,0,0,-1,0,0,0
0,7,-1,0,0,0,0,0,0,0,-1,0,0,0
_____________________________________________________
_____________________________________________________
124,0,0.0000,
0,7,-1,0,0,0,0,0,0,0,-1,0,0,0
1,6,-1,0,0,0,0,0,0,0,-1,0,0,0
_____________________________________________________
_____________________________________________________
125,9,0.0000,
1,6,-1,0,0,0,0,0,0,0,-1,0,0,0
0,7,0,-1,0,0,0,0,-1,0,1,0,0,-1
_____________________________________________________
_____________________________________________________
126,0,0.0000,
0,7,0,-1,0,0,0,0,-1,0,1,0,0,-1
1,6,0,-1,0,1,1,0,-1,0,1,0,0,-1
_____________________________________________________
_____________________________________________________
127,7,0.0000,
1,6,0,-1,0,1,1,0,-1,0,1,0,0,-1
0,7,0,-1,0,1,1,0,-1,0,1,0,0,-1
_____________________________________________________
_____________________________________________________
128,0,0.0000,
0,7,0,-1,0,1,1,0,-1,0,1,0,0,-1
0,7,0,-1,0,1,1,0,-1,0,1,0,0,-1
_____________________________________________________
_____________________________________________________
129,0,0.0000,
0,7,0,-1,0,1,1,0,-1,0,1,0,0,-1
0,7,0,-1,0,1,1,0,-1,0,1,0,0,-1
_____________________________________________________
_____________________________________________________
130,0,0.0000,
0,7,0,-1,0,1,1,0,-1,0,1,0,0,-1
1,6,0,-1,0,1,1,0,-1,0,1,0,0,-1
_____________________________________________________
_____________________________________________________
131,7,0.0000,
1,6,0,-1,0,1,1,0,-1,0,1,0,0,-1
0,7,0,-1,0,0,0,0,-1,0,0,0,0,-1
_____________________________________________________
_____________________________________________________
132,0,0.0000,
0,7,0,-1,0,0,0,0,-1,0,0,0,0,-1
0,7,0,-1,0,0,0,0,-1,0,0,0,0,-1
_____________________________________________________
_____________________________________________________
133,0,0.0000,
0,7,0,-1,0,0,0,0,-1,0,0,0,0,-1
1,6,0,-1,0,0,0,0,-1,0,0,0,0,-1
_____________________________________________________
_____________________________________________________
134,2,0.0000,
1,6,0,-1,0,0,0,0,-1,0,0,0,0,-1
0,7,0,-1,0,0,0,0,-1,1,0,0,0,-1
_____________________________________________________
_____________________________________________________
135,0,0.0000,
0,7,0,-1,0,0,0,0,-1,1,0,0,0,-1
1,6,0,-1,0,0,0,0,-1,1,0,0,0,-1
_____________________________________________________
_____________________________________________________
136,2,0.0000,
1,6,0,-1,0,0,0,0,-1,1,0,0,0,-1
1,6,0,-1,0,0,0,0,-1,1,0,0,0,-1
_____________________________________________________
_____________________________________________________
137,2,0.0000,
1,6,0,-1,0,0,0,0,-1,1,0,0,0,-1
1,6,0,-1,0,1,1,0,-1,1,1,0,0,-1
_____________________________________________________
_____________________________________________________
138,7,0.0000,
1,6,0,-1,0,1,1,0,-1,1,1,0,0,-1
1,6,0,-1,0,1,1,0,-1,1,1,0,0,-1
_____________________________________________________
_____________________________________________________
139,7,0.0000,
1,6,0,-1,0,1,1,0,-1,1,1,0,0,-1
0,6,0,0,0,0,0,0,0,0,0,0,0,0
_____________________________________________________
