_____________________________________________________
0,11,0.0000,
4,4,1,1,1,1,1,1,1,1,1,1,1,1
3,4,1,1,1,1,0,1,0,1,1,1,0,1
_____________________________________________________
_____________________________________________________
1,2,0.0000,
3,4,1,1,1,1,0,1,0,1,1,1,0,1
2,4,0,0,1,1,0,1,0,1,1,0,0,1
_____________________________________________________
_____________________________________________________
2,6,0.0000,
2,4,0,0,1,1,0,1,0,1,1,0,0,1
2,3,0,0,1,1,0,0,0,1,1,0,0,1
_____________________________________________________
_____________________________________________________
3,12,0.0000,
2,3,0,0,1,1,0,0,0,1,1,0,0,1
1,5,0,0,1,1,0,0,0,0,0,0,0,0
_____________________________________________________
_____________________________________________________
4,3,0.0000,
1,5,0,0,1,1,0,0,0,0,0,0,0,0
1,6,0,0,0,1,0,0,0,0,0,0,0,0
_____________________________________________________
_____________________________________________________
5,0,0.0000,
1,6,0,0,0,1,0,0,0,0,0,0,0,0
2,5,0,0,0,1,0,1,0,0,0,0,0,0
_____________________________________________________
_____________________________________________________
6,6,0.0000,
2,5,0,0,0,1,0,1,0,0,0,0,0,0
2,5,0,0,0,1,0,0,0,0,0,0,0,0
_____________________________________________________
_____________________________________________________
7,0,0.0000,
2,5,0,0,0,1,0,0,0,0,0,0,0,0
3,4,0,0,0,1,0,0,0,0,0,0,0,0
_____________________________________________________
_____________________________________________________
8,9,-1.0000,
3,4,0,0,0,1,0,0,0,0,0,0,0,0
2,4,0,0,0,1,0,0,0,-1,-1,0,0,-1
_____________________________________________________
_____________________________________________________
9,9,0.0000,
2,4,0,0,0,1,0,0,0,-1,-1,0,0,-1
1,4,0,0,0,1,0,0,0,-1,-1,0,0,-1
_____________________________________________________
_____________________________________________________
10,9,0.0000,
1,4,0,0,0,1,0,0,0,-1,-1,0,0,-1
1,6,0,0,0,1,0,0,0,-1,-1,0,0,-1
_____________________________________________________
_____________________________________________________
11,9,0.0000,
1,6,0,0,0,1,0,0,0,-1,-1,0,0,-1
0,7,0,0,0,1,0,0,0,-1,-1,0,0,-1
_____________________________________________________
_____________________________________________________
12,0,0.0000,
0,7,0,0,0,1,0,0,0,-1,-1,0,0,-1
0,7,0,0,0,1,0,1,0,-1,-1,0,0,-1
_____________________________________________________
_____________________________________________________
13,0,0.0000,
0,7,0,0,0,1,0,1,0,-1,-1,0,0,-1
0,7,1,1,0,1,1,-1,1,1,1,1,1,-1
_____________________________________________________
_____________________________________________________
14,0,0.0000,
0,7,1,1,0,1,1,-1,1,1,1,1,1,-1
1,6,1,1,0,1,1,-1,1,1,1,1,1,-1
_____________________________________________________
_____________________________________________________
15,11,0.0000,
1,6,1,1,0,1,1,-1,1,1,1,1,1,-1
1,6,0,1,1,1,1,-1,0,1,0,1,0,-1
_____________________________________________________
_____________________________________________________
16,12,0.0000,
1,6,0,1,1,1,1,-1,0,1,0,1,0,-1
1,6,0,1,1,1,1,-1,0,1,0,1,0,-1
_____________________________________________________
_____________________________________________________
17,5,0.0000,
1,6,0,1,1,1,1,-1,0,1,0,1,0,-1
0,7,0,1,1,1,1,-1,0,1,0,1,0,-1
_____________________________________________________
_____________________________________________________
18,0,0.0000,
0,7,0,1,1,1,1,-1,0,1,0,1,0,-1
1,6,0,1,1,1,1,-1,0,1,0,1,0,-1
_____________________________________________________
_____________________________________________________
19,12,0.0000,
1,6,0,1,1,1,1,-1,0,1,0,1,0,-1
0,7,0,1,1,1,1,-1,0,1,0,1,0,-1
_____________________________________________________
_____________________________________________________
20,0,0.0000,
0,7,0,1,1,1,1,-1,0,1,0,1,0,-1
1,6,0,1,1,1,1,-1,0,1,0,1,0,-1
_____________________________________________________
_____________________________________________________
21,12,0.0000,
1,6,0,1,1,1,1,-1,0,1,0,1,0,-1
0,7,0,1,1,1,1,-1,0,1,0,1,0,-1
_____________________________________________________
_____________________________________________________
22,0,0.0000,
0,7,0,1,1,1,1,-1,0,1,0,1,0,-1
0,7,0,1,1,1,1,-1,0,1,0,1,0,-1
_____________________________________________________
_____________________________________________________
23,0,0.0000,
0,7,0,1,1,1,1,-1,0,1,0,1,0,-1
1,6,0,1,1,1,1,-1,0,1,0,1,0,-1
_____________________________________________________
_____________________________________________________
24,12,0.0000,
1,6,0,1,1,1,1,-1,0,1,0,1,0,-1
0,7,0,1,1,1,1,-1,0,1,0,1,0,-1
_____________________________________________________
_____________________________________________________
25,0,0.0000,
0,7,0,1,1,1,1,-1,0,1,0,1,0,-1
0,7,0,1,1,1,1,-1,0,1,0,1,0,-1
_____________________________________________________
_____________________________________________________
26,0,0.0000,
0,7,0,1,1,1,1,-1,0,1,0,1,0,-1
0,7,0,1,1,1,1,-1,0,1,0,1,0,-1
_____________________________________________________
_____________________________________________________
27,0,0.0000,
0,7,0,1,1,1,1,-1,0,1,0,1,0,-1
0,7,1,1,0,0,1,1,0,1,1,1,1,-1
_____________________________________________________
_____________________________________________________
28,0,0.0000,
0,7,1,1,0,0,1,1,0,1,1,1,1,-1
1,6,1,1,0,0,1,1,0,1,1,1,1,-1
_____________________________________________________
_____________________________________________________
29,5,0.0000,
1,6,1,1,0,0,1,1,0,1,1,1,1,-1
0,7,1,1,0,0,0,1,0,1,1,1,1,-1
_____________________________________________________
_____________________________________________________
30,0,0.0000,
0,7,1,1,0,0,0,1,0,1,1,1,1,-1
0,7,1,1,0,0,1,1,0,1,1,1,1,-1
_____________________________________________________
_____________________________________________________
31,0,0.0000,
0,7,1,1,0,0,1,1,0,1,1,1,1,-1
1,6,1,1,0,1,1,1,0,1,1,1,1,-1
_____________________________________________________
_____________________________________________________
32,11,0.0000,
1,6,1,1,0,1,1,1,0,1,1,1,1,-1
1,6,0,1,0,1,1,1,1,1,0,0,0,-1
_____________________________________________________
_____________________________________________________
33,7,0.0000,
1,6,0,1,0,1,1,1,1,1,0,0,0,-1
1,6,0,1,0,1,1,1,0,1,0,0,1,-1
_____________________________________________________
_____________________________________________________
34,5,0.0000,
1,6,0,1,0,1,1,1,0,1,0,0,1,-1
0,7,1,1,0,1,0,0,0,1,1,1,1,-1
_____________________________________________________
_____________________________________________________
35,0,0.0000,
0,7,1,1,0,1,0,0,0,1,1,1,1,-1
1,6,1,1,0,1,1,1,0,1,1,1,1,-1
_____________________________________________________
_____________________________________________________
36,11,0.0000,
1,6,1,1,0,1,1,1,0,1,1,1,1,-1
1,6,0,1,0,1,1,1,0,1,0,0,0,-1
_____________________________________________________
_____________________________________________________
37,6,0.0000,
1,6,0,1,0,1,1,1,0,1,0,0,0,-1
1,6,0,1,0,1,0,0,0,1,0,0,0,-1
_____________________________________________________
_____________________________________________________
38,12,0.0000,
1,6,0,1,0,1,0,0,0,1,0,0,0,-1
0,7,0,1,0,1,0,1,0,1,0,1,1,-1
_____________________________________________________
_____________________________________________________
39,0,0.0000,
0,7,0,1,0,1,0,1,0,1,0,1,1,-1
1,6,1,1,0,1,1,1,0,1,1,1,1,-1
_____________________________________________________
_____________________________________________________
40,11,0.0000,
1,6,1,1,0,1,1,1,0,1,1,1,1,-1
1,6,0,1,0,1,1,1,0,1,0,0,0,-1
_____________________________________________________
_____________________________________________________
41,6,0.0000,
1,6,0,1,0,1,1,1,0,1,0,0,0,-1
1,6,0,0,1,1,1,1,0,0,0,1,0,1
_____________________________________________________
_____________________________________________________
42,5,0.0000,
1,6,0,0,1,1,1,1,0,0,0,1,0,1
1,6,0,0,1,1,0,1,0,0,0,1,0,1
_____________________________________________________
_____________________________________________________
43,6,0.0000,
1,6,0,0,1,1,0,1,0,0,0,1,0,1
0,7,1,0,1,1,0,0,0,0,1,1,0,0
_____________________________________________________
_____________________________________________________
44,0,0.0000,
0,7,1,0,1,1,0,0,0,0,1,1,0,0
0,7,1,0,1,1,0,0,0,0,1,1,0,0
_____________________________________________________
_____________________________________________________
45,0,0.0000,
0,7,1,0,1,1,0,0,0,0,1,1,0,0
1,6,1,1,1,1,1,0,1,1,1,1,0,0
_____________________________________________________
_____________________________________________________
46,5,0.0000,
1,6,1,1,1,1,1,0,1,1,1,1,0,0
1,6,1,1,1,1,0,0,1,1,1,1,0,0
_____________________________________________________
_____________________________________________________
47,9,0.0000,
1,6,1,1,1,1,0,0,1,1,1,1,0,0
1,6,0,1,1,1,0,0,1,1,0,1,0,0
_____________________________________________________
_____________________________________________________
48,7,0.0000,
1,6,0,1,1,1,0,0,1,1,0,1,0,0
1,6,0,0,1,1,0,0,0,0,0,1,0,0
_____________________________________________________
_____________________________________________________
49,10,0.0000,
1,6,0,0,1,1,0,0,0,0,0,1,0,0
1,6,0,0,1,0,1,0,0,0,0,0,0,0
_____________________________________________________
_____________________________________________________
50,5,0.0000,
1,6,0,0,1,0,1,0,0,0,0,0,0,0
1,6,1,0,1,0,0,0,0,0,1,0,0,0
_____________________________________________________
_____________________________________________________
51,9,0.0000,
1,6,1,0,1,0,0,0,0,0,1,0,0,0
0,7,0,0,1,0,0,0,1,1,0,0,0,0
_____________________________________________________
_____________________________________________________
52,0,0.0000,
0,7,0,0,1,0,0,0,1,1,0,0,0,0
0,7,0,1,1,1,0,0,1,1,0,1,0,0
_____________________________________________________
_____________________________________________________
53,0,0.0000,
0,7,0,1,1,1,0,0,1,1,0,1,0,0
0,7,0,1,1,1,0,0,1,1,0,1,0,0
_____________________________________________________
_____________________________________________________
54,0,0.0000,
0,7,0,1,1,1,0,0,1,1,0,1,0,0
0,7,0,1,1,1,1,0,1,1,1,1,0,0
_____________________________________________________
_____________________________________________________
55,0,0.0000,
0,7,0,1,1,1,1,0,1,1,1,1,0,0
0,7,1,0,-1,0,1,0,1,1,1,0,0,0
_____________________________________________________
_____________________________________________________
56,0,0.0000,
0,7,1,0,-1,0,1,0,1,1,1,0,0,0
0,7,1,0,-1,0,1,0,1,1,1,1,0,1
_____________________________________________________
_____________________________________________________
57,0,0.0000,
0,7,1,0,-1,0,1,0,1,1,1,1,0,1
1,6,1,1,-1,1,1,0,1,1,1,1,0,1
_____________________________________________________
_____________________________________________________
58,5,0.0000,
1,6,1,1,-1,1,1,0,1,1,1,1,0,1
1,6,1,1,-1,1,0,0,1,1,1,1,0,1
_____________________________________________________
_____________________________________________________
59,7,0.0000,
1,6,1,1,-1,1,0,0,1,1,1,1,0,1
1,6,1,1,-1,1,0,0,0,1,1,1,0,1
_____________________________________________________
_____________________________________________________
60,9,0.0000,
1,6,1,1,-1,1,0,0,0,1,1,1,0,1
1,6,0,1,-1,1,0,0,0,0,0,1,0,1
_____________________________________________________
_____________________________________________________
61,2,0.0000,
1,6,0,1,-1,1,0,0,0,0,0,1,0,1
0,7,0,0,-1,0,1,0,0,0,0,1,0,1
_____________________________________________________
_____________________________________________________
62,0,0.0000,
0,7,0,0,-1,0,1,0,0,0,0,1,0,1
1,6,0,1,-1,1,1,0,0,0,0,1,0,1
_____________________________________________________
_____________________________________________________
63,5,0.0000,
1,6,0,1,-1,1,1,0,0,0,0,1,0,1
1,6,0,1,-1,1,0,0,1,0,0,1,0,1
_____________________________________________________
_____________________________________________________
64,7,0.0000,
1,6,0,1,-1,1,0,0,1,0,0,1,0,1
0,7,0,1,-1,1,0,0,0,0,0,1,0,1
_____________________________________________________
_____________________________________________________
65,0,0.0000,
0,7,0,1,-1,1,0,0,0,0,0,1,0,1
1,6,0,1,-1,1,0,0,0,0,0,1,0,1
_____________________________________________________
_____________________________________________________
66,2,0.0000,
1,6,0,1,-1,1,0,0,0,0,0,1,0,1
0,7,0,1,-1,1,0,0,0,0,0,1,0,1
_____________________________________________________
_____________________________________________________
67,0,0.0000,
0,7,0,1,-1,1,0,0,0,0,0,1,0,1
1,6,0,1,-1,1,0,0,1,0,0,1,0,1
_____________________________________________________
_____________________________________________________
68,7,0.0000,
1,6,0,1,-1,1,0,0,1,0,0,1,0,1
0,7,0,1,-1,1,0,0,0,0,0,1,0,1
_____________________________________________________
_____________________________________________________
69,0,0.0000,
0,7,0,1,-1,1,0,0,0,0,0,1,0,1
1,6,1,1,1,0,1,0,1,1,0,0,1,1
_____________________________________________________
_____________________________________________________
70,11,0.0000,
1,6,1,1,1,0,1,0,1,1,0,0,1,1
1,6,1,1,1,0,1,0,1,1,0,0,1,1
_____________________________________________________
_____________________________________________________
71,11,0.0000,
1,6,1,1,1,0,1,0,1,1,0,0,1,1
0,7,1,1,0,0,1,0,0,1,0,0,0,1
_____________________________________________________
_____________________________________________________
72,0,0.0000,
0,7,1,1,0,0,1,0,0,1,0,0,0,1
0,7,1,1,0,0,1,0,0,1,1,0,0,1
_____________________________________________________
_____________________________________________________
73,0,0.0000,
0,7,1,1,0,0,1,0,0,1,1,0,0,1
1,6,1,1,0,0,1,0,0,1,1,0,0,1
_____________________________________________________
_____________________________________________________
74,5,0.0000,
1,6,1,1,0,0,1,0,0,1,1,0,0,1
0,7,1,1,0,0,0,0,0,1,1,0,0,0
_____________________________________________________
_____________________________________________________
75,0,0.0000,
0,7,1,1,0,0,0,0,0,1,1,0,0,0
1,6,1,1,0,0,0,0,0,1,1,0,0,0
_____________________________________________________
_____________________________________________________
76,9,0.0000,
1,6,1,1,0,0,0,0,0,1,1,0,0,0
0,7,1,1,0,0,1,0,0,1,0,0,0,1
_____________________________________________________
_____________________________________________________
77,0,0.0000,
0,7,1,1,0,0,1,0,0,1,0,0,0,1
1,6,1,1,0,0,1,0,0,1,1,0,0,1
_____________________________________________________
_____________________________________________________
78,5,0.0000,
1,6,1,1,0,0,1,0,0,1,1,0,0,1
1,6,1,1,0,0,0,0,0,1,1,0,0,0
_____________________________________________________
_____________________________________________________
79,9,0.0000,
1,6,1,1,0,0,0,0,0,1,1,0,0,0
1,6,1,1,0,0,1,0,1,1,0,0,1,1
_____________________________________________________
_____________________________________________________
80,11,0.0000,
1,6,1,1,0,0,1,0,1,1,0,0,1,1
1,6,1,1,0,0,1,0,0,1,0,0,0,1
_____________________________________________________
_____________________________________________________
81,5,0.0000,
1,6,1,1,0,0,1,0,0,1,0,0,0,1
0,7,1,1,0,0,1,0,0,1,1,0,0,1
_____________________________________________________
_____________________________________________________
82,0,0.0000,
0,7,1,1,0,0,1,0,0,1,1,0,0,1
0,7,1,1,0,0,1,0,0,1,1,0,0,1
_____________________________________________________
_____________________________________________________
83,0,0.0000,
0,7,1,1,0,0,1,0,0,1,1,0,0,1
0,7,1,0,1,0,0,0,1,1,1,0,0,0
_____________________________________________________
_____________________________________________________
84,0,0.0000,
0,7,1,0,1,0,0,0,1,1,1,0,0,0
0,7,1,0,1,0,0,0,1,1,1,0,0,0
_____________________________________________________
_____________________________________________________
85,0,0.0000,
0,7,1,0,1,0,0,0,1,1,1,0,0,0
0,7,1,0,1,0,0,0,1,1,1,0,0,0
_____________________________________________________
_____________________________________________________
86,0,0.0000,
0,7,1,0,1,0,0,0,1,1,1,0,0,0
0,7,1,0,1,0,0,0,1,1,1,0,0,0
_____________________________________________________
_____________________________________________________
87,0,0.0000,
0,7,1,0,1,0,0,0,1,1,1,0,0,0
0,7,1,0,1,0,0,0,1,1,1,0,0,0
_____________________________________________________
_____________________________________________________
88,0,0.0000,
0,7,1,0,1,0,0,0,1,1,1,0,0,0
1,6,1,1,1,0,0,0,1,1,1,1,0,1
_____________________________________________________
_____________________________________________________
89,7,0.0000,
1,6,1,1,1,0,0,0,1,1,1,1,0,1
0,7,1,1,1,0,0,0,0,1,1,1,0,1
_____________________________________________________
_____________________________________________________
90,0,0.0000,
0,7,1,1,1,0,0,0,0,1,1,1,0,1
0,7,1,1,1,0,0,0,0,1,1,1,0,1
_____________________________________________________
_____________________________________________________
91,0,0.0000,
0,7,1,1,1,0,0,0,0,1,1,1,0,1
0,7,1,1,1,0,0,1,0,1,1,1,1,1
_____________________________________________________
_____________________________________________________
92,0,0.0000,
0,7,1,1,1,0,0,1,0,1,1,1,1,1
1,6,1,1,1,1,0,1,0,1,1,1,1,1
_____________________________________________________
_____________________________________________________
93,11,0.0000,
1,6,1,1,1,1,0,1,0,1,1,1,1,1
0,7,1,1,1,0,0,0,0,1,1,1,0,1
_____________________________________________________
_____________________________________________________
94,0,0.0000,
0,7,1,1,1,0,0,0,0,1,1,1,0,1
0,7,1,1,1,1,0,1,0,1,1,1,1,1
_____________________________________________________
_____________________________________________________
95,0,0.0000,
0,7,1,1,1,1,0,1,0,1,1,1,1,1
1,6,1,1,1,1,0,1,0,1,1,1,1,1
_____________________________________________________
_____________________________________________________
96,11,0.0000,
1,6,1,1,1,1,0,1,0,1,1,1,1,1
1,6,1,1,1,0,0,0,0,1,1,1,0,1
_____________________________________________________
_____________________________________________________
97,2,0.0000,
1,6,1,1,1,0,0,0,0,1,1,1,0,1
1,6,1,0,0,1,1,0,0,1,0,1,1,1
_____________________________________________________
_____________________________________________________
98,11,0.0000,
1,6,1,0,0,1,1,0,0,1,0,1,1,1
1,6,1,0,0,1,1,0,0,1,0,1,0,1
_____________________________________________________
_____________________________________________________
99,5,0.0000,
1,6,1,0,0,1,1,0,0,1,0,1,0,1
1,6,0,0,0,1,0,0,0,1,0,0,1,1
_____________________________________________________
_____________________________________________________
100,11,0.0000,
1,6,0,0,0,1,0,0,0,1,0,0,1,1
0,7,0,0,0,1,0,0,0,1,0,0,0,1
_____________________________________________________
_____________________________________________________
101,0,0.0000,
0,7,0,0,0,1,0,0,0,1,0,0,0,1
1,6,0,0,0,1,0,0,0,1,0,0,0,1
_____________________________________________________
_____________________________________________________
102,12,0.0000,
1,6,0,0,0,1,0,0,0,1,0,0,0,1
0,7,0,0,0,1,0,0,0,1,1,0,0,0
_____________________________________________________
_____________________________________________________
103,0,0.0000,
0,7,0,0,0,1,0,0,0,1,1,0,0,0
0,7,0,1,1,1,0,0,0,1,1,0,1,0
_____________________________________________________
_____________________________________________________
104,0,0.0000,
0,7,0,1,1,1,0,0,0,1,1,0,1,0
0,7,0,1,1,1,0,0,0,1,1,0,1,0
_____________________________________________________
_____________________________________________________
105,0,0.0000,
0,7,0,1,1,1,0,0,0,1,1,0,1,0
0,7,0,1,1,1,0,0,0,1,1,0,1,0
_____________________________________________________
_____________________________________________________
106,0,0.0000,
0,7,0,1,1,1,0,0,0,1,1,0,1,0
0,7,0,1,1,1,0,0,0,1,1,0,1,1
_____________________________________________________
_____________________________________________________
107,0,0.0000,
0,7,0,1,1,1,0,0,0,1,1,0,1,1
0,7,0,1,1,1,0,0,0,1,1,0,1,1
_____________________________________________________
_____________________________________________________
108,0,0.0000,
0,7,0,1,1,1,0,0,0,1,1,0,1,1
1,6,0,1,1,1,0,0,0,1,1,0,1,1
_____________________________________________________
_____________________________________________________
109,11,0.0000,
1,6,0,1,1,1,0,0,0,1,1,0,1,1
0,7,0,1,1,1,0,0,0,1,1,0,0,1
_____________________________________________________
_____________________________________________________
110,0,0.0000,
0,7,0,1,1,1,0,0,0,1,1,0,0,1
0,7,0,1,1,1,0,0,0,1,1,0,0,1
_____________________________________________________
_____________________________________________________
111,0,0.0000,
0,7,0,1,1,1,0,0,0,1,1,0,0,1
1,6,0,0,1,1,1,0,1,1,0,0,1,0
_____________________________________________________
_____________________________________________________
112,11,0.0000,
1,6,0,0,1,1,1,0,1,1,0,0,1,0
1,6,0,1,1,1,1,0,1,1,0,0,0,0
_____________________________________________________
_____________________________________________________
113,5,0.0000,
1,6,0,1,1,1,1,0,1,1,0,0,0,0
0,7,0,1,1,1,0,0,1,1,0,0,0,0
_____________________________________________________
_____________________________________________________
114,0,0.0000,
0,7,0,1,1,1,0,0,1,1,0,0,0,0
1,6,0,1,1,1,0,0,1,1,0,0,0,0
_____________________________________________________
_____________________________________________________
115,7,0.0000,
1,6,0,1,1,1,0,0,1,1,0,0,0,0
1,6,0,0,1,1,0,0,0,1,0,0,0,0
_____________________________________________________
_____________________________________________________
116,8,0.0000,
1,6,0,0,1,1,0,0,0,1,0,0,0,0
1,6,0,0,1,1,0,0,1,0,0,0,0,0
_____________________________________________________
_____________________________________________________
117,7,0.0000,
1,6,0,0,1,1,0,0,1,0,0,0,0,0
0,7,0,0,1,1,0,0,0,0,0,0,0,0
_____________________________________________________
_____________________________________________________
118,0,0.0000,
0,7,0,0,1,1,0,0,0,0,0,0,0,0
0,7,0,0,1,1,0,0,0,1,0,0,0,0
_____________________________________________________
_____________________________________________________
119,0,0.0000,
0,7,0,0,1,1,0,0,0,1,0,0,0,0
1,6,0,1,1,1,0,0,1,1,0,0,0,0
_____________________________________________________
_____________________________________________________
120,7,0.0000,
1,6,0,1,1,1,0,0,1,1,0,0,0,0
1,6,0,0,1,1,0,0,0,1,0,0,0,0
_____________________________________________________
_____________________________________________________
121,8,0.0000,
1,6,0,0,1,1,0,0,0,1,0,0,0,0
0,7,0,1,1,1,0,0,1,0,0,0,0,0
_____________________________________________________
_____________________________________________________
122,0,0.0000,
0,7,0,1,1,1,0,0,1,0,0,0,0,0
0,7,1,1,1,1,0,0,1,0,1,0,0,0
_____________________________________________________
_____________________________________________________
123,0,0.0000,
0,7,1,1,1,1,0,0,1,0,1,0,0,0
1,6,1,1,1,1,0,0,1,0,1,0,0,0
_____________________________________________________
_____________________________________________________
124,7,0.0000,
1,6,1,1,1,1,0,0,1,0,1,0,0,0
1,6,1,0,1,1,0,1,0,0,1,0,0,1
_____________________________________________________
_____________________________________________________
125,6,0.0000,
1,6,1,0,1,1,0,1,0,0,1,0,0,1
1,6,0,0,0,0,1,0,1,0,1,0,1,0
_____________________________________________________
_____________________________________________________
126,11,0.0000,
1,6,0,0,0,0,1,0,1,0,1,0,1,0
0,7,0,0,1,0,1,0,1,0,1,0,0,0
_____________________________________________________
_____________________________________________________
127,0,0.0000,
0,7,0,0,1,0,1,0,1,0,1,0,0,0
1,6,1,0,1,0,1,0,1,0,1,0,0,0
_____________________________________________________
_____________________________________________________
128,5,0.0000,
1,6,1,0,1,0,1,0,1,0,1,0,0,0
1,6,1,0,1,0,0,0,0,0,1,0,0,0
_____________________________________________________
_____________________________________________________
129,9,0.0000,
1,6,1,0,1,0,0,0,0,0,1,0,0,0
1,6,1,0,0,0,0,0,0,0,0,0,0,0
_____________________________________________________
_____________________________________________________
130,1,0.0000,
1,6,1,0,0,0,0,0,0,0,0,0,0,0
1,6,0,0,1,0,0,0,0,0,1,0,0,0
_____________________________________________________
_____________________________________________________
131,9,0.0000,
1,6,0,0,1,0,0,0,0,0,1,0,0,0
1,6,0,0,0,0,0,0,0,0,0,0,0,0
_____________________________________________________
_____________________________________________________
132,0,0.0000,
1,6,0,0,0,0,0,0,0,0,0,0,0,0
1,5,1,0,1,0,0,0,0,0,1,0,1,0
_____________________________________________________
_____________________________________________________
133,11,0.0000,
1,5,1,0,1,0,0,0,0,0,1,0,1,0
1,6,1,0,1,0,0,0,0,0,1,0,0,0
_____________________________________________________
_____________________________________________________
134,9,0.0000,
1,6,1,0,1,0,0,0,0,0,1,0,0,0
0,7,1,0,0,0,0,0,0,0,1,0,0,0
_____________________________________________________
_____________________________________________________
135,0,0.0000,
0,7,1,0,0,0,0,0,0,0,1,0,0,0
1,6,1,0,1,0,0,0,0,0,1,0,0,0
_____________________________________________________
_____________________________________________________
136,9,0.0000,
1,6,1,0,1,0,0,0,0,0,1,0,0,0
0,7,1,1,0,1,0,0,0,0,0,0,0,0
_____________________________________________________
_____________________________________________________
137,0,0.0000,
0,7,1,1,0,1,0,0,0,0,0,0,0,0
1,6,1,1,1,1,0,0,0,0,1,0,0,0
_____________________________________________________
_____________________________________________________
138,9,0.0000,
1,6,1,1,1,1,0,0,0,0,1,0,0,0
0,7,1,1,0,1,0,0,0,0,0,0,0,0
_____________________________________________________
_____________________________________________________
139,0,0.0000,
0,7,1,1,0,1,0,0,0,0,0,0,0,0
0,7,0,0,0,0,0,0,0,0,0,0,0,0
_____________________________________________________
