_____________________________________________________
0,11,0.0000,
2,5,1,1,1,1,1,1,1,1,1,1,1,1
2,5,1,1,1,1,1,1,0,1,1,1,0,1
_____________________________________________________
_____________________________________________________
1,5,0.0000,
2,5,1,1,1,1,1,1,0,1,1,1,0,1
1,5,1,1,1,1,0,1,0,1,1,1,0,1
_____________________________________________________
_____________________________________________________
2,2,0.0000,
1,5,1,1,1,1,0,1,0,1,1,1,0,1
1,6,1,1,1,1,0,1,0,1,1,1,0,1
_____________________________________________________
_____________________________________________________
3,2,0.0000,
1,6,1,1,1,1,0,1,0,1,1,1,0,1
1,6,0,0,1,1,0,1,0,1,1,1,0,1
_____________________________________________________
_____________________________________________________
4,6,0.0000,
1,6,0,0,1,1,0,1,0,1,1,1,0,1
1,6,1,1,0,1,0,0,0,1,1,1,0,1
_____________________________________________________
_____________________________________________________
5,2,0.0000,
1,6,1,1,0,1,0,0,0,1,1,1,0,1
1,6,0,0,0,1,0,0,0,1,1,0,0,1
_____________________________________________________
_____________________________________________________
6,12,0.0000,
1,6,0,0,0,1,0,0,0,1,1,0,0,1
1,6,0,0,0,1,0,0,0,1,0,0,0,0
_____________________________________________________
_____________________________________________________
7,8,0.0000,
1,6,0,0,0,1,0,0,0,1,0,0,0,0
0,7,0,0,0,0,0,0,0,0,0,0,0,0
_____________________________________________________
_____________________________________________________
8,0,0.0000,
0,7,0,0,0,0,0,0,0,0,0,0,0,0
1,6,1,1,0,0,0,0,0,0,0,1,0,0
_____________________________________________________
_____________________________________________________
9,2,0.0000,
1,6,1,1,0,0,0,0,0,0,0,1,0,0
0,7,0,0,0,0,0,1,0,0,0,0,0,0
_____________________________________________________
_____________________________________________________
10,0,0.0000,
0,7,0,0,0,0,0,1,0,0,0,0,0,0
0,7,0,0,1,0,0,1,0,0,1,0,0,1
_____________________________________________________
_____________________________________________________
11,0,0.0000,
0,7,0,0,1,0,0,1,0,0,1,0,0,1
1,6,0,0,1,0,0,1,0,0,1,0,0,1
_____________________________________________________
_____________________________________________________
12,6,0.0000,
1,6,0,0,1,0,0,1,0,0,1,0,0,1
0,7,1,1,0,0,0,0,0,0,1,1,0,1
_____________________________________________________
_____________________________________________________
13,0,0.0000,
0,7,1,1,0,0,0,0,0,0,1,1,0,1
0,7,1,0,0,1,0,0,0,1,1,0,0,1
_____________________________________________________
_____________________________________________________
14,0,0.0000,
0,7,1,0,0,1,0,0,0,1,1,0,0,1
1,6,1,0,0,1,0,0,0,1,1,0,0,1
_____________________________________________________
_____________________________________________________
15,12,0.0000,
1,6,1,0,0,1,0,0,0,1,1,0,0,1
0,7,1,0,0,1,0,0,0,1,1,0,0,0
_____________________________________________________
_____________________________________________________
16,0,0.0000,
0,7,1,0,0,1,0,0,0,1,1,0,0,0
1,6,1,1,0,1,0,1,0,1,1,0,0,0
_____________________________________________________
_____________________________________________________
17,6,0.0000,
1,6,1,1,0,1,0,1,0,1,1,0,0,0
1,6,1,0,0,1,0,0,0,1,1,0,0,0
_____________________________________________________
_____________________________________________________
18,9,0.0000,
1,6,1,0,0,1,0,0,0,1,1,0,0,0
1,6,0,0,0,1,0,0,0,0,0,0,0,0
_____________________________________________________
_____________________________________________________
19,0,0.0000,
1,6,0,0,0,1,0,0,0,0,0,0,0,0
1,5,0,0,0,1,0,0,0,0,0,0,0,0
_____________________________________________________
_____________________________________________________
20,0,0.0000,
1,5,0,0,0,1,0,0,0,0,0,0,0,0
2,4,0,0,0,1,0,0,0,0,0,0,0,0
_____________________________________________________
_____________________________________________________
21,9,-1.0000,
2,4,0,0,0,1,0,0,0,0,0,0,0,0
1,5,-1,0,0,1,0,0,0,-1,-1,0,0,1
_____________________________________________________
_____________________________________________________
22,9,0.0000,
1,5,-1,0,0,1,0,0,0,-1,-1,0,0,1
0,7,-1,0,0,1,0,0,0,-1,-1,0,0,1
_____________________________________________________
_____________________________________________________
23,0,0.0000,
0,7,-1,0,0,1,0,0,0,-1,-1,0,0,1
0,7,-1,0,0,1,0,1,0,-1,-1,0,0,1
_____________________________________________________
_____________________________________________________
24,0,0.0000,
0,7,-1,0,0,1,0,1,0,-1,-1,0,0,1
1,6,1,1,0,1,0,1,0,1,1,0,0,1
_____________________________________________________
_____________________________________________________
25,6,0.0000,
1,6,1,1,0,1,0,1,0,1,1,0,0,1
0,7,1,0,0,1,0,0,0,1,1,0,0,1
_____________________________________________________
_____________________________________________________
26,0,0.0000,
0,7,1,0,0,1,0,0,0,1,1,0,0,1
0,7,1,1,0,1,0,1,0,1,1,0,0,1
_____________________________________________________
_____________________________________________________
27,0,0.0000,
0,7,1,1,0,1,0,1,0,1,1,0,0,1
0,7,0,1,1,1,1,0,1,0,0,1,1,1
_____________________________________________________
_____________________________________________________
28,0,0.0000,
0,7,0,1,1,1,1,0,1,0,0,1,1,1
1,6,0,1,1,1,1,0,1,0,0,1,1,1
_____________________________________________________
_____________________________________________________
29,11,0.0000,
1,6,0,1,1,1,1,0,1,0,0,1,1,1
1,6,0,1,1,1,1,0,1,0,0,1,0,0
_____________________________________________________
_____________________________________________________
30,7,0.0000,
1,6,0,1,1,1,1,0,1,0,0,1,0,0
0,7,0,0,1,1,0,0,0,0,1,1,1,1
_____________________________________________________
_____________________________________________________
31,0,0.0000,
0,7,0,0,1,1,0,0,0,0,1,1,1,1
0,7,1,0,1,1,0,0,0,0,1,1,1,1
_____________________________________________________
_____________________________________________________
32,0,0.0000,
0,7,1,0,1,1,0,0,0,0,1,1,1,1
1,6,1,0,1,1,1,0,1,0,1,1,1,1
_____________________________________________________
_____________________________________________________
33,11,0.0000,
1,6,1,0,1,1,1,0,1,0,1,1,1,1
0,7,1,1,1,1,1,0,1,0,1,1,0,0
_____________________________________________________
_____________________________________________________
34,0,0.0000,
0,7,1,1,1,1,1,0,1,0,1,1,0,0
1,6,1,1,1,1,1,0,1,0,1,1,0,1
_____________________________________________________
_____________________________________________________
35,5,0.0000,
1,6,1,1,1,1,1,0,1,0,1,1,0,1
0,7,1,0,1,1,0,0,0,0,1,1,1,1
_____________________________________________________
_____________________________________________________
36,0,0.0000,
0,7,1,0,1,1,0,0,0,0,1,1,1,1
1,6,1,0,1,1,0,0,0,0,1,1,1,1
_____________________________________________________
_____________________________________________________
37,11,0.0000,
1,6,1,0,1,1,0,0,0,0,1,1,1,1
0,7,1,0,1,1,0,0,0,0,1,1,0,0
_____________________________________________________
_____________________________________________________
38,0,0.0000,
0,7,1,0,1,1,0,0,0,0,1,1,0,0
1,6,1,0,1,1,0,0,0,0,1,1,0,0
_____________________________________________________
_____________________________________________________
39,9,0.0000,
1,6,1,0,1,1,0,0,0,0,1,1,0,0
0,7,0,0,1,1,0,0,1,0,0,1,0,0
_____________________________________________________
_____________________________________________________
40,0,0.0000,
0,7,0,0,1,1,0,0,1,0,0,1,0,0
1,6,0,1,1,1,1,0,1,0,0,1,0,1
_____________________________________________________
_____________________________________________________
41,5,0.0000,
1,6,0,1,1,1,1,0,1,0,0,1,0,1
0,7,1,1,1,0,0,1,1,1,1,0,1,1
_____________________________________________________
_____________________________________________________
42,0,0.0000,
0,7,1,1,1,0,0,1,1,1,1,0,1,1
0,7,1,1,1,0,0,1,1,1,1,0,1,1
_____________________________________________________
_____________________________________________________
43,0,0.0000,
0,7,1,1,1,0,0,1,1,1,1,0,1,1
1,6,1,1,1,0,0,1,1,1,1,0,1,1
_____________________________________________________
_____________________________________________________
44,11,0.0000,
1,6,1,1,1,0,0,1,1,1,1,0,1,1
0,7,1,0,0,0,0,1,0,1,1,0,1,1
_____________________________________________________
_____________________________________________________
45,0,0.0000,
0,7,1,0,0,0,0,1,0,1,1,0,1,1
0,7,1,1,1,0,0,1,1,1,1,1,1,1
_____________________________________________________
_____________________________________________________
46,0,0.0000,
0,7,1,1,1,0,0,1,1,1,1,1,1,1
1,6,1,1,1,0,0,1,1,1,1,1,1,1
_____________________________________________________
_____________________________________________________
47,2,0.0000,
1,6,1,1,1,0,0,1,1,1,1,1,1,1
1,6,1,1,1,0,0,1,1,1,1,1,1,1
_____________________________________________________
_____________________________________________________
48,11,0.0000,
1,6,1,1,1,0,0,1,1,1,1,1,1,1
0,7,1,0,0,0,0,1,0,0,1,1,0,1
_____________________________________________________
_____________________________________________________
49,0,0.0000,
0,7,1,0,0,0,0,1,0,0,1,1,0,1
1,6,1,0,0,0,0,1,1,1,1,1,1,1
_____________________________________________________
_____________________________________________________
50,11,0.0000,
1,6,1,0,0,0,0,1,1,1,1,1,1,1
1,6,1,0,0,0,0,1,0,1,1,1,1,1
_____________________________________________________
_____________________________________________________
51,11,0.0000,
1,6,1,0,0,0,0,1,0,1,1,1,1,1
0,7,1,0,0,0,0,1,0,0,1,1,0,1
_____________________________________________________
_____________________________________________________
52,0,0.0000,
0,7,1,0,0,0,0,1,0,0,1,1,0,1
0,7,1,1,1,0,0,1,1,1,1,1,1,1
_____________________________________________________
_____________________________________________________
53,0,0.0000,
0,7,1,1,1,0,0,1,1,1,1,1,1,1
1,6,1,1,1,0,0,1,1,1,1,1,1,1
_____________________________________________________
_____________________________________________________
54,11,0.0000,
1,6,1,1,1,0,0,1,1,1,1,1,1,1
0,7,1,0,0,0,0,1,0,1,1,1,1,1
_____________________________________________________
_____________________________________________________
55,0,0.0000,
0,7,1,0,0,0,0,1,0,1,1,1,1,1
1,6,0,1,1,0,1,1,1,1,1,1,1,0
_____________________________________________________
_____________________________________________________
56,5,0.0000,
1,6,0,1,1,0,1,1,1,1,1,1,1,0
1,6,0,1,1,0,0,1,1,1,0,1,0,0
_____________________________________________________
_____________________________________________________
57,7,0.0000,
1,6,0,1,1,0,0,1,1,1,0,1,0,0
1,6,0,1,1,0,0,0,0,1,0,1,0,0
_____________________________________________________
_____________________________________________________
58,2,0.0000,
1,6,0,1,1,0,0,0,0,1,0,1,0,0
0,7,0,0,1,0,0,0,0,1,0,1,0,0
_____________________________________________________
_____________________________________________________
59,0,0.0000,
0,7,0,0,1,0,0,0,0,1,0,1,0,0
1,6,0,1,1,0,0,0,1,1,0,1,0,0
_____________________________________________________
_____________________________________________________
60,7,0.0000,
1,6,0,1,1,0,0,0,1,1,0,1,0,0
0,7,0,1,1,0,0,0,0,1,1,1,1,0
_____________________________________________________
_____________________________________________________
61,0,0.0000,
0,7,0,1,1,0,0,0,0,1,1,1,1,0
0,7,1,1,1,0,1,0,0,1,1,1,1,0
_____________________________________________________
_____________________________________________________
62,0,0.0000,
0,7,1,1,1,0,1,0,0,1,1,1,1,0
1,6,1,1,1,0,1,0,0,1,1,1,1,0
_____________________________________________________
_____________________________________________________
63,11,0.0000,
1,6,1,1,1,0,1,0,0,1,1,1,1,0
0,7,1,1,1,0,1,1,1,1,1,1,1,0
_____________________________________________________
_____________________________________________________
64,0,0.0000,
0,7,1,1,1,0,1,1,1,1,1,1,1,0
1,6,1,1,1,0,1,1,1,1,1,1,1,0
_____________________________________________________
_____________________________________________________
65,11,0.0000,
1,6,1,1,1,0,1,1,1,1,1,1,1,0
0,7,0,1,1,0,0,1,1,1,1,1,1,0
_____________________________________________________
_____________________________________________________
66,0,0.0000,
0,7,0,1,1,0,0,1,1,1,1,1,1,0
0,7,1,1,1,0,1,1,1,1,1,1,1,0
_____________________________________________________
_____________________________________________________
67,0,0.0000,
0,7,1,1,1,0,1,1,1,1,1,1,1,0
0,7,1,1,1,0,1,1,1,1,1,1,1,0
_____________________________________________________
_____________________________________________________
68,0,0.0000,
0,7,1,1,1,0,1,1,1,1,1,1,1,0
1,6,1,1,1,0,1,1,1,1,1,1,1,0
_____________________________________________________
_____________________________________________________
69,5,0.0000,
1,6,1,1,1,0,1,1,1,1,1,1,1,0
1,6,0,1,0,1,0,1,0,1,1,1,1,1
_____________________________________________________
_____________________________________________________
70,11,0.0000,
1,6,0,1,0,1,0,1,0,1,1,1,1,1
0,7,0,1,0,1,0,1,1,1,1,1,0,1
_____________________________________________________
_____________________________________________________
71,0,0.0000,
0,7,0,1,0,1,0,1,1,1,1,1,0,1
0,7,0,1,0,1,0,1,1,1,1,1,0,1
_____________________________________________________
_____________________________________________________
72,0,0.0000,
0,7,0,1,0,1,0,1,1,1,1,1,0,1
0,7,0,1,0,1,0,1,1,1,1,1,0,1
_____________________________________________________
_____________________________________________________
73,0,0.0000,
0,7,0,1,0,1,0,1,1,1,1,1,0,1
0,7,0,1,0,1,0,1,1,1,1,1,0,1
_____________________________________________________
_____________________________________________________
74,0,0.0000,
0,7,0,1,0,1,0,1,1,1,1,1,0,1
1,6,0,1,0,1,0,1,1,1,1,1,1,1
_____________________________________________________
_____________________________________________________
75,11,0.0000,
1,6,0,1,0,1,0,1,1,1,1,1,1,1
0,7,0,1,0,1,0,1,1,1,1,1,0,1
_____________________________________________________
_____________________________________________________
76,0,0.0000,
0,7,0,1,0,1,0,1,1,1,1,1,0,1
1,6,0,1,0,1,0,1,1,1,1,1,0,1
_____________________________________________________
_____________________________________________________
77,7,0.0000,
1,6,0,1,0,1,0,1,1,1,1,1,0,1
1,6,0,1,1,1,1,1,1,1,1,1,0,1
_____________________________________________________
_____________________________________________________
78,5,0.0000,
1,6,0,1,1,1,1,1,1,1,1,1,0,1
0,7,0,1,0,1,0,1,1,1,1,1,0,1
_____________________________________________________
_____________________________________________________
79,0,0.0000,
0,7,0,1,0,1,0,1,1,1,1,1,0,1
1,6,0,1,0,1,0,1,1,1,1,1,0,1
_____________________________________________________
_____________________________________________________
80,7,0.0000,
1,6,0,1,0,1,0,1,1,1,1,1,0,1
0,7,0,1,0,1,0,1,0,1,0,1,0,1
_____________________________________________________
_____________________________________________________
81,0,0.0000,
0,7,0,1,0,1,0,1,0,1,0,1,0,1
0,7,0,1,0,1,0,1,1,1,1,1,0,1
_____________________________________________________
_____________________________________________________
82,0,0.0000,
0,7,0,1,0,1,0,1,1,1,1,1,0,1
1,6,0,1,0,1,0,1,1,1,1,1,0,1
_____________________________________________________
_____________________________________________________
83,7,0.0000,
1,6,0,1,0,1,0,1,1,1,1,1,0,1
1,6,1,0,1,1,0,0,1,1,0,1,1,1
_____________________________________________________
_____________________________________________________
84,11,0.0000,
1,6,1,0,1,1,0,0,1,1,0,1,1,1
0,7,1,0,1,0,0,0,1,0,0,1,1,1
_____________________________________________________
_____________________________________________________
85,0,0.0000,
0,7,1,0,1,0,0,0,1,0,0,1,1,1
0,7,1,0,1,1,0,0,1,1,0,1,1,1
_____________________________________________________
_____________________________________________________
86,0,0.0000,
0,7,1,0,1,1,0,0,1,1,0,1,1,1
1,6,1,0,1,1,0,0,1,1,0,1,1,1
_____________________________________________________
_____________________________________________________
87,11,0.0000,
1,6,1,0,1,1,0,0,1,1,0,1,1,1
0,7,1,0,1,0,0,0,1,0,0,1,1,1
_____________________________________________________
_____________________________________________________
88,0,0.0000,
0,7,1,0,1,0,0,0,1,0,0,1,1,1
0,7,1,1,1,1,0,1,1,1,0,1,1,1
_____________________________________________________
_____________________________________________________
89,0,0.0000,
0,7,1,1,1,1,0,1,1,1,0,1,1,1
0,7,1,1,1,1,0,1,1,1,0,1,1,1
_____________________________________________________
_____________________________________________________
90,0,0.0000,
0,7,1,1,1,1,0,1,1,1,0,1,1,1
0,7,1,1,1,1,0,1,1,1,0,1,1,1
_____________________________________________________
_____________________________________________________
91,0,0.0000,
0,7,1,1,1,1,0,1,1,1,0,1,1,1
0,7,1,1,1,1,0,1,1,1,0,1,1,1
_____________________________________________________
_____________________________________________________
92,0,0.0000,
0,7,1,1,1,1,0,1,1,1,0,1,1,1
1,6,1,1,1,1,0,1,1,1,0,1,1,1
_____________________________________________________
_____________________________________________________
93,11,0.0000,
1,6,1,1,1,1,0,1,1,1,0,1,1,1
0,7,1,1,1,1,0,1,1,1,0,1,1,1
_____________________________________________________
_____________________________________________________
94,0,0.0000,
0,7,1,1,1,1,0,1,1,1,0,1,1,1
0,7,1,1,1,1,0,1,1,1,0,1,1,1
_____________________________________________________
_____________________________________________________
95,0,0.0000,
0,7,1,1,1,1,0,1,1,1,0,1,1,1
0,7,1,1,1,1,0,1,1,1,0,1,1,1
_____________________________________________________
_____________________________________________________
96,0,0.0000,
0,7,1,1,1,1,0,1,1,1,0,1,1,1
1,6,1,1,1,1,0,1,1,1,0,1,1,1
_____________________________________________________
_____________________________________________________
97,11,0.0000,
1,6,1,1,1,1,0,1,1,1,0,1,1,1
1,6,1,1,1,1,1,1,1,0,0,0,1,0
_____________________________________________________
_____________________________________________________
98,5,0.0000,
1,6,1,1,1,1,1,1,1,0,0,0,1,0
0,7,1,1,1,1,0,1,1,0,0,0,1,0
_____________________________________________________
_____________________________________________________
99,0,0.0000,
0,7,1,1,1,1,0,1,1,0,0,0,1,0
0,7,1,1,1,1,0,1,1,1,0,0,1,0
_____________________________________________________
_____________________________________________________
100,0,0.0000,
0,7,1,1,1,1,0,1,1,1,0,0,1,0
0,7,1,1,1,1,0,1,1,1,0,0,1,0
_____________________________________________________
_____________________________________________________
101,0,0.0000,
0,7,1,1,1,1,0,1,1,1,0,0,1,0
0,7,1,1,1,1,0,1,1,1,0,0,1,0
_____________________________________________________
_____________________________________________________
102,0,0.0000,
0,7,1,1,1,1,0,1,1,1,0,0,1,0
0,7,1,1,1,1,0,1,1,1,0,0,1,0
_____________________________________________________
_____________________________________________________
103,0,0.0000,
0,7,1,1,1,1,0,1,1,1,0,0,1,0
0,7,1,1,1,1,0,1,1,1,0,0,1,0
_____________________________________________________
_____________________________________________________
104,0,0.0000,
0,7,1,1,1,1,0,1,1,1,0,0,1,0
1,6,1,1,1,1,0,1,1,1,0,0,1,0
_____________________________________________________
_____________________________________________________
105,11,0.0000,
1,6,1,1,1,1,0,1,1,1,0,0,1,0
0,7,1,1,1,1,0,1,1,1,0,0,0,0
_____________________________________________________
_____________________________________________________
106,0,0.0000,
0,7,1,1,1,1,0,1,1,1,0,0,0,0
0,7,1,1,1,1,0,1,1,1,0,0,0,0
_____________________________________________________
_____________________________________________________
107,0,0.0000,
0,7,1,1,1,1,0,1,1,1,0,0,0,0
1,6,1,1,1,1,1,1,1,1,0,0,0,0
_____________________________________________________
_____________________________________________________
108,5,0.0000,
1,6,1,1,1,1,1,1,1,1,0,0,0,0
1,6,1,1,1,1,0,1,1,1,0,0,0,0
_____________________________________________________
_____________________________________________________
109,7,0.0000,
1,6,1,1,1,1,0,1,1,1,0,0,0,0
0,7,1,1,1,1,0,1,0,1,0,0,0,0
_____________________________________________________
_____________________________________________________
110,0,0.0000,
0,7,1,1,1,1,0,1,0,1,0,0,0,0
1,6,1,1,1,1,0,1,0,1,0,0,0,0
_____________________________________________________
_____________________________________________________
111,2,0.0000,
1,6,1,1,1,1,0,1,0,1,0,0,0,0
1,6,0,1,0,0,0,0,0,1,1,1,1,1
_____________________________________________________
_____________________________________________________
112,11,0.0000,
1,6,0,1,0,0,0,0,0,1,1,1,1,1
1,6,0,1,0,0,0,0,0,1,1,1,0,0
_____________________________________________________
_____________________________________________________
113,2,0.0000,
1,6,0,1,0,0,0,0,0,1,1,1,0,0
0,7,0,0,0,0,0,0,0,0,1,1,0,1
_____________________________________________________
_____________________________________________________
114,0,0.0000,
0,7,0,0,0,0,0,0,0,0,1,1,0,1
0,7,0,0,0,0,0,0,0,0,1,1,1,1
_____________________________________________________
_____________________________________________________
115,0,0.0000,
0,7,0,0,0,0,0,0,0,0,1,1,1,1
0,7,0,0,0,0,0,0,0,1,1,1,1,1
_____________________________________________________
_____________________________________________________
116,0,0.0000,
0,7,0,0,0,0,0,0,0,1,1,1,1,1
0,7,0,1,0,0,0,0,0,1,1,1,1,1
_____________________________________________________
_____________________________________________________
117,0,0.0000,
0,7,0,1,0,0,0,0,0,1,1,1,1,1
0,7,0,1,0,0,0,0,0,1,1,1,1,1
_____________________________________________________
_____________________________________________________
118,0,0.0000,
0,7,0,1,0,0,0,0,0,1,1,1,1,1
1,6,0,1,0,0,0,1,0,1,1,1,1,1
_____________________________________________________
_____________________________________________________
119,11,0.0000,
1,6,0,1,0,0,0,1,0,1,1,1,1,1
1,6,0,1,0,0,1,1,0,1,1,1,0,0
_____________________________________________________
_____________________________________________________
120,5,0.0000,
1,6,0,1,0,0,1,1,0,1,1,1,0,0
0,7,0,1,0,0,0,1,0,1,1,1,0,0
_____________________________________________________
_____________________________________________________
121,0,0.0000,
0,7,0,1,0,0,0,1,0,1,1,1,0,0
0,7,0,1,0,1,0,1,0,1,1,1,0,0
_____________________________________________________
_____________________________________________________
122,0,0.0000,
0,7,0,1,0,1,0,1,0,1,1,1,0,0
1,6,0,1,0,1,0,1,0,1,1,1,0,0
_____________________________________________________
_____________________________________________________
123,6,0.0000,
1,6,0,1,0,1,0,1,0,1,1,1,0,0
0,7,0,1,0,1,0,0,0,1,1,1,0,1
_____________________________________________________
_____________________________________________________
124,0,0.0000,
0,7,0,1,0,1,0,0,0,1,1,1,0,1
1,6,0,1,0,1,0,0,0,1,1,1,1,1
_____________________________________________________
_____________________________________________________
125,11,0.0000,
1,6,0,1,0,1,0,0,0,1,1,1,1,1
1,6,0,0,1,1,0,1,1,0,0,0,1,1
_____________________________________________________
_____________________________________________________
126,11,0.0000,
1,6,0,0,1,1,0,1,1,0,0,0,1,1
0,7,0,0,0,0,0,1,1,0,0,0,1,1
_____________________________________________________
_____________________________________________________
127,0,0.0000,
0,7,0,0,0,0,0,1,1,0,0,0,1,1
0,7,0,0,1,1,0,1,1,0,0,0,1,1
_____________________________________________________
_____________________________________________________
128,0,0.0000,
0,7,0,0,1,1,0,1,1,0,0,0,1,1
0,7,0,0,1,1,0,1,1,0,0,0,1,1
_____________________________________________________
_____________________________________________________
129,0,0.0000,
0,7,0,0,1,1,0,1,1,0,0,0,1,1
1,6,0,0,1,1,0,1,1,0,0,0,1,1
_____________________________________________________
_____________________________________________________
130,11,0.0000,
1,6,0,0,1,1,0,1,1,0,0,0,1,1
1,6,0,0,0,0,0,1,1,0,0,0,0,1
_____________________________________________________
_____________________________________________________
131,7,0.0000,
1,6,0,0,0,0,0,1,1,0,0,0,0,1
0,7,1,0,0,0,0,1,0,0,0,0,0,0
_____________________________________________________
_____________________________________________________
132,0,0.0000,
0,7,1,0,0,0,0,1,0,0,0,0,0,0
0,7,1,1,1,1,0,1,0,0,0,0,1,0
_____________________________________________________
_____________________________________________________
133,0,0.0000,
0,7,1,1,1,1,0,1,0,0,0,0,1,0
1,6,1,1,1,1,0,1,0,1,0,0,1,0
_____________________________________________________
_____________________________________________________
134,11,0.0000,
1,6,1,1,1,1,0,1,0,1,0,0,1,0
0,7,1,1,0,0,0,1,0,1,0,0,0,0
_____________________________________________________
_____________________________________________________
135,0,0.0000,
0,7,1,1,0,0,0,1,0,1,0,0,0,0
1,6,1,1,0,0,0,1,0,1,0,0,0,0
_____________________________________________________
_____________________________________________________
136,6,0.0000,
1,6,1,1,0,0,0,1,0,1,0,0,0,0
0,7,1,1,0,0,0,0,1,1,0,0,0,1
_____________________________________________________
_____________________________________________________
137,0,0.0000,
0,7,1,1,0,0,0,0,1,1,0,0,0,1
0,7,1,1,1,1,0,0,1,1,0,0,1,1
_____________________________________________________
_____________________________________________________
138,0,0.0000,
0,7,1,1,1,1,0,0,1,1,0,0,1,1
1,6,1,1,1,1,0,0,1,1,0,0,1,1
_____________________________________________________
_____________________________________________________
139,11,0.0000,
1,6,1,1,1,1,0,0,1,1,0,0,1,1
0,6,0,0,0,0,0,0,0,0,0,0,0,0
_____________________________________________________
