_____________________________________________________
0,11,0.0000,
4,4,1,1,1,0,1,1,0,1,1,0,1,1
4,4,1,1,1,0,1,1,0,1,1,0,0,1
_____________________________________________________
_____________________________________________________
1,5,0.0000,
4,4,1,1,1,0,1,1,0,1,1,0,0,1
4,4,0,1,1,1,0,1,1,1,1,0,0,0
_____________________________________________________
_____________________________________________________
2,7,0.0000,
4,4,0,1,1,1,0,1,1,1,1,0,0,0
4,3,0,1,1,0,0,1,0,1,1,0,0,0
_____________________________________________________
_____________________________________________________
3,6,0.0000,
4,3,0,1,1,0,0,1,0,1,1,0,0,0
3,3,0,1,1,0,0,0,0,1,1,0,0,0
_____________________________________________________
_____________________________________________________
4,9,0.0000,
3,3,0,1,1,0,0,0,0,1,1,0,0,0
3,3,0,1,0,0,0,0,0,0,0,0,1,0
_____________________________________________________
_____________________________________________________
5,11,0.0000,
3,3,0,1,0,0,0,0,0,0,0,0,1,0
3,3,0,1,0,0,0,0,0,0,0,0,0,0
_____________________________________________________
_____________________________________________________
6,9,-1.0000,
3,3,0,1,0,0,0,0,0,0,0,0,0,0
2,4,0,1,-1,0,0,1,0,-1,-1,0,0,0
_____________________________________________________
_____________________________________________________
7,9,0.0000,
2,4,0,1,-1,0,0,1,0,-1,-1,0,0,0
2,4,0,1,-1,0,0,1,0,-1,-1,0,0,0
_____________________________________________________
_____________________________________________________
8,9,0.0000,
2,4,0,1,-1,0,0,1,0,-1,-1,0,0,0
1,5,0,1,-1,0,0,1,0,-1,-1,0,1,0
_____________________________________________________
_____________________________________________________
9,9,0.0000,
1,5,0,1,-1,0,0,1,0,-1,-1,0,1,0
1,6,0,1,-1,1,0,1,1,-1,-1,0,1,1
_____________________________________________________
_____________________________________________________
10,9,0.0000,
1,6,0,1,-1,1,0,1,1,-1,-1,0,1,1
0,7,1,1,-1,1,1,1,1,-1,-1,0,1,1
_____________________________________________________
_____________________________________________________
11,0,0.0000,
0,7,1,1,-1,1,1,1,1,-1,-1,0,1,1
1,6,1,1,-1,1,1,1,1,-1,-1,0,1,1
_____________________________________________________
_____________________________________________________
12,11,0.0000,
1,6,1,1,-1,1,1,1,1,-1,-1,0,1,1
1,6,1,1,-1,1,1,1,1,-1,-1,0,1,1
_____________________________________________________
_____________________________________________________
13,11,0.0000,
1,6,1,1,-1,1,1,1,1,-1,-1,0,1,1
0,7,1,0,1,1,1,1,1,1,0,0,0,1
_____________________________________________________
_____________________________________________________
14,0,0.0000,
0,7,1,0,1,1,1,1,1,1,0,0,0,1
1,6,1,0,1,1,1,1,1,1,0,0,0,1
_____________________________________________________
_____________________________________________________
15,5,0.0000,
1,6,1,0,1,1,1,1,1,1,0,0,0,1
0,7,0,1,1,1,0,1,1,1,1,1,0,1
_____________________________________________________
_____________________________________________________
16,0,0.0000,
0,7,0,1,1,1,0,1,1,1,1,1,0,1
0,7,0,1,1,1,0,1,1,1,1,1,0,1
_____________________________________________________
_____________________________________________________
17,0,0.0000,
0,7,0,1,1,1,0,1,1,1,1,1,0,1
1,6,0,1,1,1,0,1,1,1,1,1,0,1
_____________________________________________________
_____________________________________________________
18,7,0.0000,
1,6,0,1,1,1,0,1,1,1,1,1,0,1
1,6,0,1,1,1,0,1,0,1,1,1,1,0
_____________________________________________________
_____________________________________________________
19,11,0.0000,
1,6,0,1,1,1,0,1,0,1,1,1,1,0
0,7,0,1,1,1,0,1,0,1,1,1,0,0
_____________________________________________________
_____________________________________________________
20,0,0.0000,
0,7,0,1,1,1,0,1,0,1,1,1,0,0
1,6,0,1,1,1,0,1,0,1,1,1,0,0
_____________________________________________________
_____________________________________________________
21,6,0.0000,
1,6,0,1,1,1,0,1,0,1,1,1,0,0
0,7,0,1,1,1,0,0,0,0,1,1,0,1
_____________________________________________________
_____________________________________________________
22,0,0.0000,
0,7,0,1,1,1,0,0,0,0,1,1,0,1
0,7,0,1,1,1,0,0,1,0,1,1,0,1
_____________________________________________________
_____________________________________________________
23,0,0.0000,
0,7,0,1,1,1,0,0,1,0,1,1,0,1
1,6,0,1,1,1,0,0,1,0,1,1,0,1
_____________________________________________________
_____________________________________________________
24,7,0.0000,
1,6,0,1,1,1,0,0,1,0,1,1,0,1
0,7,0,1,1,1,0,0,0,0,1,1,0,0
_____________________________________________________
_____________________________________________________
25,0,0.0000,
0,7,0,1,1,1,0,0,0,0,1,1,0,0
1,6,0,1,1,1,0,0,0,0,1,1,0,0
_____________________________________________________
_____________________________________________________
26,2,0.0000,
1,6,0,1,1,1,0,0,0,0,1,1,0,0
1,6,0,0,1,1,0,0,0,0,1,0,0,0
_____________________________________________________
_____________________________________________________
27,9,0.0000,
1,6,0,0,1,1,0,0,0,0,1,0,0,0
1,6,0,0,0,1,0,0,0,0,0,0,-1,-1
_____________________________________________________
_____________________________________________________
28,11,0.0000,
1,6,0,0,0,1,0,0,0,0,0,0,-1,-1
0,7,0,0,0,1,0,1,1,0,0,1,-1,-1
_____________________________________________________
_____________________________________________________
29,0,0.0000,
0,7,0,0,0,1,0,1,1,0,0,1,-1,-1
0,7,1,0,0,1,0,1,1,0,0,1,-1,-1
_____________________________________________________
_____________________________________________________
30,0,0.0000,
0,7,1,0,0,1,0,1,1,0,0,1,-1,-1
0,7,1,0,0,1,0,1,1,0,0,1,-1,-1
_____________________________________________________
_____________________________________________________
31,0,0.0000,
0,7,1,0,0,1,0,1,1,0,0,1,-1,-1
0,7,1,0,0,1,0,1,1,0,0,1,1,1
_____________________________________________________
_____________________________________________________
32,0,0.0000,
0,7,1,0,0,1,0,1,1,0,0,1,1,1
1,6,0,0,0,1,0,0,0,0,0,1,1,1
_____________________________________________________
_____________________________________________________
33,11,0.0000,
1,6,0,0,0,1,0,0,0,0,0,1,1,1
0,7,0,0,0,1,0,0,1,0,0,1,0,0
_____________________________________________________
_____________________________________________________
34,0,0.0000,
0,7,0,0,0,1,0,0,1,0,0,1,0,0
1,6,1,0,0,1,0,1,1,0,0,1,0,0
_____________________________________________________
_____________________________________________________
35,7,0.0000,
1,6,1,0,0,1,0,1,1,0,0,1,0,0
1,6,0,0,0,1,0,1,1,0,0,1,0,0
_____________________________________________________
_____________________________________________________
36,7,0.0000,
1,6,0,0,0,1,0,1,1,0,0,1,0,0
1,6,0,0,0,1,0,0,0,0,0,1,0,0
_____________________________________________________
_____________________________________________________
37,10,0.0000,
1,6,0,0,0,1,0,0,0,0,0,1,0,0
0,7,0,0,0,1,0,0,0,0,0,0,0,0
_____________________________________________________
_____________________________________________________
38,0,0.0000,
0,7,0,0,0,1,0,0,0,0,0,0,0,0
0,7,0,0,0,1,0,0,0,0,0,0,0,0
_____________________________________________________
_____________________________________________________
39,0,0.0000,
0,7,0,0,0,1,0,0,0,0,0,0,0,0
0,7,0,0,0,1,0,1,1,0,0,0,0,0
_____________________________________________________
_____________________________________________________
40,0,0.0000,
0,7,0,0,0,1,0,1,1,0,0,0,0,0
0,7,1,0,0,1,0,1,1,0,0,1,0,0
_____________________________________________________
_____________________________________________________
41,0,0.0000,
0,7,1,0,0,1,0,1,1,0,0,1,0,0
0,7,0,1,1,1,0,1,0,0,0,1,1,0
_____________________________________________________
_____________________________________________________
42,0,0.0000,
0,7,0,1,1,1,0,1,0,0,0,1,1,0
0,7,0,1,1,1,0,1,0,0,0,1,1,0
_____________________________________________________
_____________________________________________________
43,0,0.0000,
0,7,0,1,1,1,0,1,0,0,0,1,1,0
1,6,0,1,1,1,0,1,0,0,0,1,1,1
_____________________________________________________
_____________________________________________________
44,11,0.0000,
1,6,0,1,1,1,0,1,0,0,0,1,1,1
1,6,0,1,0,1,0,1,0,0,0,1,0,1
_____________________________________________________
_____________________________________________________
45,6,0.0000,
1,6,0,1,0,1,0,1,0,0,0,1,0,1
1,6,0,0,0,1,0,0,0,0,0,1,0,1
_____________________________________________________
_____________________________________________________
46,12,0.0000,
1,6,0,0,0,1,0,0,0,0,0,1,0,1
1,6,0,0,1,1,0,0,0,0,0,1,1,0
_____________________________________________________
_____________________________________________________
47,11,0.0000,
1,6,0,0,1,1,0,0,0,0,0,1,1,0
0,7,0,0,0,1,0,0,0,0,0,1,0,1
_____________________________________________________
_____________________________________________________
48,0,0.0000,
0,7,0,0,0,1,0,0,0,0,0,1,0,1
1,6,0,0,1,1,0,0,0,0,0,1,1,1
_____________________________________________________
_____________________________________________________
49,11,0.0000,
1,6,0,0,1,1,0,0,0,0,0,1,1,1
0,7,0,0,0,1,0,0,0,0,0,1,0,1
_____________________________________________________
_____________________________________________________
50,0,0.0000,
0,7,0,0,0,1,0,0,0,0,0,1,0,1
0,7,0,0,0,1,0,0,0,0,0,1,1,1
_____________________________________________________
_____________________________________________________
51,0,0.0000,
0,7,0,0,0,1,0,0,0,0,0,1,1,1
1,6,0,0,1,1,0,0,0,0,0,1,1,1
_____________________________________________________
_____________________________________________________
52,11,0.0000,
1,6,0,0,1,1,0,0,0,0,0,1,1,1
1,6,0,0,0,1,0,0,0,0,0,1,0,1
_____________________________________________________
_____________________________________________________
53,12,0.0000,
1,6,0,0,0,1,0,0,0,0,0,1,0,1
0,7,1,0,1,1,0,0,1,1,0,1,1,0
_____________________________________________________
_____________________________________________________
54,0,0.0000,
0,7,1,0,1,1,0,0,1,1,0,1,1,0
1,6,1,0,1,1,0,0,1,1,0,1,1,0
_____________________________________________________
_____________________________________________________
55,11,0.0000,
1,6,1,0,1,1,0,0,1,1,0,1,1,0
1,6,1,0,1,0,1,0,0,0,1,1,1,1
_____________________________________________________
_____________________________________________________
56,11,0.0000,
1,6,1,0,1,0,1,0,0,0,1,1,1,1
1,6,1,0,1,0,0,0,1,1,1,1,0,1
_____________________________________________________
_____________________________________________________
57,7,0.0000,
1,6,1,0,1,0,0,0,1,1,1,1,0,1
1,6,1,0,1,0,0,0,0,0,1,1,0,1
_____________________________________________________
_____________________________________________________
58,12,0.0000,
1,6,1,0,1,0,0,0,0,0,1,1,0,1
0,7,1,0,1,0,0,0,0,1,0,1,0,0
_____________________________________________________
_____________________________________________________
59,0,0.0000,
0,7,1,0,1,0,0,0,0,1,0,1,0,0
1,6,1,0,1,0,0,0,1,1,0,1,0,0
_____________________________________________________
_____________________________________________________
60,7,0.0000,
1,6,1,0,1,0,0,0,1,1,0,1,0,0
0,7,1,1,1,1,0,0,0,1,0,1,0,0
_____________________________________________________
_____________________________________________________
61,0,0.0000,
0,7,1,1,1,1,0,0,0,1,0,1,0,0
0,7,1,1,1,1,0,0,1,1,0,1,0,0
_____________________________________________________
_____________________________________________________
62,0,0.0000,
0,7,1,1,1,1,0,0,1,1,0,1,0,0
0,7,1,1,1,1,0,0,1,1,0,0,0,0
_____________________________________________________
_____________________________________________________
63,0,0.0000,
0,7,1,1,1,1,0,0,1,1,0,0,0,0
0,7,1,1,1,1,0,0,1,1,0,0,0,0
_____________________________________________________
_____________________________________________________
64,0,0.0000,
0,7,1,1,1,1,0,0,1,1,0,0,0,0
1,6,1,1,1,1,0,0,1,1,0,0,0,0
_____________________________________________________
_____________________________________________________
65,7,0.0000,
1,6,1,1,1,1,0,0,1,1,0,0,0,0
1,6,1,1,1,1,0,0,0,0,0,0,0,0
_____________________________________________________
_____________________________________________________
66,2,0.0000,
1,6,1,1,1,1,0,0,0,0,0,0,0,0
1,6,1,0,1,1,0,0,0,0,0,0,0,1
_____________________________________________________
_____________________________________________________
67,12,0.0000,
1,6,1,0,1,1,0,0,0,0,0,0,0,1
0,7,1,1,1,1,0,0,1,1,0,0,0,0
_____________________________________________________
_____________________________________________________
68,0,0.0000,
0,7,1,1,1,1,0,0,1,1,0,0,0,0
1,6,1,1,1,1,0,0,1,1,0,0,0,0
_____________________________________________________
_____________________________________________________
69,7,0.0000,
1,6,1,1,1,1,0,0,1,1,0,0,0,0
1,6,1,1,1,0,0,0,1,0,0,0,1,1
_____________________________________________________
_____________________________________________________
70,11,0.0000,
1,6,1,1,1,0,0,0,1,0,0,0,1,1
0,7,1,1,1,0,0,0,1,1,0,1,1,1
_____________________________________________________
_____________________________________________________
71,0,0.0000,
0,7,1,1,1,0,0,0,1,1,0,1,1,1
0,7,1,1,1,0,0,0,1,1,0,1,1,1
_____________________________________________________
_____________________________________________________
72,0,0.0000,
0,7,1,1,1,0,0,0,1,1,0,1,1,1
0,7,1,1,1,0,0,0,1,1,0,0,1,1
_____________________________________________________
_____________________________________________________
73,0,0.0000,
0,7,1,1,1,0,0,0,1,1,0,0,1,1
1,6,1,1,1,0,0,0,1,0,0,0,1,1
_____________________________________________________
_____________________________________________________
74,11,0.0000,
1,6,1,1,1,0,0,0,1,0,0,0,1,1
1,6,1,1,1,0,0,0,1,0,0,1,0,1
_____________________________________________________
_____________________________________________________
75,12,0.0000,
1,6,1,1,1,0,0,0,1,0,0,1,0,1
1,6,1,1,0,0,0,0,1,1,0,1,0,0
_____________________________________________________
_____________________________________________________
76,7,0.0000,
1,6,1,1,0,0,0,0,1,1,0,1,0,0
1,6,0,0,0,0,0,0,0,1,0,1,0,1
_____________________________________________________
_____________________________________________________
77,12,0.0000,
1,6,0,0,0,0,0,0,0,1,0,1,0,1
1,6,0,0,0,0,0,0,0,1,0,1,0,0
_____________________________________________________
_____________________________________________________
78,10,0.0000,
1,6,0,0,0,0,0,0,0,1,0,1,0,0
1,6,0,0,0,0,0,0,0,0,0,0,0,0
_____________________________________________________
_____________________________________________________
79,0,0.0000,
1,6,0,0,0,0,0,0,0,0,0,0,0,0
1,5,1,1,0,0,0,0,1,1,0,1,0,0
_____________________________________________________
_____________________________________________________
80,7,0.0000,
1,5,1,1,0,0,0,0,1,1,0,1,0,0
0,7,0,0,0,0,0,0,0,1,0,1,0,0
_____________________________________________________
_____________________________________________________
81,0,0.0000,
0,7,0,0,0,0,0,0,0,1,0,1,0,0
0,7,0,0,0,0,0,0,0,1,0,1,1,0
_____________________________________________________
_____________________________________________________
82,0,0.0000,
0,7,0,0,0,0,0,0,0,1,0,1,1,0
1,6,0,0,0,0,0,0,0,1,0,1,1,0
_____________________________________________________
_____________________________________________________
83,11,0.0000,
1,6,0,0,0,0,0,0,0,1,0,1,1,0
1,6,1,0,0,1,1,0,0,0,0,1,1,0
_____________________________________________________
_____________________________________________________
84,11,0.0000,
1,6,1,0,0,1,1,0,0,0,0,1,1,0
1,6,1,1,0,1,1,0,0,0,0,1,0,0
_____________________________________________________
_____________________________________________________
85,5,0.0000,
1,6,1,1,0,1,1,0,0,0,0,1,0,0
0,7,0,0,0,0,0,0,1,0,0,0,0,0
_____________________________________________________
_____________________________________________________
86,0,0.0000,
0,7,0,0,0,0,0,0,1,0,0,0,0,0
0,7,0,0,0,0,0,0,1,0,0,1,0,0
_____________________________________________________
_____________________________________________________
87,0,0.0000,
0,7,0,0,0,0,0,0,1,0,0,1,0,0
0,7,1,0,0,1,0,0,1,0,0,1,0,0
_____________________________________________________
_____________________________________________________
88,0,0.0000,
0,7,1,0,0,1,0,0,1,0,0,1,0,0
1,6,1,0,0,1,0,0,1,0,0,1,0,0
_____________________________________________________
_____________________________________________________
89,7,0.0000,
1,6,1,0,0,1,0,0,1,0,0,1,0,0
0,7,1,0,0,1,0,0,0,0,0,1,0,0
_____________________________________________________
_____________________________________________________
90,0,0.0000,
0,7,1,0,0,1,0,0,0,0,0,1,0,0
1,6,1,0,0,1,0,0,0,0,0,1,0,0
_____________________________________________________
_____________________________________________________
91,1,0.0000,
1,6,1,0,0,1,0,0,0,0,0,1,0,0
0,7,0,0,0,1,0,0,0,0,0,1,0,0
_____________________________________________________
_____________________________________________________
92,0,0.0000,
0,7,0,0,0,1,0,0,0,0,0,1,0,0
0,7,1,0,0,1,0,0,0,0,0,1,0,0
_____________________________________________________
_____________________________________________________
93,0,0.0000,
0,7,1,0,0,1,0,0,0,0,0,1,0,0
0,7,1,1,0,1,1,0,1,0,0,1,0,0
_____________________________________________________
_____________________________________________________
94,0,0.0000,
0,7,1,1,0,1,1,0,1,0,0,1,0,0
0,7,1,1,0,0,1,0,1,0,0,0,0,0
_____________________________________________________
_____________________________________________________
95,0,0.0000,
0,7,1,1,0,0,1,0,1,0,0,0,0,0
1,6,0,1,0,0,1,0,1,0,0,0,0,0
_____________________________________________________
_____________________________________________________
96,7,0.0000,
1,6,0,1,0,0,1,0,1,0,0,0,0,0
1,6,1,1,0,1,1,0,0,0,0,1,0,0
_____________________________________________________
_____________________________________________________
97,5,0.0000,
1,6,1,1,0,1,1,0,0,0,0,1,0,0
0,7,0,1,0,0,1,1,0,0,0,0,0,0
_____________________________________________________
_____________________________________________________
98,0,0.0000,
0,7,0,1,0,0,1,1,0,0,0,0,0,0
0,7,0,0,1,0,1,1,0,0,0,0,0,0
_____________________________________________________
_____________________________________________________
99,0,0.0000,
0,7,0,0,1,0,1,1,0,0,0,0,0,0
0,7,0,0,1,0,1,1,0,0,0,0,0,1
_____________________________________________________
_____________________________________________________
100,0,0.0000,
0,7,0,0,1,0,1,1,0,0,0,0,0,1
0,7,0,1,1,0,1,1,0,0,0,0,0,1
_____________________________________________________
_____________________________________________________
101,0,0.0000,
0,7,0,1,1,0,1,1,0,0,0,0,0,1
0,7,1,1,1,0,1,1,0,0,0,0,1,1
_____________________________________________________
_____________________________________________________
102,0,0.0000,
0,7,1,1,1,0,1,1,0,0,0,0,1,1
0,7,1,1,1,0,1,1,0,0,0,0,1,1
_____________________________________________________
_____________________________________________________
103,0,0.0000,
0,7,1,1,1,0,1,1,0,0,0,0,1,1
1,6,1,1,1,0,1,1,0,0,0,0,1,1
_____________________________________________________
_____________________________________________________
104,11,0.0000,
1,6,1,1,1,0,1,1,0,0,0,0,1,1
0,7,0,1,1,0,1,1,0,0,0,0,0,1
_____________________________________________________
_____________________________________________________
105,0,0.0000,
0,7,0,1,1,0,1,1,0,0,0,0,0,1
0,7,0,1,1,0,1,1,0,0,0,0,1,1
_____________________________________________________
_____________________________________________________
106,0,0.0000,
0,7,0,1,1,0,1,1,0,0,0,0,1,1
1,6,1,1,1,0,1,1,0,0,0,0,1,1
_____________________________________________________
_____________________________________________________
107,11,0.0000,
1,6,1,1,1,0,1,1,0,0,0,0,1,1
1,6,0,1,1,0,1,1,0,0,0,0,0,1
_____________________________________________________
_____________________________________________________
108,5,0.0000,
1,6,0,1,1,0,1,1,0,0,0,0,0,1
0,7,0,1,0,0,0,1,0,0,0,0,0,1
_____________________________________________________
_____________________________________________________
109,0,0.0000,
0,7,0,1,0,0,0,1,0,0,0,0,0,1
1,6,0,1,0,0,0,1,0,0,0,0,1,1
_____________________________________________________
_____________________________________________________
110,11,0.0000,
1,6,0,1,0,0,0,1,0,0,0,0,1,1
1,6,0,1,0,0,0,1,0,0,0,0,0,1
_____________________________________________________
_____________________________________________________
111,6,0.0000,
1,6,0,1,0,0,0,1,0,0,0,0,0,1
0,7,0,0,0,0,0,0,1,0,0,0,0,0
_____________________________________________________
_____________________________________________________
112,0,0.0000,
0,7,0,0,0,0,0,0,1,0,0,0,0,0
1,6,0,0,0,1,1,0,1,0,0,0,0,0
_____________________________________________________
_____________________________________________________
113,7,0.0000,
1,6,0,0,0,1,1,0,1,0,0,0,0,0
1,6,0,0,0,1,1,1,0,0,0,0,1,0
_____________________________________________________
_____________________________________________________
114,11,0.0000,
1,6,0,0,0,1,1,1,0,0,0,0,1,0
0,7,0,0,0,1,1,0,0,0,1,0,0,1
_____________________________________________________
_____________________________________________________
115,0,0.0000,
0,7,0,0,0,1,1,0,0,0,1,0,0,1
1,6,0,0,0,1,1,0,1,0,1,0,0,1
_____________________________________________________
_____________________________________________________
116,7,0.0000,
1,6,0,0,0,1,1,0,1,0,1,0,0,1
0,7,0,0,0,1,1,0,0,0,1,0,0,1
_____________________________________________________
_____________________________________________________
117,0,0.0000,
0,7,0,0,0,1,1,0,0,0,1,0,0,1
0,7,0,0,0,1,1,0,0,0,1,0,0,1
_____________________________________________________
_____________________________________________________
118,0,0.0000,
0,7,0,0,0,1,1,0,0,0,1,0,0,1
0,7,0,0,0,1,1,0,0,0,1,0,0,1
_____________________________________________________
_____________________________________________________
119,0,0.0000,
0,7,0,0,0,1,1,0,0,0,1,0,0,1
0,7,0,0,0,1,1,0,0,0,1,0,0,1
_____________________________________________________
_____________________________________________________
120,0,0.0000,
0,7,0,0,0,1,1,0,0,0,1,0,0,1
0,7,0,0,0,1,1,0,1,0,1,0,0,1
_____________________________________________________
_____________________________________________________
121,0,0.0000,
0,7,0,0,0,1,1,0,1,0,1,0,0,1
1,6,0,0,0,1,1,0,1,0,1,0,0,1
_____________________________________________________
_____________________________________________________
122,7,0.0000,
1,6,0,0,0,1,1,0,1,0,1,0,0,1
0,7,0,0,0,1,1,0,0,0,1,0,0,1
_____________________________________________________
_____________________________________________________
123,0,0.0000,
0,7,0,0,0,1,1,0,0,0,1,0,0,1
0,7,0,0,0,1,1,0,0,0,1,0,0,1
_____________________________________________________
_____________________________________________________
124,0,0.0000,
0,7,0,0,0,1,1,0,0,0,1,0,0,1
1,6,0,0,0,1,1,0,0,0,1,0,0,1
_____________________________________________________
_____________________________________________________
125,5,0.0000,
1,6,0,0,0,1,1,0,0,0,1,0,0,1
0,7,0,0,0,0,0,0,1,0,0,0,0,0
_____________________________________________________
_____________________________________________________
126,0,0.0000,
0,7,0,0,0,0,0,0,1,0,0,0,0,0
0,7,0,0,0,0,0,0,1,0,0,0,0,0
_____________________________________________________
_____________________________________________________
127,0,0.0000,
0,7,0,0,0,0,0,0,1,0,0,0,0,0
0,7,0,0,0,0,0,0,1,0,0,0,0,0
_____________________________________________________
_____________________________________________________
128,0,0.0000,
0,7,0,0,0,0,0,0,1,0,0,0,0,0
1,6,0,0,0,0,0,0,1,0,0,0,0,0
_____________________________________________________
_____________________________________________________
129,7,0.0000,
1,6,0,0,0,0,0,0,1,0,0,0,0,0
1,6,0,0,0,0,0,0,0,0,0,0,0,0
_____________________________________________________
_____________________________________________________
130,0,0.0000,
1,6,0,0,0,0,0,0,0,0,0,0,0,0
1,5,0,0,0,0,0,0,0,0,0,0,0,0
_____________________________________________________
_____________________________________________________
131,0,0.0000,
1,5,0,0,0,0,0,0,0,0,0,0,0,0
2,4,0,0,0,0,0,0,0,0,0,0,0,0
_____________________________________________________
_____________________________________________________
132,9,-1.0000,
2,4,0,0,0,0,0,0,0,0,0,0,0,0
1,5,0,-1,0,0,0,-1,1,0,1,0,0,0
_____________________________________________________
_____________________________________________________
133,2,0.0000,
1,5,0,-1,0,0,0,-1,1,0,1,0,0,0
0,7,0,1,0,0,0,1,1,0,1,0,0,1
_____________________________________________________
_____________________________________________________
134,0,0.0000,
0,7,0,1,0,0,0,1,1,0,1,0,0,1
1,6,0,1,0,0,0,1,1,0,1,0,0,1
_____________________________________________________
_____________________________________________________
135,7,0.0000,
1,6,0,1,0,0,0,1,1,0,1,0,0,1
1,6,0,1,0,0,0,1,0,0,1,0,0,1
_____________________________________________________
_____________________________________________________
136,6,0.0000,
1,6,0,1,0,0,0,1,0,0,1,0,0,1
0,7,0,0,0,0,0,0,0,0,0,0,0,1
_____________________________________________________
_____________________________________________________
137,0,0.0000,
0,7,0,0,0,0,0,0,0,0,0,0,0,1
0,7,0,0,0,0,0,0,0,0,0,0,0,1
_____________________________________________________
_____________________________________________________
138,0,0.0000,
0,7,0,0,0,0,0,0,0,0,0,0,0,1
0,7,0,0,0,0,0,0,0,0,0,0,0,1
_____________________________________________________
_____________________________________________________
139,0,0.0000,
0,7,0,0,0,0,0,0,0,0,0,0,0,1
0,7,0,0,0,0,0,0,0,0,0,0,0,0
_____________________________________________________
