_____________________________________________________
0,11,0.0000,
3,5,1,1,1,1,1,1,1,1,1,1,1,1
3,5,1,1,1,1,1,0,1,1,1,1,0,1
_____________________________________________________
_____________________________________________________
1,5,0.0000,
3,5,1,1,1,1,1,0,1,1,1,1,0,1
2,4,1,1,1,1,0,0,1,1,0,1,0,1
_____________________________________________________
_____________________________________________________
2,12,0.0000,
2,4,1,1,1,1,0,0,1,1,0,1,0,1
1,4,1,1,1,1,0,0,1,1,0,1,0,0
_____________________________________________________
_____________________________________________________
3,7,0.0000,
1,4,1,1,1,1,0,0,1,1,0,1,0,0
1,6,1,1,1,1,0,0,0,1,0,1,0,0
_____________________________________________________
_____________________________________________________
4,2,0.0000,
1,6,1,1,1,1,0,0,0,1,0,1,0,0
0,7,1,1,1,1,0,0,0,1,0,1,0,0
_____________________________________________________
_____________________________________________________
5,0,0.0000,
0,7,1,1,1,1,0,0,0,1,0,1,0,0
1,6,1,1,1,1,0,0,1,1,0,1,0,0
_____________________________________________________
_____________________________________________________
6,7,0.0000,
1,6,1,1,1,1,0,0,1,1,0,1,0,0
0,7,1,1,1,1,1,0,0,1,1,1,0,0
_____________________________________________________
_____________________________________________________
7,0,0.0000,
0,7,1,1,1,1,1,0,0,1,1,1,0,0
0,7,1,1,1,1,1,0,0,1,1,1,0,0
_____________________________________________________
_____________________________________________________
8,0,0.0000,
0,7,1,1,1,1,1,0,0,1,1,1,0,0
0,7,1,1,1,1,1,0,0,1,1,1,0,0
_____________________________________________________
_____________________________________________________
9,0,0.0000,
0,7,1,1,1,1,1,0,0,1,1,1,0,0
0,7,1,1,1,1,1,0,0,1,1,1,0,0
_____________________________________________________
_____________________________________________________
10,0,0.0000,
0,7,1,1,1,1,1,0,0,1,1,1,0,0
0,7,1,1,1,1,1,0,1,1,1,1,0,0
_____________________________________________________
_____________________________________________________
11,0,0.0000,
0,7,1,1,1,1,1,0,1,1,1,1,0,0
1,6,1,1,1,1,1,0,1,1,1,1,0,0
_____________________________________________________
_____________________________________________________
12,5,0.0000,
1,6,1,1,1,1,1,0,1,1,1,1,0,0
0,7,1,1,1,1,0,0,1,1,0,1,0,0
_____________________________________________________
_____________________________________________________
13,0,0.0000,
0,7,1,1,1,1,0,0,1,1,0,1,0,0
0,7,0,0,1,1,0,1,1,0,1,0,1,0
_____________________________________________________
_____________________________________________________
14,0,0.0000,
0,7,0,0,1,1,0,1,1,0,1,0,1,0
1,6,0,0,1,1,1,1,1,0,1,0,1,0
_____________________________________________________
_____________________________________________________
15,11,0.0000,
1,6,0,0,1,1,1,1,1,0,1,0,1,0
1,6,0,1,1,1,1,1,1,0,1,1,0,1
_____________________________________________________
_____________________________________________________
16,5,0.0000,
1,6,0,1,1,1,1,1,1,0,1,1,0,1
1,6,0,0,1,1,0,1,1,1,1,1,0,1
_____________________________________________________
_____________________________________________________
17,7,0.0000,
1,6,0,0,1,1,0,1,1,1,1,1,0,1
1,6,0,0,1,1,0,0,0,1,1,1,0,1
_____________________________________________________
_____________________________________________________
18,12,0.0000,
1,6,0,0,1,1,0,0,0,1,1,1,0,1
0,7,0,0,1,1,0,0,1,0,1,0,0,0
_____________________________________________________
_____________________________________________________
19,0,0.0000,
0,7,0,0,1,1,0,0,1,0,1,0,0,0
0,7,0,0,1,1,0,1,1,0,1,0,0,0
_____________________________________________________
_____________________________________________________
20,0,0.0000,
0,7,0,0,1,1,0,1,1,0,1,0,0,0
0,7,0,0,1,1,0,1,1,0,1,0,0,0
_____________________________________________________
_____________________________________________________
21,0,0.0000,
0,7,0,0,1,1,0,1,1,0,1,0,0,0
1,6,0,0,1,1,0,1,1,0,1,0,0,0
_____________________________________________________
_____________________________________________________
22,7,0.0000,
1,6,0,0,1,1,0,1,1,0,1,0,0,0
0,7,0,0,1,1,0,0,0,0,1,0,0,0
_____________________________________________________
_____________________________________________________
23,0,0.0000,
0,7,0,0,1,1,0,0,0,0,1,0,0,0
1,6,0,0,1,1,0,0,0,0,1,0,0,0
_____________________________________________________
_____________________________________________________
24,9,0.0000,
1,6,0,0,1,1,0,0,0,0,1,0,0,0
1,6,0,0,0,0,0,1,1,0,0,0,0,0
_____________________________________________________
_____________________________________________________
25,7,0.0000,
1,6,0,0,0,0,0,1,1,0,0,0,0,0
0,7,0,0,0,0,0,0,0,0,0,0,0,0
_____________________________________________________
_____________________________________________________
26,0,0.0000,
0,7,0,0,0,0,0,0,0,0,0,0,0,0
1,6,0,0,0,0,0,0,1,0,0,0,0,1
_____________________________________________________
_____________________________________________________
27,12,0.0000,
1,6,0,0,0,0,0,0,1,0,0,0,0,1
0,7,1,1,1,0,0,1,0,1,0,1,1,1
_____________________________________________________
_____________________________________________________
28,0,0.0000,
0,7,1,1,1,0,0,1,0,1,0,1,1,1
0,7,1,1,1,0,0,1,0,1,0,1,1,1
_____________________________________________________
_____________________________________________________
29,0,0.0000,
0,7,1,1,1,0,0,1,0,1,0,1,1,1
0,7,1,1,1,0,0,1,0,1,0,1,1,1
_____________________________________________________
_____________________________________________________
30,0,0.0000,
0,7,1,1,1,0,0,1,0,1,0,1,1,1
1,6,1,1,1,0,0,1,0,1,0,1,1,1
_____________________________________________________
_____________________________________________________
31,11,0.0000,
1,6,1,1,1,0,0,1,0,1,0,1,1,1
0,7,1,1,1,0,0,1,0,1,0,1,0,1
_____________________________________________________
_____________________________________________________
32,0,0.0000,
0,7,1,1,1,0,0,1,0,1,0,1,0,1
0,7,1,1,1,1,0,1,1,1,1,1,0,1
_____________________________________________________
_____________________________________________________
33,0,0.0000,
0,7,1,1,1,1,0,1,1,1,1,1,0,1
0,7,1,1,1,1,0,1,1,1,1,1,0,1
_____________________________________________________
_____________________________________________________
34,0,0.0000,
0,7,1,1,1,1,0,1,1,1,1,1,0,1
0,7,1,1,1,1,0,1,1,1,1,1,0,1
_____________________________________________________
_____________________________________________________
35,0,0.0000,
0,7,1,1,1,1,0,1,1,1,1,1,0,1
0,7,1,1,1,1,0,1,1,1,1,1,0,1
_____________________________________________________
_____________________________________________________
36,0,0.0000,
0,7,1,1,1,1,0,1,1,1,1,1,0,1
0,7,1,1,1,1,0,1,1,1,1,1,1,1
_____________________________________________________
_____________________________________________________
37,0,0.0000,
0,7,1,1,1,1,0,1,1,1,1,1,1,1
1,6,1,1,1,1,0,1,1,1,1,1,1,1
_____________________________________________________
_____________________________________________________
38,2,0.0000,
1,6,1,1,1,1,0,1,1,1,1,1,1,1
0,7,0,0,1,1,1,0,1,1,1,1,1,1
_____________________________________________________
_____________________________________________________
39,0,0.0000,
0,7,0,0,1,1,1,0,1,1,1,1,1,1
1,6,0,0,1,1,1,0,1,1,1,1,1,1
_____________________________________________________
_____________________________________________________
40,11,0.0000,
1,6,0,0,1,1,1,0,1,1,1,1,1,1
0,7,1,1,1,1,1,1,1,1,1,1,0,1
_____________________________________________________
_____________________________________________________
41,0,0.0000,
0,7,1,1,1,1,1,1,1,1,1,1,0,1
0,7,1,1,1,1,0,0,1,1,1,0,0,1
_____________________________________________________
_____________________________________________________
42,0,0.0000,
0,7,1,1,1,1,0,0,1,1,1,0,0,1
0,7,1,1,1,1,0,0,1,1,1,0,0,1
_____________________________________________________
_____________________________________________________
43,0,0.0000,
0,7,1,1,1,1,0,0,1,1,1,0,0,1
1,6,1,1,1,1,0,0,1,1,1,0,0,1
_____________________________________________________
_____________________________________________________
44,7,0.0000,
1,6,1,1,1,1,0,0,1,1,1,0,0,1
0,7,1,0,1,1,0,0,0,0,0,0,0,1
_____________________________________________________
_____________________________________________________
45,0,0.0000,
0,7,1,0,1,1,0,0,0,0,0,0,0,1
1,6,1,0,1,1,0,0,0,0,0,0,0,1
_____________________________________________________
_____________________________________________________
46,12,0.0000,
1,6,1,0,1,1,0,0,0,0,0,0,0,1
0,7,1,0,1,0,0,0,0,0,0,0,0,1
_____________________________________________________
_____________________________________________________
47,0,0.0000,
0,7,1,0,1,0,0,0,0,0,0,0,0,1
0,7,1,0,1,1,0,0,0,0,0,0,0,1
_____________________________________________________
_____________________________________________________
48,0,0.0000,
0,7,1,0,1,1,0,0,0,0,0,0,0,1
0,7,1,0,1,1,0,0,0,0,0,0,0,1
_____________________________________________________
_____________________________________________________
49,0,0.0000,
0,7,1,0,1,1,0,0,0,0,0,0,0,1
1,6,1,0,1,1,0,0,0,0,0,0,0,1
_____________________________________________________
_____________________________________________________
50,12,0.0000,
1,6,1,0,1,1,0,0,0,0,0,0,0,1
1,6,1,0,1,0,0,0,0,0,0,0,0,1
_____________________________________________________
_____________________________________________________
51,12,0.0000,
1,6,1,0,1,0,0,0,0,0,0,0,0,1
0,7,1,0,1,0,0,0,0,0,0,0,0,0
_____________________________________________________
_____________________________________________________
52,0,0.0000,
0,7,1,0,1,0,0,0,0,0,0,0,0,0
1,6,1,0,1,0,0,0,0,0,0,0,0,0
_____________________________________________________
_____________________________________________________
53,1,0.0000,
1,6,1,0,1,0,0,0,0,0,0,0,0,0
1,6,0,1,1,1,0,0,1,1,1,0,0,1
_____________________________________________________
_____________________________________________________
54,7,0.0000,
1,6,0,1,1,1,0,0,1,1,1,0,0,1
1,6,0,0,1,1,0,0,0,0,0,0,0,1
_____________________________________________________
_____________________________________________________
55,12,0.0000,
1,6,0,0,1,1,0,0,0,0,0,0,0,1
1,6,0,1,0,0,0,0,1,0,0,0,1,0
_____________________________________________________
_____________________________________________________
56,11,0.0000,
1,6,0,1,0,0,0,0,1,0,0,0,1,0
1,6,0,1,0,0,0,0,1,0,0,0,0,1
_____________________________________________________
_____________________________________________________
57,7,0.0000,
1,6,0,1,0,0,0,0,1,0,0,0,0,1
1,6,0,1,0,0,1,0,1,0,0,1,0,1
_____________________________________________________
_____________________________________________________
58,7,0.0000,
1,6,0,1,0,0,1,0,1,0,0,1,0,1
1,6,0,0,0,1,1,0,0,0,0,1,0,1
_____________________________________________________
_____________________________________________________
59,5,0.0000,
1,6,0,0,0,1,1,0,0,0,0,1,0,1
0,7,0,0,0,0,0,0,0,0,0,1,0,1
_____________________________________________________
_____________________________________________________
60,0,0.0000,
0,7,0,0,0,0,0,0,0,0,0,1,0,1
1,6,0,0,0,0,1,0,0,0,0,1,0,1
_____________________________________________________
_____________________________________________________
61,5,0.0000,
1,6,0,0,0,0,1,0,0,0,0,1,0,1
0,7,0,0,0,0,0,0,0,0,0,1,0,1
_____________________________________________________
_____________________________________________________
62,0,0.0000,
0,7,0,0,0,0,0,0,0,0,0,1,0,1
1,6,0,0,0,0,0,0,0,0,0,1,0,1
_____________________________________________________
_____________________________________________________
63,12,0.0000,
1,6,0,0,0,0,0,0,0,0,0,1,0,1
0,7,0,0,0,0,0,0,0,0,0,0,0,0
_____________________________________________________
_____________________________________________________
64,0,0.0000,
0,7,0,0,0,0,0,0,0,0,0,0,0,0
0,7,0,1,0,0,1,0,1,0,0,0,0,0
_____________________________________________________
_____________________________________________________
65,0,0.0000,
0,7,0,1,0,0,1,0,1,0,0,0,0,0
1,6,0,1,0,1,1,1,1,0,0,0,1,0
_____________________________________________________
_____________________________________________________
66,11,0.0000,
1,6,0,1,0,1,1,1,1,0,0,0,1,0
1,6,0,1,0,1,1,0,1,0,0,0,0,0
_____________________________________________________
_____________________________________________________
67,7,0.0000,
1,6,0,1,0,1,1,0,1,0,0,0,0,0
0,7,0,0,0,1,1,0,0,0,0,0,0,0
_____________________________________________________
_____________________________________________________
68,0,0.0000,
0,7,0,0,0,1,1,0,0,0,0,0,0,0
0,7,0,0,0,1,1,0,0,0,0,0,0,0
_____________________________________________________
_____________________________________________________
69,0,0.0000,
0,7,0,0,0,1,1,0,0,0,0,0,0,0
1,6,1,0,1,0,0,1,0,0,0,1,1,0
_____________________________________________________
_____________________________________________________
70,11,0.0000,
1,6,1,0,1,0,0,1,0,0,0,1,1,0
0,7,0,0,0,0,0,1,1,0,0,1,0,0
_____________________________________________________
_____________________________________________________
71,0,0.0000,
0,7,0,0,0,0,0,1,1,0,0,1,0,0
0,7,0,0,0,1,0,1,1,0,1,1,1,1
_____________________________________________________
_____________________________________________________
72,0,0.0000,
0,7,0,0,0,1,0,1,1,0,1,1,1,1
0,7,1,0,1,1,0,1,1,0,1,1,1,1
_____________________________________________________
_____________________________________________________
73,0,0.0000,
0,7,1,0,1,1,0,1,1,0,1,1,1,1
1,6,1,0,1,1,0,1,1,0,1,1,1,1
_____________________________________________________
_____________________________________________________
74,11,0.0000,
1,6,1,0,1,1,0,1,1,0,1,1,1,1
0,7,0,0,0,1,0,1,1,0,1,1,0,1
_____________________________________________________
_____________________________________________________
75,0,0.0000,
0,7,0,0,0,1,0,1,1,0,1,1,0,1
0,7,0,0,1,1,0,1,1,0,1,1,1,1
_____________________________________________________
_____________________________________________________
76,0,0.0000,
0,7,0,0,1,1,0,1,1,0,1,1,1,1
1,6,1,0,1,1,0,1,1,0,1,1,1,1
_____________________________________________________
_____________________________________________________
77,11,0.0000,
1,6,1,0,1,1,0,1,1,0,1,1,1,1
1,6,0,0,1,1,0,1,1,0,1,1,1,1
_____________________________________________________
_____________________________________________________
78,11,0.0000,
1,6,0,0,1,1,0,1,1,0,1,1,1,1
1,6,0,0,0,1,0,1,1,0,1,1,0,1
_____________________________________________________
_____________________________________________________
79,7,0.0000,
1,6,0,0,0,1,0,1,1,0,1,1,0,1
0,7,1,0,1,0,0,1,0,0,1,1,1,1
_____________________________________________________
_____________________________________________________
80,0,0.0000,
0,7,1,0,1,0,0,1,0,0,1,1,1,1
0,7,1,0,1,0,1,1,0,0,1,1,1,1
_____________________________________________________
_____________________________________________________
81,0,0.0000,
0,7,1,0,1,0,1,1,0,0,1,1,1,1
0,7,1,0,1,0,1,1,0,0,1,1,1,1
_____________________________________________________
_____________________________________________________
82,0,0.0000,
0,7,1,0,1,0,1,1,0,0,1,1,1,1
0,7,1,0,1,0,1,1,0,0,1,1,1,1
_____________________________________________________
_____________________________________________________
83,0,0.0000,
0,7,1,0,1,0,1,1,0,0,1,1,1,1
0,7,0,0,1,0,0,0,0,1,0,0,1,0
_____________________________________________________
_____________________________________________________
84,0,0.0000,
0,7,0,0,1,0,0,0,0,1,0,0,1,0
1,6,0,0,1,0,0,0,0,1,0,1,1,0
_____________________________________________________
_____________________________________________________
85,11,0.0000,
1,6,0,0,1,0,0,0,0,1,0,1,1,0
0,7,0,0,1,1,0,0,0,0,0,1,0,0
_____________________________________________________
_____________________________________________________
86,0,0.0000,
0,7,0,0,1,1,0,0,0,0,0,1,0,0
0,7,0,0,1,1,0,0,0,0,0,1,0,0
_____________________________________________________
_____________________________________________________
87,0,0.0000,
0,7,0,0,1,1,0,0,0,0,0,1,0,0
0,7,0,0,1,1,0,0,0,1,0,1,1,0
_____________________________________________________
_____________________________________________________
88,0,0.0000,
0,7,0,0,1,1,0,0,0,1,0,1,1,0
0,7,0,0,1,1,0,0,0,1,0,1,1,0
_____________________________________________________
_____________________________________________________
89,0,0.0000,
0,7,0,0,1,1,0,0,0,1,0,1,1,0
0,7,0,0,1,1,0,0,0,1,1,1,1,1
_____________________________________________________
_____________________________________________________
90,0,0.0000,
0,7,0,0,1,1,0,0,0,1,1,1,1,1
0,7,0,0,1,1,0,1,0,1,1,1,1,1
_____________________________________________________
_____________________________________________________
91,0,0.0000,
0,7,0,0,1,1,0,1,0,1,1,1,1,1
0,7,0,1,1,1,1,1,1,1,1,1,1,1
_____________________________________________________
_____________________________________________________
92,0,0.0000,
0,7,0,1,1,1,1,1,1,1,1,1,1,1
1,6,0,1,1,1,1,1,1,1,1,1,1,1
_____________________________________________________
_____________________________________________________
93,2,0.0000,
1,6,0,1,1,1,1,1,1,1,1,1,1,1
0,7,0,0,1,1,0,1,0,1,1,1,1,1
_____________________________________________________
_____________________________________________________
94,0,0.0000,
0,7,0,0,1,1,0,1,0,1,1,1,1,1
1,6,0,0,1,1,0,1,0,1,1,1,1,1
_____________________________________________________
_____________________________________________________
95,11,0.0000,
1,6,0,0,1,1,0,1,0,1,1,1,1,1
0,7,0,0,1,1,0,1,0,0,1,1,0,1
_____________________________________________________
_____________________________________________________
96,0,0.0000,
0,7,0,0,1,1,0,1,0,0,1,1,0,1
0,7,0,0,1,1,0,1,0,0,1,1,0,1
_____________________________________________________
_____________________________________________________
97,0,0.0000,
0,7,0,0,1,1,0,1,0,0,1,1,0,1
1,6,0,1,1,1,0,1,0,1,1,0,1,0
_____________________________________________________
_____________________________________________________
98,11,0.0000,
1,6,0,1,1,1,0,1,0,1,1,0,1,0
1,6,1,1,0,1,1,1,0,1,1,0,0,0
_____________________________________________________
_____________________________________________________
99,5,0.0000,
1,6,1,1,0,1,1,1,0,1,1,0,0,0
1,6,0,1,0,1,0,1,0,1,1,0,0,0
_____________________________________________________
_____________________________________________________
100,6,0.0000,
1,6,0,1,0,1,0,1,0,1,1,0,0,0
0,7,0,1,0,1,0,1,0,1,1,0,0,0
_____________________________________________________
_____________________________________________________
101,0,0.0000,
0,7,0,1,0,1,0,1,0,1,1,0,0,0
0,7,0,1,0,1,0,1,0,1,1,0,0,0
_____________________________________________________
_____________________________________________________
102,0,0.0000,
0,7,0,1,0,1,0,1,0,1,1,0,0,0
1,6,0,1,0,1,0,1,1,1,1,0,0,1
_____________________________________________________
_____________________________________________________
103,7,0.0000,
1,6,0,1,0,1,0,1,1,1,1,0,0,1
0,7,1,1,0,1,1,1,0,1,1,0,0,0
_____________________________________________________
_____________________________________________________
104,0,0.0000,
0,7,1,1,0,1,1,1,0,1,1,0,0,0
0,7,1,1,0,1,1,1,0,1,1,0,0,0
_____________________________________________________
_____________________________________________________
105,0,0.0000,
0,7,1,1,0,1,1,1,0,1,1,0,0,0
0,7,1,1,0,1,1,1,0,1,1,0,0,0
_____________________________________________________
_____________________________________________________
106,0,0.0000,
0,7,1,1,0,1,1,1,0,1,1,0,0,0
0,7,1,1,0,1,1,1,0,1,1,0,0,0
_____________________________________________________
_____________________________________________________
107,0,0.0000,
0,7,1,1,0,1,1,1,0,1,1,0,0,0
0,7,1,1,0,1,1,1,0,1,1,0,0,0
_____________________________________________________
_____________________________________________________
108,0,0.0000,
0,7,1,1,0,1,1,1,0,1,1,0,0,0
0,7,1,1,0,1,1,1,0,1,1,0,0,0
_____________________________________________________
_____________________________________________________
109,0,0.0000,
0,7,1,1,0,1,1,1,0,1,1,0,0,0
0,7,1,1,0,1,1,1,0,1,1,0,0,0
_____________________________________________________
_____________________________________________________
110,0,0.0000,
0,7,1,1,0,1,1,1,0,1,1,0,0,0
1,6,1,1,0,1,1,1,0,1,1,0,0,1
_____________________________________________________
_____________________________________________________
111,5,0.0000,
1,6,1,1,0,1,1,1,0,1,1,0,0,1
1,6,0,0,1,0,0,1,1,0,1,1,1,1
_____________________________________________________
_____________________________________________________
112,11,0.0000,
1,6,0,0,1,0,0,1,1,0,1,1,1,1
0,7,0,0,1,0,0,1,1,0,1,1,0,1
_____________________________________________________
_____________________________________________________
113,0,0.0000,
0,7,0,0,1,0,0,1,1,0,1,1,0,1
1,6,0,0,1,0,0,1,1,0,1,1,0,1
_____________________________________________________
_____________________________________________________
114,7,0.0000,
1,6,0,0,1,0,0,1,1,0,1,1,0,1
0,7,0,0,1,0,0,1,0,0,1,1,1,0
_____________________________________________________
_____________________________________________________
115,0,0.0000,
0,7,0,0,1,0,0,1,0,0,1,1,1,0
1,6,0,0,1,0,0,1,0,0,1,1,1,0
_____________________________________________________
_____________________________________________________
116,11,0.0000,
1,6,0,0,1,0,0,1,0,0,1,1,1,0
0,7,0,0,1,0,0,1,1,0,1,1,0,1
_____________________________________________________
_____________________________________________________
117,0,0.0000,
0,7,0,0,1,0,0,1,1,0,1,1,0,1
0,7,0,0,1,0,0,1,1,0,1,1,0,1
_____________________________________________________
_____________________________________________________
118,0,0.0000,
0,7,0,0,1,0,0,1,1,0,1,1,0,1
0,7,0,0,1,0,0,1,1,0,1,1,0,1
_____________________________________________________
_____________________________________________________
119,0,0.0000,
0,7,0,0,1,0,0,1,1,0,1,1,0,1
0,7,0,0,1,0,0,1,1,0,1,1,1,1
_____________________________________________________
_____________________________________________________
120,0,0.0000,
0,7,0,0,1,0,0,1,1,0,1,1,1,1
1,6,0,0,1,0,0,1,1,0,1,1,1,1
_____________________________________________________
_____________________________________________________
121,11,0.0000,
1,6,0,0,1,0,0,1,1,0,1,1,1,1
1,6,0,0,1,0,0,1,1,0,1,1,0,1
_____________________________________________________
_____________________________________________________
122,7,0.0000,
1,6,0,0,1,0,0,1,1,0,1,1,0,1
0,7,0,0,1,0,0,1,0,0,1,1,0,1
_____________________________________________________
_____________________________________________________
123,0,0.0000,
0,7,0,0,1,0,0,1,0,0,1,1,0,1
1,6,0,0,1,0,0,1,1,0,1,1,0,1
_____________________________________________________
_____________________________________________________
124,7,0.0000,
1,6,0,0,1,0,0,1,1,0,1,1,0,1
1,6,0,0,1,0,0,1,0,0,1,1,0,1
_____________________________________________________
_____________________________________________________
125,6,0.0000,
1,6,0,0,1,0,0,1,0,0,1,1,0,1
0,7,1,0,1,0,0,1,0,0,1,0,1,1
_____________________________________________________
_____________________________________________________
126,0,0.0000,
0,7,1,0,1,0,0,1,0,0,1,0,1,1
1,6,1,0,1,0,0,1,0,0,1,0,1,1
_____________________________________________________
_____________________________________________________
127,11,0.0000,
1,6,1,0,1,0,0,1,0,0,1,0,1,1
0,7,1,0,1,0,0,1,0,1,1,0,1,1
_____________________________________________________
_____________________________________________________
128,0,0.0000,
0,7,1,0,1,0,0,1,0,1,1,0,1,1
1,6,1,1,1,0,0,1,0,1,1,0,1,1
_____________________________________________________
_____________________________________________________
129,11,0.0000,
1,6,1,1,1,0,0,1,0,1,1,0,1,1
0,7,0,1,1,0,0,1,0,1,1,1,0,1
_____________________________________________________
_____________________________________________________
130,0,0.0000,
0,7,0,1,1,0,0,1,0,1,1,1,0,1
1,6,0,1,1,1,0,1,1,1,1,1,0,1
_____________________________________________________
_____________________________________________________
131,7,0.0000,
1,6,0,1,1,1,0,1,1,1,1,1,0,1
1,6,0,1,1,0,0,1,0,1,1,0,0,1
_____________________________________________________
_____________________________________________________
132,6,0.0000,
1,6,0,1,1,0,0,1,0,1,1,0,0,1
1,6,0,1,1,0,0,1,0,1,1,0,0,1
_____________________________________________________
_____________________________________________________
133,6,0.0000,
1,6,0,1,1,0,0,1,0,1,1,0,0,1
1,6,0,1,1,0,0,0,0,1,1,0,0,0
_____________________________________________________
_____________________________________________________
134,9,0.0000,
1,6,0,1,1,0,0,0,0,1,1,0,0,0
0,7,0,1,1,0,0,0,0,1,0,0,0,0
_____________________________________________________
_____________________________________________________
135,0,0.0000,
0,7,0,1,1,0,0,0,0,1,0,0,0,0
0,7,0,1,1,0,0,0,0,1,1,0,0,0
_____________________________________________________
_____________________________________________________
136,0,0.0000,
0,7,0,1,1,0,0,0,0,1,1,0,0,0
0,7,0,1,1,0,0,1,0,1,1,0,0,1
_____________________________________________________
_____________________________________________________
137,0,0.0000,
0,7,0,1,1,0,0,1,0,1,1,0,0,1
0,7,0,1,1,0,0,1,0,1,1,0,0,1
_____________________________________________________
_____________________________________________________
138,0,0.0000,
0,7,0,1,1,0,0,1,0,1,1,0,0,1
1,6,0,1,1,0,0,1,0,1,1,0,0,1
_____________________________________________________
_____________________________________________________
139,6,0.0000,
1,6,0,1,1,0,0,1,0,1,1,0,0,1
0,6,0,0,0,0,0,0,0,0,0,0,0,0
_____________________________________________________
