_____________________________________________________
0,11,0.0000,
3,5,1,1,1,1,1,1,1,1,1,1,1,1
2,5,1,1,1,1,1,1,1,1,1,1,0,1
_____________________________________________________
_____________________________________________________
1,5,0.0000,
2,5,1,1,1,1,1,1,1,1,1,1,0,1
1,4,1,0,1,1,0,1,1,1,1,1,0,1
_____________________________________________________
_____________________________________________________
2,7,0.0000,
1,4,1,0,1,1,0,1,1,1,1,1,0,1
1,6,1,0,0,1,1,1,0,0,1,1,0,1
_____________________________________________________
_____________________________________________________
3,5,0.0000,
1,6,1,0,0,1,1,1,0,0,1,1,0,1
1,6,1,0,0,1,0,1,0,0,1,1,0,1
_____________________________________________________
_____________________________________________________
4,6,0.0000,
1,6,1,0,0,1,0,1,0,0,1,1,0,1
1,6,1,0,0,1,0,0,0,0,1,1,0,1
_____________________________________________________
_____________________________________________________
5,12,0.0000,
1,6,1,0,0,1,0,0,0,0,1,1,0,1
1,6,1,0,0,1,0,0,0,0,0,1,0,0
_____________________________________________________
_____________________________________________________
6,1,0.0000,
1,6,1,0,0,1,0,0,0,0,0,1,0,0
0,7,0,0,0,1,0,0,0,0,0,1,0,0
_____________________________________________________
_____________________________________________________
7,0,0.0000,
0,7,0,0,0,1,0,0,0,0,0,1,0,0
0,7,0,0,0,1,0,0,0,0,0,1,0,0
_____________________________________________________
_____________________________________________________
8,0,0.0000,
0,7,0,0,0,1,0,0,0,0,0,1,0,0
1,6,0,0,0,1,0,0,0,0,0,1,0,0
_____________________________________________________
_____________________________________________________
9,10,0.0000,
1,6,0,0,0,1,0,0,0,0,0,1,0,0
1,6,0,0,0,0,0,1,0,0,1,0,0,1
_____________________________________________________
_____________________________________________________
10,6,0.0000,
1,6,0,0,0,0,0,1,0,0,1,0,0,1
0,7,0,0,0,0,0,0,0,0,1,0,0,1
_____________________________________________________
_____________________________________________________
11,0,0.0000,
0,7,0,0,0,0,0,0,0,0,1,0,0,1
0,7,0,0,0,0,0,0,0,0,1,1,0,1
_____________________________________________________
_____________________________________________________
12,0,0.0000,
0,7,0,0,0,0,0,0,0,0,1,1,0,1
0,7,0,0,0,1,0,0,0,0,1,1,0,1
_____________________________________________________
_____________________________________________________
13,0,0.0000,
0,7,0,0,0,1,0,0,0,0,1,1,0,1
0,7,1,1,1,0,1,1,1,1,1,1,1,0
_____________________________________________________
_____________________________________________________
14,0,0.0000,
0,7,1,1,1,0,1,1,1,1,1,1,1,0
0,7,1,1,1,0,1,1,1,1,1,1,1,0
_____________________________________________________
_____________________________________________________
15,0,0.0000,
0,7,1,1,1,0,1,1,1,1,1,1,1,0
0,7,1,1,1,0,1,1,1,1,1,1,1,0
_____________________________________________________
_____________________________________________________
16,0,0.0000,
0,7,1,1,1,0,1,1,1,1,1,1,1,0
1,6,1,1,1,0,1,1,1,1,1,1,1,0
_____________________________________________________
_____________________________________________________
17,5,0.0000,
1,6,1,1,1,0,1,1,1,1,1,1,1,0
0,7,1,1,1,0,1,1,1,1,1,1,1,0
_____________________________________________________
_____________________________________________________
18,0,0.0000,
0,7,1,1,1,0,1,1,1,1,1,1,1,0
1,6,1,1,1,0,1,1,1,1,1,1,1,0
_____________________________________________________
_____________________________________________________
19,2,0.0000,
1,6,1,1,1,0,1,1,1,1,1,1,1,0
0,7,1,1,1,0,1,1,1,1,1,1,1,0
_____________________________________________________
_____________________________________________________
20,0,0.0000,
0,7,1,1,1,0,1,1,1,1,1,1,1,0
1,6,1,1,1,0,1,1,1,1,1,1,1,0
_____________________________________________________
_____________________________________________________
21,5,0.0000,
1,6,1,1,1,0,1,1,1,1,1,1,1,0
1,6,1,0,1,0,0,1,1,1,1,1,0,0
_____________________________________________________
_____________________________________________________
22,7,0.0000,
1,6,1,0,1,0,0,1,1,1,1,1,0,0
1,6,1,0,1,0,0,1,0,0,1,1,0,0
_____________________________________________________
_____________________________________________________
23,9,0.0000,
1,6,1,0,1,0,0,1,0,0,1,1,0,0
0,7,1,0,1,0,1,0,0,0,0,1,1,0
_____________________________________________________
_____________________________________________________
24,0,0.0000,
0,7,1,0,1,0,1,0,0,0,0,1,1,0
0,7,1,1,1,0,1,0,0,0,0,1,1,0
_____________________________________________________
_____________________________________________________
25,0,0.0000,
0,7,1,1,1,0,1,0,0,0,0,1,1,0
0,7,1,1,1,0,1,0,0,0,0,1,1,0
_____________________________________________________
_____________________________________________________
26,0,0.0000,
0,7,1,1,1,0,1,0,0,0,0,1,1,0
1,6,1,1,1,0,1,0,0,0,0,1,1,0
_____________________________________________________
_____________________________________________________
27,11,0.0000,
1,6,1,1,1,0,1,0,0,0,0,1,1,0
0,7,0,0,0,0,1,0,0,0,0,0,1,0
_____________________________________________________
_____________________________________________________
28,0,0.0000,
0,7,0,0,0,0,1,0,0,0,0,0,1,0
1,6,0,0,0,0,1,0,0,1,0,0,1,1
_____________________________________________________
_____________________________________________________
29,11,0.0000,
1,6,0,0,0,0,1,0,0,1,0,0,1,1
1,6,0,0,0,0,0,0,0,1,0,0,0,1
_____________________________________________________
_____________________________________________________
30,12,0.0000,
1,6,0,0,0,0,0,0,0,1,0,0,0,1
1,6,0,0,0,0,0,0,0,0,0,0,0,1
_____________________________________________________
_____________________________________________________
31,12,0.0000,
1,6,0,0,0,0,0,0,0,0,0,0,0,1
1,6,0,0,0,0,0,0,0,0,0,1,0,0
_____________________________________________________
_____________________________________________________
32,0,0.0000,
1,6,0,0,0,0,0,0,0,0,0,1,0,0
2,5,1,1,0,0,0,0,1,0,1,1,0,0
_____________________________________________________
_____________________________________________________
33,7,0.0000,
2,5,1,1,0,0,0,0,1,0,1,1,0,0
1,5,0,0,0,0,0,0,0,0,0,0,1,0
_____________________________________________________
_____________________________________________________
34,11,0.0000,
1,5,0,0,0,0,0,0,0,0,0,0,1,0
1,6,0,0,0,0,0,0,0,0,0,0,0,1
_____________________________________________________
_____________________________________________________
35,12,0.0000,
1,6,0,0,0,0,0,0,0,0,0,0,0,1
1,6,0,0,0,0,0,0,0,0,0,0,0,0
_____________________________________________________
_____________________________________________________
36,0,0.0000,
1,6,0,0,0,0,0,0,0,0,0,0,0,0
2,5,0,0,0,0,0,0,0,0,0,0,0,0
_____________________________________________________
_____________________________________________________
37,9,-1.0000,
2,5,0,0,0,0,0,0,0,0,0,0,0,0
1,5,-1,-1,0,0,0,0,-1,1,-1,-1,0,1
_____________________________________________________
_____________________________________________________
38,9,0.0000,
1,5,-1,-1,0,0,0,0,-1,1,-1,-1,0,1
1,6,-1,-1,0,0,0,0,-1,1,-1,-1,0,1
_____________________________________________________
_____________________________________________________
39,9,0.0000,
1,6,-1,-1,0,0,0,0,-1,1,-1,-1,0,1
1,6,-1,-1,0,0,0,0,-1,1,-1,-1,0,1
_____________________________________________________
_____________________________________________________
40,9,0.0000,
1,6,-1,-1,0,0,0,0,-1,1,-1,-1,0,1
0,7,-1,-1,0,0,0,0,-1,1,-1,-1,1,1
_____________________________________________________
_____________________________________________________
41,0,0.0000,
0,7,-1,-1,0,0,0,0,-1,1,-1,-1,1,1
0,7,1,1,0,0,1,-1,1,0,0,0,0,-1
_____________________________________________________
_____________________________________________________
42,0,0.0000,
0,7,1,1,0,0,1,-1,1,0,0,0,0,-1
1,6,1,1,0,1,1,-1,1,0,0,0,0,-1
_____________________________________________________
_____________________________________________________
43,7,0.0000,
1,6,1,1,0,1,1,-1,1,0,0,0,0,-1
1,6,1,1,0,1,1,-1,1,0,0,0,0,-1
_____________________________________________________
_____________________________________________________
44,7,0.0000,
1,6,1,1,0,1,1,-1,1,0,0,0,0,-1
0,7,0,1,0,1,1,-1,0,0,0,0,0,-1
_____________________________________________________
_____________________________________________________
45,0,0.0000,
0,7,0,1,0,1,1,-1,0,0,0,0,0,-1
0,7,0,1,0,1,1,-1,0,0,0,0,0,-1
_____________________________________________________
_____________________________________________________
46,0,0.0000,
0,7,0,1,0,1,1,-1,0,0,0,0,0,-1
0,7,0,1,0,1,1,-1,0,0,0,1,0,-1
_____________________________________________________
_____________________________________________________
47,0,0.0000,
0,7,0,1,0,1,1,-1,0,0,0,1,0,-1
0,7,0,1,0,1,1,-1,1,1,0,1,0,-1
_____________________________________________________
_____________________________________________________
48,0,0.0000,
0,7,0,1,0,1,1,-1,1,1,0,1,0,-1
1,6,1,1,0,1,1,-1,1,1,0,1,0,-1
_____________________________________________________
_____________________________________________________
49,5,0.0000,
1,6,1,1,0,1,1,-1,1,1,0,1,0,-1
0,7,1,1,0,1,0,-1,1,1,0,1,0,-1
_____________________________________________________
_____________________________________________________
50,0,0.0000,
0,7,1,1,0,1,0,-1,1,1,0,1,0,-1
1,6,1,1,0,1,0,-1,1,1,0,1,0,-1
_____________________________________________________
_____________________________________________________
51,12,0.0000,
1,6,1,1,0,1,0,-1,1,1,0,1,0,-1
0,7,1,1,0,1,0,-1,1,1,0,1,0,-1
_____________________________________________________
_____________________________________________________
52,0,0.0000,
0,7,1,1,0,1,0,-1,1,1,0,1,0,-1
0,7,1,1,0,1,1,-1,1,1,0,1,0,-1
_____________________________________________________
_____________________________________________________
53,0,0.0000,
0,7,1,1,0,1,1,-1,1,1,0,1,0,-1
1,6,1,1,0,1,1,-1,1,1,0,1,0,-1
_____________________________________________________
_____________________________________________________
54,5,0.0000,
1,6,1,1,0,1,1,-1,1,1,0,1,0,-1
1,6,1,1,0,1,0,-1,1,1,0,1,0,-1
_____________________________________________________
_____________________________________________________
55,12,0.0000,
1,6,1,1,0,1,0,-1,1,1,0,1,0,-1
1,6,1,0,1,1,1,1,1,0,0,-1,0,1
_____________________________________________________
_____________________________________________________
56,5,0.0000,
1,6,1,0,1,1,1,1,1,0,0,-1,0,1
0,7,1,0,1,0,0,1,1,0,0,-1,0,1
_____________________________________________________
_____________________________________________________
57,0,0.0000,
0,7,1,0,1,0,0,1,1,0,0,-1,0,1
0,7,1,1,1,1,1,1,1,0,0,-1,1,1
_____________________________________________________
_____________________________________________________
58,0,0.0000,
0,7,1,1,1,1,1,1,1,0,0,-1,1,1
0,7,1,1,1,1,1,1,1,0,0,-1,1,1
_____________________________________________________
_____________________________________________________
59,0,0.0000,
0,7,1,1,1,1,1,1,1,0,0,-1,1,1
0,7,1,1,1,1,1,1,1,0,0,-1,1,1
_____________________________________________________
_____________________________________________________
60,0,0.0000,
0,7,1,1,1,1,1,1,1,0,0,-1,1,1
0,7,1,1,1,1,1,1,1,0,0,-1,1,1
_____________________________________________________
_____________________________________________________
61,0,0.0000,
0,7,1,1,1,1,1,1,1,0,0,-1,1,1
0,7,1,1,1,1,1,1,1,0,0,-1,1,1
_____________________________________________________
_____________________________________________________
62,0,0.0000,
0,7,1,1,1,1,1,1,1,0,0,-1,1,1
0,7,1,1,1,1,1,1,1,0,0,-1,1,1
_____________________________________________________
_____________________________________________________
63,0,0.0000,
0,7,1,1,1,1,1,1,1,0,0,-1,1,1
1,6,1,1,1,1,1,1,1,0,0,-1,1,1
_____________________________________________________
_____________________________________________________
64,11,0.0000,
1,6,1,1,1,1,1,1,1,0,0,-1,1,1
1,6,1,1,1,1,1,1,1,1,0,-1,1,1
_____________________________________________________
_____________________________________________________
65,11,0.0000,
1,6,1,1,1,1,1,1,1,1,0,-1,1,1
1,6,1,0,1,1,1,1,1,1,0,-1,0,1
_____________________________________________________
_____________________________________________________
66,5,0.0000,
1,6,1,0,1,1,1,1,1,1,0,-1,0,1
0,7,1,0,1,0,1,1,1,1,0,1,0,1
_____________________________________________________
_____________________________________________________
67,0,0.0000,
0,7,1,0,1,0,1,1,1,1,0,1,0,1
0,7,1,0,1,1,1,1,1,1,0,1,1,1
_____________________________________________________
_____________________________________________________
68,0,0.0000,
0,7,1,0,1,1,1,1,1,1,0,1,1,1
0,7,1,1,1,1,1,1,1,1,0,1,1,1
_____________________________________________________
_____________________________________________________
69,0,0.0000,
0,7,1,1,1,1,1,1,1,1,0,1,1,1
0,7,1,1,1,1,1,1,1,0,1,1,1,0
_____________________________________________________
_____________________________________________________
70,0,0.0000,
0,7,1,1,1,1,1,1,1,0,1,1,1,0
1,6,1,1,1,1,1,1,1,0,1,1,1,0
_____________________________________________________
_____________________________________________________
71,2,0.0000,
1,6,1,1,1,1,1,1,1,0,1,1,1,0
0,7,1,0,1,1,1,1,1,0,1,1,1,1
_____________________________________________________
_____________________________________________________
72,0,0.0000,
0,7,1,0,1,1,1,1,1,0,1,1,1,1
1,6,1,0,1,1,1,1,1,0,1,1,1,1
_____________________________________________________
_____________________________________________________
73,5,0.0000,
1,6,1,0,1,1,1,1,1,0,1,1,1,1
1,6,1,0,0,1,0,1,1,0,1,1,1,1
_____________________________________________________
_____________________________________________________
74,11,0.0000,
1,6,1,0,0,1,0,1,1,0,1,1,1,1
0,7,1,0,0,1,0,1,1,0,1,1,0,1
_____________________________________________________
_____________________________________________________
75,0,0.0000,
0,7,1,0,0,1,0,1,1,0,1,1,0,1
0,7,1,0,0,1,0,1,1,0,1,1,0,1
_____________________________________________________
_____________________________________________________
76,0,0.0000,
0,7,1,0,0,1,0,1,1,0,1,1,0,1
0,7,1,0,0,1,0,1,1,0,1,1,0,1
_____________________________________________________
_____________________________________________________
77,0,0.0000,
0,7,1,0,0,1,0,1,1,0,1,1,0,1
0,7,1,0,0,1,0,1,1,0,1,1,0,1
_____________________________________________________
_____________________________________________________
78,0,0.0000,
0,7,1,0,0,1,0,1,1,0,1,1,0,1
1,6,1,0,0,1,0,1,1,0,1,1,0,1
_____________________________________________________
_____________________________________________________
79,7,0.0000,
1,6,1,0,0,1,0,1,1,0,1,1,0,1
0,7,1,0,0,1,0,1,0,0,1,1,0,1
_____________________________________________________
_____________________________________________________
80,0,0.0000,
0,7,1,0,0,1,0,1,0,0,1,1,0,1
0,7,1,0,0,1,0,1,0,0,1,1,0,1
_____________________________________________________
_____________________________________________________
81,0,0.0000,
0,7,1,0,0,1,0,1,0,0,1,1,0,1
1,6,1,0,0,1,0,1,0,0,1,1,1,1
_____________________________________________________
_____________________________________________________
82,11,0.0000,
1,6,1,0,0,1,0,1,0,0,1,1,1,1
1,6,1,0,0,1,0,1,0,0,1,1,0,1
_____________________________________________________
_____________________________________________________
83,6,0.0000,
1,6,1,0,0,1,0,1,0,0,1,1,0,1
0,7,0,1,1,0,0,0,0,0,0,0,0,1
_____________________________________________________
_____________________________________________________
84,0,0.0000,
0,7,0,1,1,0,0,0,0,0,0,0,0,1
0,7,0,1,1,0,1,0,1,1,0,0,1,1
_____________________________________________________
_____________________________________________________
85,0,0.0000,
0,7,0,1,1,0,1,0,1,1,0,0,1,1
1,6,0,1,1,1,1,1,1,1,0,0,1,1
_____________________________________________________
_____________________________________________________
86,11,0.0000,
1,6,0,1,1,1,1,1,1,1,0,0,1,1
1,6,0,1,1,1,0,1,0,0,0,0,0,1
_____________________________________________________
_____________________________________________________
87,6,0.0000,
1,6,0,1,1,1,0,1,0,0,0,0,0,1
1,6,1,1,1,0,0,0,0,0,1,0,0,1
_____________________________________________________
_____________________________________________________
88,2,0.0000,
1,6,1,1,1,0,0,0,0,0,1,0,0,1
0,7,1,0,1,0,0,0,0,0,1,0,0,1
_____________________________________________________
_____________________________________________________
89,0,0.0000,
0,7,1,0,1,0,0,0,0,0,1,0,0,1
1,6,1,0,1,0,0,0,0,0,1,0,0,1
_____________________________________________________
_____________________________________________________
90,12,0.0000,
1,6,1,0,1,0,0,0,0,0,1,0,0,1
0,7,1,0,0,0,0,0,0,0,1,0,0,0
_____________________________________________________
_____________________________________________________
91,0,0.0000,
0,7,1,0,0,0,0,0,0,0,1,0,0,0
1,6,1,0,0,0,0,0,0,1,1,0,1,0
_____________________________________________________
_____________________________________________________
92,11,0.0000,
1,6,1,0,0,0,0,0,0,1,1,0,1,0
1,6,1,0,0,1,0,1,0,0,1,0,0,0
_____________________________________________________
_____________________________________________________
93,6,0.0000,
1,6,1,0,0,1,0,1,0,0,1,0,0,0
0,7,1,0,0,0,0,0,0,0,1,0,0,0
_____________________________________________________
_____________________________________________________
94,0,0.0000,
0,7,1,0,0,0,0,0,0,0,1,0,0,0
1,6,1,0,0,0,0,0,0,0,1,0,0,0
_____________________________________________________
_____________________________________________________
95,9,0.0000,
1,6,1,0,0,0,0,0,0,0,1,0,0,0
1,6,1,0,0,1,0,1,0,0,1,1,0,0
_____________________________________________________
_____________________________________________________
96,6,0.0000,
1,6,1,0,0,1,0,1,0,0,1,1,0,0
1,6,1,0,0,0,0,0,0,0,1,1,0,0
_____________________________________________________
_____________________________________________________
97,9,0.0000,
1,6,1,0,0,0,0,0,0,0,1,1,0,0
1,6,0,1,0,1,1,0,1,1,0,1,1,0
_____________________________________________________
_____________________________________________________
98,11,0.0000,
1,6,0,1,0,1,1,0,1,1,0,1,1,0
1,6,0,1,1,0,1,0,1,1,1,1,0,0
_____________________________________________________
_____________________________________________________
99,5,0.0000,
1,6,0,1,1,0,1,0,1,1,1,1,0,0
0,7,0,1,1,1,0,0,1,0,1,1,1,0
_____________________________________________________
_____________________________________________________
100,0,0.0000,
0,7,0,1,1,1,0,0,1,0,1,1,1,0
0,7,0,1,1,1,0,0,1,0,1,1,1,0
_____________________________________________________
_____________________________________________________
101,0,0.0000,
0,7,0,1,1,1,0,0,1,0,1,1,1,0
0,7,0,1,1,1,0,0,1,0,1,1,1,0
_____________________________________________________
_____________________________________________________
102,0,0.0000,
0,7,0,1,1,1,0,0,1,0,1,1,1,0
0,7,0,1,1,1,0,0,1,0,1,1,1,0
_____________________________________________________
_____________________________________________________
103,0,0.0000,
0,7,0,1,1,1,0,0,1,0,1,1,1,0
1,6,1,1,1,1,0,0,1,0,1,1,1,0
_____________________________________________________
_____________________________________________________
104,11,0.0000,
1,6,1,1,1,1,0,0,1,0,1,1,1,0
1,6,1,1,1,0,0,0,1,0,1,1,0,0
_____________________________________________________
_____________________________________________________
105,7,0.0000,
1,6,1,1,1,0,0,0,1,0,1,1,0,0
0,7,1,1,1,0,0,0,0,0,1,1,1,0
_____________________________________________________
_____________________________________________________
106,0,0.0000,
0,7,1,1,1,0,0,0,0,0,1,1,1,0
0,7,1,1,1,1,1,0,1,1,1,1,1,0
_____________________________________________________
_____________________________________________________
107,0,0.0000,
0,7,1,1,1,1,1,0,1,1,1,1,1,0
1,6,1,1,1,1,1,0,1,1,1,1,1,0
_____________________________________________________
_____________________________________________________
108,11,0.0000,
1,6,1,1,1,1,1,0,1,1,1,1,1,0
0,7,1,1,1,1,1,0,1,1,1,1,1,0
_____________________________________________________
_____________________________________________________
109,0,0.0000,
0,7,1,1,1,1,1,0,1,1,1,1,1,0
1,6,1,1,1,1,1,0,1,1,1,1,1,0
_____________________________________________________
_____________________________________________________
110,11,0.0000,
1,6,1,1,1,1,1,0,1,1,1,1,1,0
1,6,1,1,1,1,1,0,1,1,1,1,1,0
_____________________________________________________
_____________________________________________________
111,11,0.0000,
1,6,1,1,1,1,1,0,1,1,1,1,1,0
1,6,1,1,1,1,0,1,1,1,0,1,1,0
_____________________________________________________
_____________________________________________________
112,11,0.0000,
1,6,1,1,1,1,0,1,1,1,0,1,1,0
1,6,1,1,1,0,0,1,1,0,0,1,1,0
_____________________________________________________
_____________________________________________________
113,11,0.0000,
1,6,1,1,1,0,0,1,1,0,0,1,1,0
1,6,1,1,1,0,0,1,1,0,0,1,0,0
_____________________________________________________
_____________________________________________________
114,7,0.0000,
1,6,1,1,1,0,0,1,1,0,0,1,0,0
0,7,0,1,1,0,1,1,0,0,0,1,0,0
_____________________________________________________
_____________________________________________________
115,0,0.0000,
0,7,0,1,1,0,1,1,0,0,0,1,0,0
1,6,0,1,1,1,1,1,0,1,0,1,1,0
_____________________________________________________
_____________________________________________________
116,11,0.0000,
1,6,0,1,1,1,1,1,0,1,0,1,1,0
1,6,0,1,1,0,1,1,0,0,0,1,0,0
_____________________________________________________
_____________________________________________________
117,5,0.0000,
1,6,0,1,1,0,1,1,0,0,0,1,0,0
0,7,0,1,1,0,0,1,0,0,0,1,1,0
_____________________________________________________
_____________________________________________________
118,0,0.0000,
0,7,0,1,1,0,0,1,0,0,0,1,1,0
1,6,0,1,1,1,0,1,0,1,0,1,1,0
_____________________________________________________
_____________________________________________________
119,11,0.0000,
1,6,0,1,1,1,0,1,0,1,0,1,1,0
0,7,0,1,1,0,0,1,0,0,0,1,0,0
_____________________________________________________
_____________________________________________________
120,0,0.0000,
0,7,0,1,1,0,0,1,0,0,0,1,0,0
0,7,0,1,1,1,0,1,1,1,0,1,1,0
_____________________________________________________
_____________________________________________________
121,0,0.0000,
0,7,0,1,1,1,0,1,1,1,0,1,1,0
1,6,1,1,1,1,0,1,1,1,0,1,1,0
_____________________________________________________
_____________________________________________________
122,11,0.0000,
1,6,1,1,1,1,0,1,1,1,0,1,1,0
1,6,1,1,1,0,1,1,1,0,0,1,0,0
_____________________________________________________
_____________________________________________________
123,5,0.0000,
1,6,1,1,1,0,1,1,1,0,0,1,0,0
0,7,1,1,1,1,0,1,1,1,0,1,1,0
_____________________________________________________
_____________________________________________________
124,0,0.0000,
0,7,1,1,1,1,0,1,1,1,0,1,1,0
1,6,1,1,1,1,0,1,1,1,0,1,1,0
_____________________________________________________
_____________________________________________________
125,11,0.0000,
1,6,1,1,1,1,0,1,1,1,0,1,1,0
1,6,1,0,0,0,1,1,0,1,1,1,0,0
_____________________________________________________
_____________________________________________________
126,5,0.0000,
1,6,1,0,0,0,1,1,0,1,1,1,0,0
0,7,1,1,1,1,0,1,0,1,1,1,0,0
_____________________________________________________
_____________________________________________________
127,0,0.0000,
0,7,1,1,1,1,0,1,0,1,1,1,0,0
0,7,1,1,1,1,0,1,0,1,1,1,0,0
_____________________________________________________
_____________________________________________________
128,0,0.0000,
0,7,1,1,1,1,0,1,0,1,1,1,0,0
1,6,1,1,1,1,0,1,0,1,1,1,0,0
_____________________________________________________
_____________________________________________________
129,2,0.0000,
1,6,1,1,1,1,0,1,0,1,1,1,0,0
1,6,1,0,0,0,0,1,0,1,1,1,1,0
_____________________________________________________
_____________________________________________________
130,11,0.0000,
1,6,1,0,0,0,0,1,0,1,1,1,1,0
0,7,1,0,0,1,0,1,0,1,1,1,0,0
_____________________________________________________
_____________________________________________________
131,0,0.0000,
0,7,1,0,0,1,0,1,0,1,1,1,0,0
0,7,1,1,1,1,0,1,0,1,1,1,0,0
_____________________________________________________
_____________________________________________________
132,0,0.0000,
0,7,1,1,1,1,0,1,0,1,1,1,0,0
1,6,1,1,1,1,0,1,0,1,1,1,0,0
_____________________________________________________
_____________________________________________________
133,9,0.0000,
1,6,1,1,1,1,0,1,0,1,1,1,0,0
1,6,0,1,1,1,0,1,0,1,0,0,0,0
_____________________________________________________
_____________________________________________________
134,6,0.0000,
1,6,0,1,1,1,0,1,0,1,0,0,0,0
1,6,0,1,1,1,0,0,0,1,0,0,0,0
_____________________________________________________
_____________________________________________________
135,2,0.0000,
1,6,0,1,1,1,0,0,0,1,0,0,0,0
1,6,0,0,1,1,0,0,0,1,0,0,0,0
_____________________________________________________
_____________________________________________________
136,8,0.0000,
1,6,0,0,1,1,0,0,0,1,0,0,0,0
0,7,0,1,1,1,0,0,0,0,0,0,0,0
_____________________________________________________
_____________________________________________________
137,0,0.0000,
0,7,0,1,1,1,0,0,0,0,0,0,0,0
1,6,0,1,1,1,0,0,0,0,0,0,0,0
_____________________________________________________
_____________________________________________________
138,2,0.0000,
1,6,0,1,1,1,0,0,0,0,0,0,0,0
0,7,0,0,0,0,0,0,0,0,0,0,0,0
_____________________________________________________
_____________________________________________________
139,0,0.0000,
0,7,0,0,0,0,0,0,0,0,0,0,0,0
0,7,0,0,0,0,0,0,0,0,0,0,0,0
_____________________________________________________
