_____________________________________________________
0,5,0.0000,
5,3,1,0,1,0,1,1,0,0,0,1,0,0
4,3,1,0,1,0,0,1,0,0,0,1,0,0
_____________________________________________________
_____________________________________________________
1,10,0.0000,
4,3,1,0,1,0,0,1,0,0,0,1,0,0
4,3,0,0,1,0,0,1,0,0,0,0,0,0
_____________________________________________________
_____________________________________________________
2,6,0.0000,
4,3,0,0,1,0,0,1,0,0,0,0,0,0
3,3,0,0,0,0,0,0,0,0,0,0,0,0
_____________________________________________________
_____________________________________________________
3,9,-1.0000,
3,3,0,0,0,0,0,0,0,0,0,0,0,0
3,2,0,0,0,-1,0,0,0,0,-1,0,0,0
_____________________________________________________
_____________________________________________________
4,9,0.0000,
3,2,0,0,0,-1,0,0,0,0,-1,0,0,0
2,3,0,0,0,1,0,0,0,0,1,0,0,0
_____________________________________________________
_____________________________________________________
5,9,0.0000,
2,3,0,0,0,1,0,0,0,0,1,0,0,0
2,4,0,0,0,0,0,0,0,0,0,0,0,0
_____________________________________________________
_____________________________________________________
6,9,-1.0000,
2,4,0,0,0,0,0,0,0,0,0,0,0,0
1,5,0,0,0,-1,0,0,0,0,-1,0,0,0
_____________________________________________________
_____________________________________________________
7,9,0.0000,
1,5,0,0,0,-1,0,0,0,0,-1,0,0,0
0,7,0,0,0,0,0,0,0,0,0,0,0,0
_____________________________________________________
_____________________________________________________
8,0,0.0000,
0,7,0,0,0,0,0,0,0,0,0,0,0,0
0,7,0,0,0,0,0,0,0,0,0,0,0,0
_____________________________________________________
_____________________________________________________
9,0,0.0000,
0,7,0,0,0,0,0,0,0,0,0,0,0,0
0,7,0,0,0,0,0,0,0,0,0,0,0,0
_____________________________________________________
_____________________________________________________
10,0,0.0000,
0,7,0,0,0,0,0,0,0,0,0,0,0,0
1,6,0,0,0,0,0,0,0,0,0,0,0,0
_____________________________________________________
_____________________________________________________
11,0,0.0000,
1,6,0,0,0,0,0,0,0,0,0,0,0,0
1,5,0,0,0,0,0,0,1,1,0,0,0,0
_____________________________________________________
_____________________________________________________
12,7,0.0000,
1,5,0,0,0,0,0,0,1,1,0,0,0,0
0,7,0,0,0,0,0,0,0,0,0,0,0,0
_____________________________________________________
_____________________________________________________
13,0,0.0000,
0,7,0,0,0,0,0,0,0,0,0,0,0,0
1,6,0,0,0,0,0,0,0,0,0,0,0,0
_____________________________________________________
_____________________________________________________
14,0,0.0000,
1,6,0,0,0,0,0,0,0,0,0,0,0,0
1,5,0,0,0,0,0,1,0,0,0,0,0,0
_____________________________________________________
_____________________________________________________
15,6,0.0000,
1,5,0,0,0,0,0,1,0,0,0,0,0,0
0,7,0,0,0,0,0,0,0,0,0,0,0,0
_____________________________________________________
_____________________________________________________
16,0,0.0000,
0,7,0,0,0,0,0,0,0,0,0,0,0,0
1,6,0,0,0,0,0,0,0,0,0,0,0,0
_____________________________________________________
_____________________________________________________
17,0,0.0000,
1,6,0,0,0,0,0,0,0,0,0,0,0,0
1,5,0,0,0,0,0,0,0,0,0,0,0,0
_____________________________________________________
_____________________________________________________
18,0,0.0000,
1,5,0,0,0,0,0,0,0,0,0,0,0,0
1,4,0,0,0,0,0,0,0,0,0,0,0,0
_____________________________________________________
_____________________________________________________
19,0,0.0000,
1,4,0,0,0,0,0,0,0,0,0,0,0,0
1,3,0,0,0,0,0,0,0,0,0,0,0,0
_____________________________________________________
_____________________________________________________
20,0,0.0000,
1,3,0,0,0,0,0,0,0,0,0,0,0,0
1,2,0,0,0,0,0,0,0,0,1,0,0,0
_____________________________________________________
_____________________________________________________
21,9,0.0000,
1,2,0,0,0,0,0,0,0,0,1,0,0,0
0,7,0,0,0,0,0,0,0,0,0,0,0,0
_____________________________________________________
_____________________________________________________
22,0,0.0000,
0,7,0,0,0,0,0,0,0,0,0,0,0,0
0,7,0,0,0,0,0,0,0,0,0,0,0,0
_____________________________________________________
_____________________________________________________
23,0,0.0000,
0,7,0,0,0,0,0,0,0,0,0,0,0,0
1,6,0,0,0,0,0,1,0,0,0,0,0,0
_____________________________________________________
_____________________________________________________
24,6,0.0000,
1,6,0,0,0,0,0,1,0,0,0,0,0,0
0,7,0,0,0,0,0,0,0,0,0,0,0,0
_____________________________________________________
_____________________________________________________
25,0,0.0000,
0,7,0,0,0,0,0,0,0,0,0,0,0,0
1,6,0,0,0,0,0,0,0,0,0,0,0,0
_____________________________________________________
_____________________________________________________
26,0,0.0000,
1,6,0,0,0,0,0,0,0,0,0,0,0,0
2,5,0,0,0,0,0,0,0,0,0,0,0,0
_____________________________________________________
_____________________________________________________
27,9,-1.0000,
2,5,0,0,0,0,0,0,0,0,0,0,0,0
2,5,0,0,0,-1,0,0,-1,0,0,-1,0,0
_____________________________________________________
_____________________________________________________
28,10,0.0000,
2,5,0,0,0,-1,0,0,-1,0,0,-1,0,0
2,5,0,0,0,-1,0,0,-1,0,0,-1,0,0
_____________________________________________________
_____________________________________________________
29,10,0.0000,
2,5,0,0,0,-1,0,0,-1,0,0,-1,0,0
1,5,0,0,0,-1,0,0,-1,0,0,-1,0,0
_____________________________________________________
_____________________________________________________
30,10,0.0000,
1,5,0,0,0,-1,0,0,-1,0,0,-1,0,0
1,6,0,0,0,-1,0,0,-1,0,0,-1,0,0
_____________________________________________________
_____________________________________________________
31,10,0.0000,
1,6,0,0,0,-1,0,0,-1,0,0,-1,0,0
1,6,0,0,0,-1,0,0,1,0,0,1,0,0
_____________________________________________________
_____________________________________________________
32,7,0.0000,
1,6,0,0,0,-1,0,0,1,0,0,1,0,0
0,7,0,0,0,0,0,1,0,0,0,0,0,0
_____________________________________________________
_____________________________________________________
33,0,0.0000,
0,7,0,0,0,0,0,1,0,0,0,0,0,0
1,6,0,0,0,0,0,1,0,0,0,0,0,0
_____________________________________________________
_____________________________________________________
34,6,0.0000,
1,6,0,0,0,0,0,1,0,0,0,0,0,0
0,7,0,0,0,0,0,0,0,0,0,0,0,0
_____________________________________________________
_____________________________________________________
35,0,0.0000,
0,7,0,0,0,0,0,0,0,0,0,0,0,0
1,6,0,0,0,0,0,0,0,0,0,0,0,0
_____________________________________________________
_____________________________________________________
36,0,0.0000,
1,6,0,0,0,0,0,0,0,0,0,0,0,0
2,5,0,0,0,0,0,0,0,0,0,0,0,0
_____________________________________________________
_____________________________________________________
37,9,-1.0000,
2,5,0,0,0,0,0,0,0,0,0,0,0,0
2,5,0,0,0,0,0,0,0,-1,0,0,0,0
_____________________________________________________
_____________________________________________________
38,9,-1.0000,
2,5,0,0,0,0,0,0,0,-1,0,0,0,0
1,5,0,0,0,0,0,0,0,-1,-1,0,0,0
_____________________________________________________
_____________________________________________________
39,9,0.0000,
1,5,0,0,0,0,0,0,0,-1,-1,0,0,0
1,6,0,0,0,0,0,0,0,-1,-1,0,0,0
_____________________________________________________
_____________________________________________________
40,9,0.0000,
1,6,0,0,0,0,0,0,0,-1,-1,0,0,0
1,6,0,0,0,0,0,0,0,-1,-1,0,0,0
_____________________________________________________
_____________________________________________________
41,9,0.0000,
1,6,0,0,0,0,0,0,0,-1,-1,0,0,0
1,6,0,0,0,0,0,-1,-1,0,0,0,0,1
_____________________________________________________
_____________________________________________________
42,7,0.0000,
1,6,0,0,0,0,0,-1,-1,0,0,0,0,1
0,7,0,0,1,0,0,-1,0,0,1,0,0,1
_____________________________________________________
_____________________________________________________
43,0,0.0000,
0,7,0,0,1,0,0,-1,0,0,1,0,0,1
0,7,0,0,1,0,0,0,0,1,1,0,0,1
_____________________________________________________
_____________________________________________________
44,0,0.0000,
0,7,0,0,1,0,0,0,0,1,1,0,0,1
1,6,0,0,1,0,0,0,0,1,1,0,0,1
_____________________________________________________
_____________________________________________________
45,12,0.0000,
1,6,0,0,1,0,0,0,0,1,1,0,0,1
1,6,0,0,0,0,0,0,0,1,1,0,0,0
_____________________________________________________
_____________________________________________________
46,9,0.0000,
1,6,0,0,0,0,0,0,0,1,1,0,0,0
0,7,0,0,0,0,0,0,0,0,0,0,0,0
_____________________________________________________
_____________________________________________________
47,0,0.0000,
0,7,0,0,0,0,0,0,0,0,0,0,0,0
1,6,0,0,0,0,0,0,0,0,0,0,0,0
_____________________________________________________
_____________________________________________________
48,0,0.0000,
1,6,0,0,0,0,0,0,0,0,0,0,0,0
1,5,0,0,0,0,0,0,0,0,1,0,0,0
_____________________________________________________
_____________________________________________________
49,9,0.0000,
1,5,0,0,0,0,0,0,0,0,1,0,0,0
1,6,0,0,0,0,0,0,0,0,0,0,0,0
_____________________________________________________
_____________________________________________________
50,0,0.0000,
1,6,0,0,0,0,0,0,0,0,0,0,0,0
1,5,0,0,0,0,0,0,0,0,0,0,0,0
_____________________________________________________
_____________________________________________________
51,0,0.0000,
1,5,0,0,0,0,0,0,0,0,0,0,0,0
1,4,0,0,0,0,0,0,0,1,1,0,0,0
_____________________________________________________
_____________________________________________________
52,9,0.0000,
1,4,0,0,0,0,0,0,0,1,1,0,0,0
0,7,0,0,0,0,0,0,0,0,0,0,0,0
_____________________________________________________
_____________________________________________________
53,0,0.0000,
0,7,0,0,0,0,0,0,0,0,0,0,0,0
0,7,0,0,0,0,0,0,0,0,0,0,0,0
_____________________________________________________
_____________________________________________________
54,0,0.0000,
0,7,0,0,0,0,0,0,0,0,0,0,0,0
0,7,0,0,0,0,0,0,0,0,1,0,0,0
_____________________________________________________
_____________________________________________________
55,0,0.0000,
0,7,0,0,0,0,0,0,0,0,1,0,0,0
1,6,0,0,1,0,0,1,0,0,1,0,0,0
_____________________________________________________
_____________________________________________________
56,6,0.0000,
1,6,0,0,1,0,0,1,0,0,1,0,0,0
1,6,0,0,0,0,0,0,0,0,0,0,0,0
_____________________________________________________
_____________________________________________________
57,0,0.0000,
1,6,0,0,0,0,0,0,0,0,0,0,0,0
1,5,0,0,0,0,0,0,0,0,0,0,0,0
_____________________________________________________
_____________________________________________________
58,0,0.0000,
1,5,0,0,0,0,0,0,0,0,0,0,0,0
2,4,0,0,0,0,0,0,0,0,0,0,0,0
_____________________________________________________
_____________________________________________________
59,9,-1.0000,
2,4,0,0,0,0,0,0,0,0,0,0,0,0
2,5,0,0,-1,0,0,-1,0,0,-1,0,0,0
_____________________________________________________
_____________________________________________________
60,9,0.0000,
2,5,0,0,-1,0,0,-1,0,0,-1,0,0,0
1,5,0,0,-1,0,0,-1,0,0,0,0,0,0
_____________________________________________________
_____________________________________________________
61,9,-1.0000,
1,5,0,0,-1,0,0,-1,0,0,0,0,0,0
0,7,0,0,-1,0,0,-1,0,0,-1,0,0,0
_____________________________________________________
_____________________________________________________
62,0,0.0000,
0,7,0,0,-1,0,0,-1,0,0,-1,0,0,0
0,7,0,0,-1,0,0,-1,0,0,-1,0,0,0
_____________________________________________________
_____________________________________________________
63,0,0.0000,
0,7,0,0,-1,0,0,-1,0,0,-1,0,0,0
0,7,0,0,0,0,0,0,0,0,0,0,0,0
_____________________________________________________
_____________________________________________________
64,0,0.0000,
0,7,0,0,0,0,0,0,0,0,0,0,0,0
0,7,0,0,0,0,0,0,0,0,0,0,0,0
_____________________________________________________
_____________________________________________________
65,0,0.0000,
0,7,0,0,0,0,0,0,0,0,0,0,0,0
1,6,0,0,0,0,0,0,0,0,0,0,0,0
_____________________________________________________
_____________________________________________________
66,0,0.0000,
1,6,0,0,0,0,0,0,0,0,0,0,0,0
1,5,0,0,0,0,0,0,0,0,0,0,0,1
_____________________________________________________
_____________________________________________________
67,12,0.0000,
1,5,0,0,0,0,0,0,0,0,0,0,0,1
0,7,0,0,0,0,0,0,0,0,0,0,0,0
_____________________________________________________
_____________________________________________________
68,0,0.0000,
0,7,0,0,0,0,0,0,0,0,0,0,0,0
1,6,0,0,0,0,0,0,0,0,0,0,0,0
_____________________________________________________
_____________________________________________________
69,0,0.0000,
1,6,0,0,0,0,0,0,0,0,0,0,0,0
2,5,0,0,0,0,0,0,0,0,0,0,0,0
_____________________________________________________
_____________________________________________________
70,9,-1.0000,
2,5,0,0,0,0,0,0,0,0,0,0,0,0
1,5,0,0,0,0,-1,0,0,0,-1,0,0,0
_____________________________________________________
_____________________________________________________
71,9,0.0000,
1,5,0,0,0,0,-1,0,0,0,-1,0,0,0
1,6,0,0,0,0,-1,0,0,0,-1,0,0,0
_____________________________________________________
_____________________________________________________
72,9,0.0000,
1,6,0,0,0,0,-1,0,0,0,-1,0,0,0
0,7,0,0,0,0,-1,0,0,0,-1,0,0,0
_____________________________________________________
_____________________________________________________
73,0,0.0000,
0,7,0,0,0,0,-1,0,0,0,-1,0,0,0
0,7,0,0,0,0,-1,0,0,0,-1,0,1,0
_____________________________________________________
_____________________________________________________
74,0,0.0000,
0,7,0,0,0,0,-1,0,0,0,-1,0,1,0
1,6,0,0,0,0,-1,0,0,0,-1,0,1,0
_____________________________________________________
_____________________________________________________
75,9,0.0000,
1,6,0,0,0,0,-1,0,0,0,-1,0,1,0
1,6,0,0,0,0,-1,0,0,0,-1,0,1,0
_____________________________________________________
_____________________________________________________
76,9,0.0000,
1,6,0,0,0,0,-1,0,0,0,-1,0,1,0
1,6,0,0,0,0,-1,0,0,0,-1,0,1,0
_____________________________________________________
_____________________________________________________
77,9,0.0000,
1,6,0,0,0,0,-1,0,0,0,-1,0,1,0
1,6,0,0,0,0,-1,0,0,0,-1,0,1,0
_____________________________________________________
_____________________________________________________
78,9,0.0000,
1,6,0,0,0,0,-1,0,0,0,-1,0,1,0
0,7,0,0,0,0,-1,0,0,0,-1,0,1,0
_____________________________________________________
_____________________________________________________
79,0,0.0000,
0,7,0,0,0,0,-1,0,0,0,-1,0,1,0
1,6,0,0,0,0,-1,0,0,0,-1,0,1,0
_____________________________________________________
_____________________________________________________
80,9,0.0000,
1,6,0,0,0,0,-1,0,0,0,-1,0,1,0
0,7,0,0,0,0,-1,0,0,0,0,0,1,0
_____________________________________________________
_____________________________________________________
81,0,0.0000,
0,7,0,0,0,0,-1,0,0,0,0,0,1,0
0,7,0,0,0,0,0,0,0,0,0,0,1,0
_____________________________________________________
_____________________________________________________
82,0,0.0000,
0,7,0,0,0,0,0,0,0,0,0,0,1,0
1,6,0,0,0,0,0,0,0,0,0,0,1,0
_____________________________________________________
_____________________________________________________
83,11,0.0000,
1,6,0,0,0,0,0,0,0,0,0,0,1,0
1,6,0,0,0,0,0,0,0,0,0,0,0,1
_____________________________________________________
_____________________________________________________
84,12,0.0000,
1,6,0,0,0,0,0,0,0,0,0,0,0,1
0,7,0,0,0,0,0,0,0,0,0,0,0,0
_____________________________________________________
_____________________________________________________
85,0,0.0000,
0,7,0,0,0,0,0,0,0,0,0,0,0,0
1,6,0,0,0,0,0,0,0,0,0,0,0,0
_____________________________________________________
_____________________________________________________
86,0,0.0000,
1,6,0,0,0,0,0,0,0,0,0,0,0,0
1,5,0,0,0,0,0,0,0,0,0,0,0,0
_____________________________________________________
_____________________________________________________
87,0,0.0000,
1,5,0,0,0,0,0,0,0,0,0,0,0,0
2,4,0,0,1,0,0,0,0,0,0,0,0,1
_____________________________________________________
_____________________________________________________
88,12,0.0000,
2,4,0,0,1,0,0,0,0,0,0,0,0,1
1,5,0,0,0,0,0,0,0,0,0,0,0,0
_____________________________________________________
_____________________________________________________
89,0,0.0000,
1,5,0,0,0,0,0,0,0,0,0,0,0,0
2,4,0,0,0,0,0,0,0,0,0,0,0,0
_____________________________________________________
_____________________________________________________
90,9,-1.0000,
2,4,0,0,0,0,0,0,0,0,0,0,0,0
2,5,0,0,0,0,0,0,-1,0,-1,0,0,0
_____________________________________________________
_____________________________________________________
91,9,0.0000,
2,5,0,0,0,0,0,0,-1,0,-1,0,0,0
2,5,0,0,0,0,0,0,-1,0,1,0,0,0
_____________________________________________________
_____________________________________________________
92,7,0.0000,
2,5,0,0,0,0,0,0,-1,0,1,0,0,0
1,5,0,0,0,0,0,0,1,0,1,0,0,0
_____________________________________________________
_____________________________________________________
93,7,0.0000,
1,5,0,0,0,0,0,0,1,0,1,0,0,0
1,6,0,0,0,0,0,0,0,0,0,0,0,0
_____________________________________________________
_____________________________________________________
94,0,0.0000,
1,6,0,0,0,0,0,0,0,0,0,0,0,0
1,5,0,0,0,0,0,0,0,0,0,0,0,0
_____________________________________________________
_____________________________________________________
95,0,0.0000,
1,5,0,0,0,0,0,0,0,0,0,0,0,0
1,4,0,0,0,0,0,0,0,0,0,0,0,0
_____________________________________________________
_____________________________________________________
96,0,0.0000,
1,4,0,0,0,0,0,0,0,0,0,0,0,0
1,3,0,0,0,0,0,0,0,0,0,0,0,0
_____________________________________________________
_____________________________________________________
97,0,0.0000,
1,3,0,0,0,0,0,0,0,0,0,0,0,0
1,2,0,0,0,0,0,0,0,0,0,1,0,0
_____________________________________________________
_____________________________________________________
98,10,0.0000,
1,2,0,0,0,0,0,0,0,0,0,1,0,0
0,7,0,0,0,0,0,0,0,0,0,0,0,0
_____________________________________________________
_____________________________________________________
99,0,0.0000,
0,7,0,0,0,0,0,0,0,0,0,0,0,0
0,7,0,0,0,0,0,0,0,0,0,0,0,0
_____________________________________________________
_____________________________________________________
100,0,0.0000,
0,7,0,0,0,0,0,0,0,0,0,0,0,0
0,7,0,0,0,0,0,0,0,0,0,0,0,0
_____________________________________________________
_____________________________________________________
101,0,0.0000,
0,7,0,0,0,0,0,0,0,0,0,0,0,0
0,7,0,0,0,0,0,0,0,0,0,0,0,0
_____________________________________________________
_____________________________________________________
102,0,0.0000,
0,7,0,0,0,0,0,0,0,0,0,0,0,0
1,6,0,0,0,0,0,0,0,0,0,0,0,0
_____________________________________________________
_____________________________________________________
103,0,0.0000,
1,6,0,0,0,0,0,0,0,0,0,0,0,0
2,5,0,0,0,0,0,0,0,0,0,0,0,0
_____________________________________________________
_____________________________________________________
104,9,-1.0000,
2,5,0,0,0,0,0,0,0,0,0,0,0,0
2,5,0,0,0,0,0,0,0,0,-1,0,-1,0
_____________________________________________________
_____________________________________________________
105,9,0.0000,
2,5,0,0,0,0,0,0,0,0,-1,0,-1,0
2,5,0,0,0,0,0,0,0,0,-1,0,-1,0
_____________________________________________________
_____________________________________________________
106,9,0.0000,
2,5,0,0,0,0,0,0,0,0,-1,0,-1,0
2,5,0,0,0,0,0,0,0,0,0,0,0,0
_____________________________________________________
_____________________________________________________
107,9,-1.0000,
2,5,0,0,0,0,0,0,0,0,0,0,0,0
1,5,0,0,0,0,0,0,0,0,-1,0,-1,0
_____________________________________________________
_____________________________________________________
108,9,0.0000,
1,5,0,0,0,0,0,0,0,0,-1,0,-1,0
0,7,0,0,0,0,0,0,0,0,-1,0,0,0
_____________________________________________________
_____________________________________________________
109,0,0.0000,
0,7,0,0,0,0,0,0,0,0,-1,0,0,0
1,6,0,0,0,0,0,0,0,0,0,0,0,0
_____________________________________________________
_____________________________________________________
110,0,0.0000,
1,6,0,0,0,0,0,0,0,0,0,0,0,0
2,5,0,0,0,0,0,0,0,0,0,0,0,0
_____________________________________________________
_____________________________________________________
111,9,-1.0000,
2,5,0,0,0,0,0,0,0,0,0,0,0,0
2,5,0,0,1,0,-1,0,0,0,0,0,-1,0
_____________________________________________________
_____________________________________________________
112,5,0.0000,
2,5,0,0,1,0,-1,0,0,0,0,0,-1,0
2,5,0,0,1,0,0,0,0,0,0,0,0,0
_____________________________________________________
_____________________________________________________
113,3,0.0000,
2,5,0,0,1,0,0,0,0,0,0,0,0,0
1,5,0,0,0,0,0,0,0,0,0,0,0,0
_____________________________________________________
_____________________________________________________
114,0,0.0000,
1,5,0,0,0,0,0,0,0,0,0,0,0,0
1,4,0,0,0,0,0,0,1,0,0,0,0,1
_____________________________________________________
_____________________________________________________
115,7,0.0000,
1,4,0,0,0,0,0,0,1,0,0,0,0,1
0,7,0,0,0,0,0,0,0,0,0,0,0,0
_____________________________________________________
_____________________________________________________
116,0,0.0000,
0,7,0,0,0,0,0,0,0,0,0,0,0,0
0,7,0,0,0,0,0,0,0,0,0,0,0,0
_____________________________________________________
_____________________________________________________
117,0,0.0000,
0,7,0,0,0,0,0,0,0,0,0,0,0,0
0,7,0,0,0,0,0,0,0,0,0,0,0,0
_____________________________________________________
_____________________________________________________
118,0,0.0000,
0,7,0,0,0,0,0,0,0,0,0,0,0,0
1,6,0,0,0,0,0,0,0,1,0,0,0,0
_____________________________________________________
_____________________________________________________
119,8,0.0000,
1,6,0,0,0,0,0,0,0,1,0,0,0,0
0,7,0,0,0,0,0,0,0,0,0,0,0,0
_____________________________________________________
_____________________________________________________
120,0,0.0000,
0,7,0,0,0,0,0,0,0,0,0,0,0,0
1,6,0,0,0,0,0,0,0,0,0,0,0,0
_____________________________________________________
_____________________________________________________
121,0,0.0000,
1,6,0,0,0,0,0,0,0,0,0,0,0,0
1,5,0,0,0,0,0,0,0,0,0,0,0,0
_____________________________________________________
_____________________________________________________
122,0,0.0000,
1,5,0,0,0,0,0,0,0,0,0,0,0,0
2,4,0,0,0,0,0,0,0,0,0,0,0,0
_____________________________________________________
_____________________________________________________
123,9,-1.0000,
2,4,0,0,0,0,0,0,0,0,0,0,0,0
2,5,0,0,0,0,0,0,0,0,-1,0,0,0
_____________________________________________________
_____________________________________________________
124,9,0.0000,
2,5,0,0,0,0,0,0,0,0,-1,0,0,0
1,5,0,0,0,0,0,0,0,0,-1,0,0,0
_____________________________________________________
_____________________________________________________
125,9,0.0000,
1,5,0,0,0,0,0,0,0,0,-1,0,0,0
0,7,0,0,0,0,0,0,0,0,0,0,0,-1
_____________________________________________________
_____________________________________________________
126,0,0.0000,
0,7,0,0,0,0,0,0,0,0,0,0,0,-1
0,7,0,0,0,0,0,0,0,0,0,0,0,-1
_____________________________________________________
_____________________________________________________
127,0,0.0000,
0,7,0,0,0,0,0,0,0,0,0,0,0,-1
0,7,0,0,0,1,0,0,1,0,0,0,0,-1
_____________________________________________________
_____________________________________________________
128,0,0.0000,
0,7,0,0,0,1,0,0,1,0,0,0,0,-1
1,6,0,0,0,1,0,0,1,0,0,0,0,-1
_____________________________________________________
_____________________________________________________
129,12,0.0000,
1,6,0,0,0,1,0,0,1,0,0,0,0,-1
0,7,0,0,0,1,0,0,1,0,0,0,0,-1
_____________________________________________________
_____________________________________________________
130,0,0.0000,
0,7,0,0,0,1,0,0,1,0,0,0,0,-1
1,6,0,0,0,1,0,0,1,0,0,0,0,-1
_____________________________________________________
_____________________________________________________
131,12,0.0000,
1,6,0,0,0,1,0,0,1,0,0,0,0,-1
1,6,0,0,0,1,0,0,1,1,1,0,0,-1
_____________________________________________________
_____________________________________________________
132,7,0.0000,
1,6,0,0,0,1,0,0,1,1,1,0,0,-1
1,6,0,0,0,0,1,0,0,1,1,0,0,-1
_____________________________________________________
_____________________________________________________
133,5,0.0000,
1,6,0,0,0,0,1,0,0,1,1,0,0,-1
0,7,0,0,0,0,0,0,0,0,0,0,0,-1
_____________________________________________________
_____________________________________________________
134,0,0.0000,
0,7,0,0,0,0,0,0,0,0,0,0,0,-1
1,6,0,0,0,0,0,0,0,0,0,0,0,-1
_____________________________________________________
_____________________________________________________
135,12,0.0000,
1,6,0,0,0,0,0,0,0,0,0,0,0,-1
1,6,0,0,0,0,0,0,0,0,0,0,0,-1
_____________________________________________________
_____________________________________________________
136,12,0.0000,
1,6,0,0,0,0,0,0,0,0,0,0,0,-1
0,7,0,0,0,0,0,0,0,0,0,0,0,-1
_____________________________________________________
_____________________________________________________
137,0,0.0000,
0,7,0,0,0,0,0,0,0,0,0,0,0,-1
1,6,0,0,0,0,0,0,0,0,0,0,0,-1
_____________________________________________________
_____________________________________________________
138,12,0.0000,
1,6,0,0,0,0,0,0,0,0,0,0,0,-1
1,6,0,0,0,0,0,0,0,0,0,0,0,-1
_____________________________________________________
_____________________________________________________
139,12,0.0000,
1,6,0,0,0,0,0,0,0,0,0,0,0,-1
0,6,0,0,0,0,0,0,0,0,0,0,0,0
_____________________________________________________
