_____________________________________________________
0,9,-1.0000,
5,2,0,1,1,1,1,0,1,1,0,1,0,1
4,2,0,1,1,1,1,0,1,1,-1,1,0,1
_____________________________________________________
_____________________________________________________
1,9,0.0000,
4,2,0,1,1,1,1,0,1,1,-1,1,0,1
4,2,0,1,1,1,1,0,1,1,-1,1,0,1
_____________________________________________________
_____________________________________________________
2,9,0.0000,
4,2,0,1,1,1,1,0,1,1,-1,1,0,1
3,2,0,1,1,1,1,0,1,1,-1,1,0,1
_____________________________________________________
_____________________________________________________
3,9,0.0000,
3,2,0,1,1,1,1,0,1,1,-1,1,0,1
2,2,0,1,1,1,0,0,1,0,-1,1,0,1
_____________________________________________________
_____________________________________________________
4,9,0.0000,
2,2,0,1,1,1,0,0,1,0,-1,1,0,1
1,3,0,0,1,0,0,0,1,0,-1,1,0,1
_____________________________________________________
_____________________________________________________
5,9,0.0000,
1,3,0,0,1,0,0,0,1,0,-1,1,0,1
1,6,0,0,1,0,0,0,1,0,-1,1,0,1
_____________________________________________________
_____________________________________________________
6,9,0.0000,
1,6,0,0,1,0,0,0,1,0,-1,1,0,1
1,6,0,0,1,0,0,0,1,0,-1,1,0,1
_____________________________________________________
_____________________________________________________
7,9,0.0000,
1,6,0,0,1,0,0,0,1,0,-1,1,0,1
1,6,0,0,0,0,0,0,1,0,-1,1,1,0
_____________________________________________________
_____________________________________________________
8,9,0.0000,
1,6,0,0,0,0,0,0,1,0,-1,1,1,0
1,6,0,0,0,0,0,0,1,1,-1,1,1,0
_____________________________________________________
_____________________________________________________
9,9,0.0000,
1,6,0,0,0,0,0,0,1,1,-1,1,1,0
1,6,0,1,0,1,1,0,1,1,-1,1,1,0
_____________________________________________________
_____________________________________________________
10,9,0.0000,
1,6,0,1,0,1,1,0,1,1,-1,1,1,0
0,7,0,1,1,1,1,0,1,1,-1,1,1,1
_____________________________________________________
_____________________________________________________
11,0,0.0000,
0,7,0,1,1,1,1,0,1,1,-1,1,1,1
0,7,0,1,1,1,1,0,1,1,-1,1,0,1
_____________________________________________________
_____________________________________________________
12,0,0.0000,
0,7,0,1,1,1,1,0,1,1,-1,1,0,1
1,6,0,1,1,1,1,0,1,1,-1,1,0,1
_____________________________________________________
_____________________________________________________
13,7,0.0000,
1,6,0,1,1,1,1,0,1,1,-1,1,0,1
0,7,0,0,0,0,1,0,0,1,1,0,0,-1
_____________________________________________________
_____________________________________________________
14,0,0.0000,
0,7,0,0,0,0,1,0,0,1,1,0,0,-1
0,7,0,0,0,0,1,0,0,1,1,0,0,-1
_____________________________________________________
_____________________________________________________
15,0,0.0000,
0,7,0,0,0,0,1,0,0,1,1,0,0,-1
1,6,0,0,0,0,1,0,0,0,1,0,0,-1
_____________________________________________________
_____________________________________________________
16,5,0.0000,
1,6,0,0,0,0,1,0,0,0,1,0,0,-1
0,7,0,0,0,0,0,0,0,0,1,0,0,-1
_____________________________________________________
_____________________________________________________
17,0,0.0000,
0,7,0,0,0,0,0,0,0,0,1,0,0,-1
0,7,0,0,0,0,0,0,0,0,1,0,0,-1
_____________________________________________________
_____________________________________________________
18,0,0.0000,
0,7,0,0,0,0,0,0,0,0,1,0,0,-1
1,6,0,0,0,0,0,0,0,0,1,0,0,-1
_____________________________________________________
_____________________________________________________
19,12,0.0000,
1,6,0,0,0,0,0,0,0,0,1,0,0,-1
1,6,0,0,0,0,0,1,0,0,1,0,0,-1
_____________________________________________________
_____________________________________________________
20,12,0.0000,
1,6,0,0,0,0,0,1,0,0,1,0,0,-1
0,7,0,0,1,0,0,1,0,0,1,0,0,-1
_____________________________________________________
_____________________________________________________
21,0,0.0000,
0,7,0,0,1,0,0,1,0,0,1,0,0,-1
0,7,0,0,1,0,0,1,0,0,1,0,0,-1
_____________________________________________________
_____________________________________________________
22,0,0.0000,
0,7,0,0,1,0,0,1,0,0,1,0,0,-1
1,6,0,0,1,0,0,1,0,0,1,0,0,-1
_____________________________________________________
_____________________________________________________
23,12,0.0000,
1,6,0,0,1,0,0,1,0,0,1,0,0,-1
1,6,0,0,1,0,0,1,0,0,1,0,0,-1
_____________________________________________________
_____________________________________________________
24,12,0.0000,
1,6,0,0,1,0,0,1,0,0,1,0,0,-1
0,7,0,0,1,0,0,1,0,0,1,0,0,-1
_____________________________________________________
_____________________________________________________
25,0,0.0000,
0,7,0,0,1,0,0,1,0,0,1,0,0,-1
1,6,0,0,1,0,1,1,0,1,1,0,0,-1
_____________________________________________________
_____________________________________________________
26,5,0.0000,
1,6,0,0,1,0,1,1,0,1,1,0,0,-1
1,6,0,0,1,0,0,1,0,0,1,0,0,-1
_____________________________________________________
_____________________________________________________
27,12,0.0000,
1,6,0,0,1,0,0,1,0,0,1,0,0,-1
0,7,-1,0,0,0,0,0,0,1,0,0,0,0
_____________________________________________________
_____________________________________________________
28,0,0.0000,
0,7,-1,0,0,0,0,0,0,1,0,0,0,0
1,6,-1,0,0,0,0,0,0,1,0,0,0,0
_____________________________________________________
_____________________________________________________
29,1,0.0000,
1,6,-1,0,0,0,0,0,0,1,0,0,0,0
1,6,-1,1,0,0,0,0,0,1,0,0,0,0
_____________________________________________________
_____________________________________________________
30,1,0.0000,
1,6,-1,1,0,0,0,0,0,1,0,0,0,0
1,6,-1,1,0,0,0,0,0,0,0,0,0,0
_____________________________________________________
_____________________________________________________
31,1,0.0000,
1,6,-1,1,0,0,0,0,0,0,0,0,0,0
0,7,-1,1,0,0,0,0,0,0,0,0,0,0
_____________________________________________________
_____________________________________________________
32,0,0.0000,
0,7,-1,1,0,0,0,0,0,0,0,0,0,0
1,6,-1,1,0,0,0,0,0,0,0,0,0,0
_____________________________________________________
_____________________________________________________
33,1,0.0000,
1,6,-1,1,0,0,0,0,0,0,0,0,0,0
0,7,-1,1,0,0,0,0,0,0,0,0,0,0
_____________________________________________________
_____________________________________________________
34,0,0.0000,
0,7,-1,1,0,0,0,0,0,0,0,0,0,0
0,7,-1,1,0,0,0,0,0,0,0,0,0,0
_____________________________________________________
_____________________________________________________
35,0,0.0000,
0,7,-1,1,0,0,0,0,0,0,0,0,0,0
1,6,-1,1,0,0,0,0,0,0,0,0,0,0
_____________________________________________________
_____________________________________________________
36,1,0.0000,
1,6,-1,1,0,0,0,0,0,0,0,0,0,0
1,6,-1,1,0,0,0,0,0,0,0,0,0,0
_____________________________________________________
_____________________________________________________
37,1,0.0000,
1,6,-1,1,0,0,0,0,0,0,0,0,0,0
0,7,-1,0,0,1,1,1,0,0,0,0,1,0
_____________________________________________________
_____________________________________________________
38,0,0.0000,
0,7,-1,0,0,1,1,1,0,0,0,0,1,0
1,6,-1,0,0,1,1,1,0,0,0,0,1,0
_____________________________________________________
_____________________________________________________
39,11,0.0000,
1,6,-1,0,0,1,1,1,0,0,0,0,1,0
1,6,-1,0,0,0,0,0,0,0,0,0,0,0
_____________________________________________________
_____________________________________________________
40,1,0.0000,
1,6,-1,0,0,0,0,0,0,0,0,0,0,0
0,7,-1,0,0,0,0,0,0,0,0,0,0,0
_____________________________________________________
_____________________________________________________
41,0,0.0000,
0,7,-1,0,0,0,0,0,0,0,0,0,0,0
1,6,0,1,0,0,0,1,0,0,0,1,-1,0
_____________________________________________________
_____________________________________________________
42,11,0.0000,
1,6,0,1,0,0,0,1,0,0,0,1,-1,0
1,6,0,1,0,0,0,1,0,1,0,1,-1,0
_____________________________________________________
_____________________________________________________
43,11,0.0000,
1,6,0,1,0,0,0,1,0,1,0,1,-1,0
0,7,0,1,1,1,0,1,0,1,0,1,-1,0
_____________________________________________________
_____________________________________________________
44,0,0.0000,
0,7,0,1,1,1,0,1,0,1,0,1,-1,0
1,6,0,1,1,1,0,1,0,1,0,1,-1,0
_____________________________________________________
_____________________________________________________
45,6,0.0000,
1,6,0,1,1,1,0,1,0,1,0,1,-1,0
1,6,0,1,1,1,0,0,0,1,0,1,-1,0
_____________________________________________________
_____________________________________________________
46,7,-1.0000,
1,6,0,1,1,1,0,0,0,1,0,1,-1,0
1,6,-1,1,1,1,0,0,-1,1,0,1,-1,0
_____________________________________________________
_____________________________________________________
47,7,0.0000,
1,6,-1,1,1,1,0,0,-1,1,0,1,-1,0
0,7,-1,1,1,1,0,0,-1,1,0,1,-1,0
_____________________________________________________
_____________________________________________________
48,0,0.0000,
0,7,-1,1,1,1,0,0,-1,1,0,1,-1,0
1,6,-1,1,1,0,0,0,-1,1,0,1,-1,0
_____________________________________________________
_____________________________________________________
49,7,0.0000,
1,6,-1,1,1,0,0,0,-1,1,0,1,-1,0
1,6,-1,1,0,0,0,0,-1,0,0,1,-1,0
_____________________________________________________
_____________________________________________________
50,1,0.0000,
1,6,-1,1,0,0,0,0,-1,0,0,1,-1,0
1,6,-1,1,0,0,0,0,-1,0,0,1,-1,0
_____________________________________________________
_____________________________________________________
51,1,0.0000,
1,6,-1,1,0,0,0,0,-1,0,0,1,-1,0
1,6,-1,1,0,0,0,0,-1,0,0,1,-1,0
_____________________________________________________
_____________________________________________________
52,1,0.0000,
1,6,-1,1,0,0,0,0,-1,0,0,1,-1,0
0,7,0,1,0,0,0,0,0,0,0,1,-1,0
_____________________________________________________
_____________________________________________________
53,0,0.0000,
0,7,0,1,0,0,0,0,0,0,0,1,-1,0
1,6,0,1,0,0,0,0,0,0,0,1,-1,0
_____________________________________________________
_____________________________________________________
54,11,0.0000,
1,6,0,1,0,0,0,0,0,0,0,1,-1,0
1,6,0,1,0,0,0,0,0,0,0,1,-1,0
_____________________________________________________
_____________________________________________________
55,11,0.0000,
1,6,0,1,0,0,0,0,0,0,0,1,-1,0
0,7,1,0,0,-1,0,0,0,0,0,0,0,0
_____________________________________________________
_____________________________________________________
56,0,0.0000,
0,7,1,0,0,-1,0,0,0,0,0,0,0,0
0,7,1,0,0,-1,0,0,0,0,0,0,0,0
_____________________________________________________
_____________________________________________________
57,0,0.0000,
0,7,1,0,0,-1,0,0,0,0,0,0,0,0
1,6,1,0,0,-1,0,0,0,0,0,0,0,0
_____________________________________________________
_____________________________________________________
58,0,0.0000,
1,6,1,0,0,-1,0,0,0,0,0,0,0,0
1,5,1,0,0,-1,0,0,0,0,0,0,0,0
_____________________________________________________
_____________________________________________________
59,1,0.0000,
1,5,1,0,0,-1,0,0,0,0,0,0,0,0
1,6,0,0,0,-1,0,0,0,0,0,0,0,0
_____________________________________________________
_____________________________________________________
60,0,0.0000,
1,6,0,0,0,-1,0,0,0,0,0,0,0,0
1,5,0,0,0,-1,0,0,0,1,0,0,1,1
_____________________________________________________
_____________________________________________________
61,11,0.0000,
1,5,0,0,0,-1,0,0,0,1,0,0,1,1
0,7,0,0,0,-1,0,1,0,0,0,0,0,1
_____________________________________________________
_____________________________________________________
62,0,0.0000,
0,7,0,0,0,-1,0,1,0,0,0,0,0,1
1,6,0,0,0,-1,0,1,0,0,0,0,0,1
_____________________________________________________
_____________________________________________________
63,6,0.0000,
1,6,0,0,0,-1,0,1,0,0,0,0,0,1
1,6,0,0,0,-1,0,0,0,0,0,0,0,0
_____________________________________________________
_____________________________________________________
64,0,0.0000,
1,6,0,0,0,-1,0,0,0,0,0,0,0,0
2,5,0,0,0,-1,0,0,0,0,1,0,0,0
_____________________________________________________
_____________________________________________________
65,9,0.0000,
2,5,0,0,0,-1,0,0,0,0,1,0,0,0
1,5,0,0,0,-1,0,0,0,0,0,0,0,1
_____________________________________________________
_____________________________________________________
66,12,0.0000,
1,5,0,0,0,-1,0,0,0,0,0,0,0,1
1,6,0,0,0,-1,0,0,0,0,0,0,1,0
_____________________________________________________
_____________________________________________________
67,11,0.0000,
1,6,0,0,0,-1,0,0,0,0,0,0,1,0
0,7,0,0,1,-1,0,0,0,0,1,0,0,0
_____________________________________________________
_____________________________________________________
68,0,0.0000,
0,7,0,0,1,-1,0,0,0,0,1,0,0,0
0,7,0,0,1,-1,1,0,0,0,1,1,0,0
_____________________________________________________
_____________________________________________________
69,0,0.0000,
0,7,0,0,1,-1,1,0,0,0,1,1,0,0
0,7,0,0,1,-1,0,0,0,0,0,0,0,0
_____________________________________________________
_____________________________________________________
70,0,0.0000,
0,7,0,0,1,-1,0,0,0,0,0,0,0,0
1,6,0,0,1,-1,0,0,0,0,0,0,0,0
_____________________________________________________
_____________________________________________________
71,3,0.0000,
1,6,0,0,1,-1,0,0,0,0,0,0,0,0
0,7,0,0,0,-1,0,0,0,0,0,0,0,0
_____________________________________________________
_____________________________________________________
72,0,0.0000,
0,7,0,0,0,-1,0,0,0,0,0,0,0,0
0,7,0,0,0,-1,1,0,0,0,0,0,0,0
_____________________________________________________
_____________________________________________________
73,0,0.0000,
0,7,0,0,0,-1,1,0,0,0,0,0,0,0
1,6,0,0,0,-1,1,0,0,0,0,0,0,0
_____________________________________________________
_____________________________________________________
74,5,0.0000,
1,6,0,0,0,-1,1,0,0,0,0,0,0,0
1,6,0,0,1,-1,0,0,0,0,0,0,0,1
_____________________________________________________
_____________________________________________________
75,12,0.0000,
1,6,0,0,1,-1,0,0,0,0,0,0,0,1
1,6,0,0,1,-1,0,0,0,0,0,0,0,0
_____________________________________________________
_____________________________________________________
76,3,0.0000,
1,6,0,0,1,-1,0,0,0,0,0,0,0,0
1,6,0,0,0,-1,0,0,0,0,0,0,0,0
_____________________________________________________
_____________________________________________________
77,0,0.0000,
1,6,0,0,0,-1,0,0,0,0,0,0,0,0
1,5,0,0,0,-1,0,0,0,0,1,0,0,0
_____________________________________________________
_____________________________________________________
78,9,0.0000,
1,5,0,0,0,-1,0,0,0,0,1,0,0,0
1,6,0,0,0,-1,0,0,0,0,0,0,0,0
_____________________________________________________
_____________________________________________________
79,0,0.0000,
1,6,0,0,0,-1,0,0,0,0,0,0,0,0
1,5,1,0,0,-1,0,0,0,0,0,1,0,0
_____________________________________________________
_____________________________________________________
80,1,0.0000,
1,5,1,0,0,-1,0,0,0,0,0,1,0,0
0,7,0,0,0,-1,0,0,0,0,0,0,0,0
_____________________________________________________
_____________________________________________________
81,0,0.0000,
0,7,0,0,0,-1,0,0,0,0,0,0,0,0
0,7,0,0,0,-1,0,1,0,0,0,0,0,0
_____________________________________________________
_____________________________________________________
82,0,0.0000,
0,7,0,0,0,-1,0,1,0,0,0,0,0,0
0,7,0,0,0,-1,0,1,0,0,0,0,0,0
_____________________________________________________
_____________________________________________________
83,0,0.0000,
0,7,0,0,0,-1,0,1,0,0,0,0,0,0
0,7,1,0,0,0,0,1,0,0,0,1,1,0
_____________________________________________________
_____________________________________________________
84,0,0.0000,
0,7,1,0,0,0,0,1,0,0,0,1,1,0
1,6,1,0,0,0,0,1,0,0,0,1,1,0
_____________________________________________________
_____________________________________________________
85,11,0.0000,
1,6,1,0,0,0,0,1,0,0,0,1,1,0
0,7,1,0,0,1,1,0,0,0,0,1,0,0
_____________________________________________________
_____________________________________________________
86,0,0.0000,
0,7,1,0,0,1,1,0,0,0,0,1,0,0
1,6,1,0,0,1,1,0,0,0,0,1,0,0
_____________________________________________________
_____________________________________________________
87,5,0.0000,
1,6,1,0,0,1,1,0,0,0,0,1,0,0
0,7,1,0,0,0,0,0,0,1,1,1,0,0
_____________________________________________________
_____________________________________________________
88,0,0.0000,
0,7,1,0,0,0,0,0,0,1,1,1,0,0
1,6,1,0,0,0,0,0,0,1,1,1,0,0
_____________________________________________________
_____________________________________________________
89,9,0.0000,
1,6,1,0,0,0,0,0,0,1,1,1,0,0
1,6,1,0,0,0,0,0,0,0,0,1,0,0
_____________________________________________________
_____________________________________________________
90,1,0.0000,
1,6,1,0,0,0,0,0,0,0,0,1,0,0
1,6,0,0,0,0,0,0,0,0,0,0,0,0
_____________________________________________________
_____________________________________________________
91,0,0.0000,
1,6,0,0,0,0,0,0,0,0,0,0,0,0
1,5,0,0,0,0,0,0,0,0,0,0,0,0
_____________________________________________________
_____________________________________________________
92,0,0.0000,
1,5,0,0,0,0,0,0,0,0,0,0,0,0
2,4,0,0,0,0,0,0,0,0,0,0,0,0
_____________________________________________________
_____________________________________________________
93,9,-1.0000,
2,4,0,0,0,0,0,0,0,0,0,0,0,0
2,5,0,0,0,0,0,0,0,-1,1,0,0,0
_____________________________________________________
_____________________________________________________
94,9,0.0000,
2,5,0,0,0,0,0,0,0,-1,1,0,0,0
1,5,0,0,0,0,0,0,0,0,0,0,0,0
_____________________________________________________
_____________________________________________________
95,0,0.0000,
1,5,0,0,0,0,0,0,0,0,0,0,0,0
2,4,0,0,0,0,0,0,0,0,0,0,0,0
_____________________________________________________
_____________________________________________________
96,9,-1.0000,
2,4,0,0,0,0,0,0,0,0,0,0,0,0
1,5,0,0,0,0,0,0,0,1,1,0,0,0
_____________________________________________________
_____________________________________________________
97,9,0.0000,
1,5,0,0,0,0,0,0,0,1,1,0,0,0
0,7,0,0,-1,0,0,0,0,0,0,0,0,0
_____________________________________________________
_____________________________________________________
98,0,0.0000,
0,7,0,0,-1,0,0,0,0,0,0,0,0,0
1,6,0,0,-1,0,0,0,0,0,0,0,0,0
_____________________________________________________
_____________________________________________________
99,9,-1.0000,
1,6,0,0,-1,0,0,0,0,0,0,0,0,0
0,7,0,0,-1,0,0,0,0,0,-1,0,-1,0
_____________________________________________________
_____________________________________________________
100,0,0.0000,
0,7,0,0,-1,0,0,0,0,0,-1,0,-1,0
1,6,0,0,-1,0,0,0,0,0,-1,0,0,0
_____________________________________________________
_____________________________________________________
101,9,0.0000,
1,6,0,0,-1,0,0,0,0,0,-1,0,0,0
0,7,0,0,-1,0,0,0,0,0,0,0,0,0
_____________________________________________________
_____________________________________________________
102,0,0.0000,
0,7,0,0,-1,0,0,0,0,0,0,0,0,0
1,6,0,0,-1,0,0,0,0,0,0,0,0,0
_____________________________________________________
_____________________________________________________
103,9,-1.0000,
1,6,0,0,-1,0,0,0,0,0,0,0,0,0
0,7,0,0,-1,0,0,0,1,0,-1,0,-1,1
_____________________________________________________
_____________________________________________________
104,0,0.0000,
0,7,0,0,-1,0,0,0,1,0,-1,0,-1,1
1,6,1,0,-1,0,0,1,1,0,-1,0,-1,1
_____________________________________________________
_____________________________________________________
105,7,0.0000,
1,6,1,0,-1,0,0,1,1,0,-1,0,-1,1
1,6,1,0,-1,0,0,1,0,0,-1,0,1,1
_____________________________________________________
_____________________________________________________
106,11,0.0000,
1,6,1,0,-1,0,0,1,0,0,-1,0,1,1
0,7,1,0,-1,0,0,1,0,0,0,0,0,1
_____________________________________________________
_____________________________________________________
107,0,0.0000,
0,7,1,0,-1,0,0,1,0,0,0,0,0,1
1,6,1,0,-1,0,0,1,0,0,0,0,0,1
_____________________________________________________
_____________________________________________________
108,6,0.0000,
1,6,1,0,-1,0,0,1,0,0,0,0,0,1
1,6,0,0,-1,0,0,0,0,0,0,0,0,0
_____________________________________________________
_____________________________________________________
109,9,-1.0000,
1,6,0,0,-1,0,0,0,0,0,0,0,0,0
1,6,0,0,-1,0,0,0,0,0,-1,0,-1,0
_____________________________________________________
_____________________________________________________
110,9,0.0000,
1,6,0,0,-1,0,0,0,0,0,-1,0,-1,0
0,7,0,0,-1,0,0,0,0,0,0,0,0,0
_____________________________________________________
_____________________________________________________
111,0,0.0000,
0,7,0,0,-1,0,0,0,0,0,0,0,0,0
1,6,0,0,0,0,0,1,0,0,0,0,0,0
_____________________________________________________
_____________________________________________________
112,6,0.0000,
1,6,0,0,0,0,0,1,0,0,0,0,0,0
0,7,0,0,0,0,0,0,0,0,0,0,0,0
_____________________________________________________
_____________________________________________________
113,0,0.0000,
0,7,0,0,0,0,0,0,0,0,0,0,0,0
0,7,0,0,0,0,0,0,0,0,0,0,0,0
_____________________________________________________
_____________________________________________________
114,0,0.0000,
0,7,0,0,0,0,0,0,0,0,0,0,0,0
0,7,1,0,0,0,0,0,1,1,1,1,0,0
_____________________________________________________
_____________________________________________________
115,0,0.0000,
0,7,1,0,0,0,0,0,1,1,1,1,0,0
1,6,1,0,0,0,0,0,1,1,1,1,0,0
_____________________________________________________
_____________________________________________________
116,7,0.0000,
1,6,1,0,0,0,0,0,1,1,1,1,0,0
0,7,0,0,0,0,0,0,0,0,0,1,0,0
_____________________________________________________
_____________________________________________________
117,0,0.0000,
0,7,0,0,0,0,0,0,0,0,0,1,0,0
1,6,0,0,0,0,0,0,0,0,1,1,0,0
_____________________________________________________
_____________________________________________________
118,9,0.0000,
1,6,0,0,0,0,0,0,0,0,1,1,0,0
0,7,0,0,0,0,0,0,0,0,0,1,0,1
_____________________________________________________
_____________________________________________________
119,0,0.0000,
0,7,0,0,0,0,0,0,0,0,0,1,0,1
0,7,0,0,0,0,0,0,0,0,0,1,1,1
_____________________________________________________
_____________________________________________________
120,0,0.0000,
0,7,0,0,0,0,0,0,0,0,0,1,1,1
1,6,0,0,0,0,0,0,0,0,0,1,1,1
_____________________________________________________
_____________________________________________________
121,11,0.0000,
1,6,0,0,0,0,0,0,0,0,0,1,1,1
0,7,0,0,0,0,0,0,0,0,1,1,0,1
_____________________________________________________
_____________________________________________________
122,0,0.0000,
0,7,0,0,0,0,0,0,0,0,1,1,0,1
0,7,1,0,0,0,0,1,1,1,1,1,0,1
_____________________________________________________
_____________________________________________________
123,0,0.0000,
0,7,1,0,0,0,0,1,1,1,1,1,0,1
0,7,1,0,0,1,1,1,1,1,1,0,0,1
_____________________________________________________
_____________________________________________________
124,0,0.0000,
0,7,1,0,0,1,1,1,1,1,1,0,0,1
0,7,1,0,0,1,1,1,1,1,1,0,0,1
_____________________________________________________
_____________________________________________________
125,0,0.0000,
0,7,1,0,0,1,1,1,1,1,1,0,0,1
1,6,1,0,0,1,0,0,1,0,0,1,0,1
_____________________________________________________
_____________________________________________________
126,12,0.0000,
1,6,1,0,0,1,0,0,1,0,0,1,0,1
0,7,1,0,0,1,0,0,1,0,0,0,0,0
_____________________________________________________
_____________________________________________________
127,0,0.0000,
0,7,1,0,0,1,0,0,1,0,0,0,0,0
0,7,1,0,0,1,1,1,1,1,0,0,1,0
_____________________________________________________
_____________________________________________________
128,0,0.0000,
0,7,1,0,0,1,1,1,1,1,0,0,1,0
0,7,1,0,0,1,1,1,1,1,0,0,1,0
_____________________________________________________
_____________________________________________________
129,0,0.0000,
0,7,1,0,0,1,1,1,1,1,0,0,1,0
0,7,1,0,0,1,1,1,1,0,0,0,0,0
_____________________________________________________
_____________________________________________________
130,0,0.0000,
0,7,1,0,0,1,1,1,1,0,0,0,0,0
0,7,1,1,1,1,0,0,1,0,0,0,1,0
_____________________________________________________
_____________________________________________________
131,0,0.0000,
0,7,1,1,1,1,0,0,1,0,0,0,1,0
0,7,1,1,1,1,1,1,1,1,0,0,1,0
_____________________________________________________
_____________________________________________________
132,0,0.0000,
0,7,1,1,1,1,1,1,1,1,0,0,1,0
0,7,1,1,1,1,1,1,1,1,0,0,1,0
_____________________________________________________
_____________________________________________________
133,0,0.0000,
0,7,1,1,1,1,1,1,1,1,0,0,1,0
1,6,1,1,1,1,1,1,1,1,0,0,1,0
_____________________________________________________
_____________________________________________________
134,5,0.0000,
1,6,1,1,1,1,1,1,1,1,0,0,1,0
1,6,1,1,1,1,0,1,1,1,0,0,1,0
_____________________________________________________
_____________________________________________________
135,11,0.0000,
1,6,1,1,1,1,0,1,1,1,0,0,1,0
0,7,1,1,1,1,0,0,1,0,0,0,0,0
_____________________________________________________
_____________________________________________________
136,0,0.0000,
0,7,1,1,1,1,0,0,1,0,0,0,0,0
0,7,1,1,1,1,0,0,0,0,0,0,0,0
_____________________________________________________
_____________________________________________________
137,0,0.0000,
0,7,1,1,1,1,0,0,0,0,0,0,0,0
1,6,0,1,1,1,0,0,0,0,0,0,0,0
_____________________________________________________
_____________________________________________________
138,2,0.0000,
1,6,0,1,1,1,0,0,0,0,0,0,0,0
1,6,0,0,0,1,0,0,0,0,0,0,0,0
_____________________________________________________
_____________________________________________________
139,0,0.0000,
1,6,0,0,0,1,0,0,0,0,0,0,0,0
1,6,0,0,0,0,0,0,0,0,0,0,0,0
_____________________________________________________
