_____________________________________________________
0,11,0.0000,
5,3,1,1,1,1,1,1,1,1,1,1,1,1
5,3,1,1,1,1,1,1,0,0,1,1,0,1
_____________________________________________________
_____________________________________________________
1,5,0.0000,
5,3,1,1,1,1,1,1,0,0,1,1,0,1
5,3,1,1,1,1,0,1,0,0,1,1,0,1
_____________________________________________________
_____________________________________________________
2,6,0.0000,
5,3,1,1,1,1,0,1,0,0,1,1,0,1
5,3,1,1,1,1,1,0,0,0,1,1,0,1
_____________________________________________________
_____________________________________________________
3,5,0.0000,
5,3,1,1,1,1,1,0,0,0,1,1,0,1
4,2,1,1,1,1,0,0,0,0,1,0,0,1
_____________________________________________________
_____________________________________________________
4,12,0.0000,
4,2,1,1,1,1,0,0,0,0,1,0,0,1
3,2,0,1,1,1,0,0,0,0,1,0,0,0
_____________________________________________________
_____________________________________________________
5,2,0.0000,
3,2,0,1,1,1,0,0,0,0,1,0,0,0
3,2,0,1,1,1,0,0,0,0,1,1,0,0
_____________________________________________________
_____________________________________________________
6,2,0.0000,
3,2,0,1,1,1,0,0,0,0,1,1,0,0
2,2,0,0,1,1,1,0,0,0,1,1,0,0
_____________________________________________________
_____________________________________________________
7,5,0.0000,
2,2,0,0,1,1,1,0,0,0,1,1,0,0
2,4,0,0,1,1,0,0,0,0,1,0,0,0
_____________________________________________________
_____________________________________________________
8,9,0.0000,
2,4,0,0,1,1,0,0,0,0,1,0,0,0
1,5,0,0,1,1,1,0,0,0,0,1,0,0
_____________________________________________________
_____________________________________________________
9,5,0.0000,
1,5,0,0,1,1,1,0,0,0,0,1,0,0
0,7,0,0,1,1,0,0,0,0,0,0,0,0
_____________________________________________________
_____________________________________________________
10,0,0.0000,
0,7,0,0,1,1,0,0,0,0,0,0,0,0
0,7,0,0,1,1,0,0,0,0,0,0,0,0
_____________________________________________________
_____________________________________________________
11,0,0.0000,
0,7,0,0,1,1,0,0,0,0,0,0,0,0
1,6,0,1,1,1,1,0,1,1,0,1,1,0
_____________________________________________________
_____________________________________________________
12,5,0.0000,
1,6,0,1,1,1,1,0,1,1,0,1,1,0
1,6,0,1,1,1,0,0,1,1,0,0,1,0
_____________________________________________________
_____________________________________________________
13,11,0.0000,
1,6,0,1,1,1,0,0,1,1,0,0,1,0
0,7,0,0,1,0,0,0,1,1,1,1,1,1
_____________________________________________________
_____________________________________________________
14,0,0.0000,
0,7,0,0,1,0,0,0,1,1,1,1,1,1
0,7,0,0,1,0,0,0,1,1,1,1,1,1
_____________________________________________________
_____________________________________________________
15,0,0.0000,
0,7,0,0,1,0,0,0,1,1,1,1,1,1
0,7,0,0,1,1,0,1,1,1,1,1,1,1
_____________________________________________________
_____________________________________________________
16,0,0.0000,
0,7,0,0,1,1,0,1,1,1,1,1,1,1
0,7,0,0,1,1,0,1,1,1,1,1,1,1
_____________________________________________________
_____________________________________________________
17,0,0.0000,
0,7,0,0,1,1,0,1,1,1,1,1,1,1
0,7,0,0,1,1,0,1,1,1,1,1,1,1
_____________________________________________________
_____________________________________________________
18,0,0.0000,
0,7,0,0,1,1,0,1,1,1,1,1,1,1
0,7,0,0,1,1,0,1,1,1,1,1,1,1
_____________________________________________________
_____________________________________________________
19,0,0.0000,
0,7,0,0,1,1,0,1,1,1,1,1,1,1
0,7,0,0,1,1,0,1,1,1,1,1,1,1
_____________________________________________________
_____________________________________________________
20,0,0.0000,
0,7,0,0,1,1,0,1,1,1,1,1,1,1
0,7,0,0,1,1,0,1,1,1,1,1,1,1
_____________________________________________________
_____________________________________________________
21,0,0.0000,
0,7,0,0,1,1,0,1,1,1,1,1,1,1
1,6,0,0,1,1,0,1,1,1,1,1,1,1
_____________________________________________________
_____________________________________________________
22,11,0.0000,
1,6,0,0,1,1,0,1,1,1,1,1,1,1
0,7,0,0,0,1,0,1,1,1,1,0,0,1
_____________________________________________________
_____________________________________________________
23,0,0.0000,
0,7,0,0,0,1,0,1,1,1,1,0,0,1
1,6,0,0,0,1,0,1,1,1,1,0,0,1
_____________________________________________________
_____________________________________________________
24,7,0.0000,
1,6,0,0,0,1,0,1,1,1,1,0,0,1
0,7,0,0,0,1,0,1,0,1,1,0,0,1
_____________________________________________________
_____________________________________________________
25,0,0.0000,
0,7,0,0,0,1,0,1,0,1,1,0,0,1
1,6,0,0,1,1,0,1,0,1,1,1,1,1
_____________________________________________________
_____________________________________________________
26,11,0.0000,
1,6,0,0,1,1,0,1,0,1,1,1,1,1
0,7,0,0,0,1,0,1,0,1,1,0,0,1
_____________________________________________________
_____________________________________________________
27,0,0.0000,
0,7,0,0,0,1,0,1,0,1,1,0,0,1
1,6,1,0,1,0,1,1,1,1,0,0,1,1
_____________________________________________________
_____________________________________________________
28,11,0.0000,
1,6,1,0,1,0,1,1,1,1,0,0,1,1
1,6,1,0,0,0,1,1,1,1,0,0,0,1
_____________________________________________________
_____________________________________________________
29,5,0.0000,
1,6,1,0,0,0,1,1,1,1,0,0,0,1
1,6,1,0,0,0,0,1,1,1,0,0,0,1
_____________________________________________________
_____________________________________________________
30,7,0.0000,
1,6,1,0,0,0,0,1,1,1,0,0,0,1
1,6,1,0,1,0,1,1,0,1,0,0,1,1
_____________________________________________________
_____________________________________________________
31,11,0.0000,
1,6,1,0,1,0,1,1,0,1,0,0,1,1
1,6,1,0,0,0,1,1,0,1,0,0,0,1
_____________________________________________________
_____________________________________________________
32,5,0.0000,
1,6,1,0,0,0,1,1,0,1,0,0,0,1
1,6,1,0,0,0,0,1,0,1,0,1,0,1
_____________________________________________________
_____________________________________________________
33,6,0.0000,
1,6,1,0,0,0,0,1,0,1,0,1,0,1
0,7,1,0,0,0,0,0,0,1,0,1,0,1
_____________________________________________________
_____________________________________________________
34,0,0.0000,
0,7,1,0,0,0,0,0,0,1,0,1,0,1
0,7,1,0,1,0,0,0,0,1,0,1,1,1
_____________________________________________________
_____________________________________________________
35,0,0.0000,
0,7,1,0,1,0,0,0,0,1,0,1,1,1
0,7,1,0,1,0,0,0,1,1,0,1,1,1
_____________________________________________________
_____________________________________________________
36,0,0.0000,
0,7,1,0,1,0,0,0,1,1,0,1,1,1
1,6,1,0,1,0,0,0,1,1,0,1,1,1
_____________________________________________________
_____________________________________________________
37,11,0.0000,
1,6,1,0,1,0,0,0,1,1,0,1,1,1
0,7,1,0,0,0,0,0,1,1,0,1,1,1
_____________________________________________________
_____________________________________________________
38,0,0.0000,
0,7,1,0,0,0,0,0,1,1,0,1,1,1
0,7,1,0,1,0,1,1,1,1,0,1,1,1
_____________________________________________________
_____________________________________________________
39,0,0.0000,
0,7,1,0,1,0,1,1,1,1,0,1,1,1
1,6,1,0,1,0,1,1,1,1,1,1,1,1
_____________________________________________________
_____________________________________________________
40,5,0.0000,
1,6,1,0,1,0,1,1,1,1,1,1,1,1
1,6,1,1,1,0,0,0,1,1,1,1,1,1
_____________________________________________________
_____________________________________________________
41,11,0.0000,
1,6,1,1,1,0,0,0,1,1,1,1,1,1
0,7,0,0,0,0,1,1,1,1,0,1,1,0
_____________________________________________________
_____________________________________________________
42,0,0.0000,
0,7,0,0,0,0,1,1,1,1,0,1,1,0
0,7,1,0,1,1,1,1,1,1,0,1,1,0
_____________________________________________________
_____________________________________________________
43,0,0.0000,
0,7,1,0,1,1,1,1,1,1,0,1,1,0
1,6,1,0,1,1,1,1,1,1,0,1,1,0
_____________________________________________________
_____________________________________________________
44,5,0.0000,
1,6,1,0,1,1,1,1,1,1,0,1,1,0
0,7,1,0,1,1,0,1,0,1,1,1,1,0
_____________________________________________________
_____________________________________________________
45,0,0.0000,
0,7,1,0,1,1,0,1,0,1,1,1,1,0
1,6,1,0,1,1,0,1,0,1,1,1,1,0
_____________________________________________________
_____________________________________________________
46,11,0.0000,
1,6,1,0,1,1,0,1,0,1,1,1,1,0
1,6,1,0,1,1,0,1,0,0,1,1,0,0
_____________________________________________________
_____________________________________________________
47,9,0.0000,
1,6,1,0,1,1,0,1,0,0,1,1,0,0
0,7,1,1,1,1,0,1,0,0,0,1,0,0
_____________________________________________________
_____________________________________________________
48,0,0.0000,
0,7,1,1,1,1,0,1,0,0,0,1,0,0
1,6,1,1,1,1,0,1,0,0,0,1,0,0
_____________________________________________________
_____________________________________________________
49,6,0.0000,
1,6,1,1,1,1,0,1,0,0,0,1,0,0
0,7,1,1,1,1,0,1,0,0,0,1,0,0
_____________________________________________________
_____________________________________________________
50,0,0.0000,
0,7,1,1,1,1,0,1,0,0,0,1,0,0
1,6,1,1,1,1,0,1,0,0,0,1,0,0
_____________________________________________________
_____________________________________________________
51,2,0.0000,
1,6,1,1,1,1,0,1,0,0,0,1,0,0
1,6,1,0,1,1,0,1,0,0,0,1,0,0
_____________________________________________________
_____________________________________________________
52,6,0.0000,
1,6,1,0,1,1,0,1,0,0,0,1,0,0
0,7,1,0,1,1,0,0,0,0,0,1,0,0
_____________________________________________________
_____________________________________________________
53,0,0.0000,
0,7,1,0,1,1,0,0,0,0,0,1,0,0
0,7,1,0,1,1,0,0,0,0,1,1,0,0
_____________________________________________________
_____________________________________________________
54,0,0.0000,
0,7,1,0,1,1,0,0,0,0,1,1,0,0
0,7,1,0,1,1,0,0,0,0,1,1,0,0
_____________________________________________________
_____________________________________________________
55,0,0.0000,
0,7,1,0,1,1,0,0,0,0,1,1,0,0
1,6,0,0,1,0,0,0,1,1,0,0,1,1
_____________________________________________________
_____________________________________________________
56,11,0.0000,
1,6,0,0,1,0,0,0,1,1,0,0,1,1
1,6,1,0,1,1,0,0,0,1,0,0,0,1
_____________________________________________________
_____________________________________________________
57,12,0.0000,
1,6,1,0,1,1,0,0,0,1,0,0,0,1
1,6,1,0,1,1,0,0,0,1,0,0,1,1
_____________________________________________________
_____________________________________________________
58,11,0.0000,
1,6,1,0,1,1,0,0,0,1,0,0,1,1
1,6,1,0,1,1,0,0,0,1,0,0,0,1
_____________________________________________________
_____________________________________________________
59,12,0.0000,
1,6,1,0,1,1,0,0,0,1,0,0,0,1
0,7,1,0,1,1,1,0,0,1,0,0,0,0
_____________________________________________________
_____________________________________________________
60,0,0.0000,
0,7,1,0,1,1,1,0,0,1,0,0,0,0
1,6,1,0,1,1,1,0,1,1,0,0,1,0
_____________________________________________________
_____________________________________________________
61,11,0.0000,
1,6,1,0,1,1,1,0,1,1,0,0,1,0
0,7,1,0,1,1,1,0,0,1,0,0,0,0
_____________________________________________________
_____________________________________________________
62,0,0.0000,
0,7,1,0,1,1,1,0,0,1,0,0,0,0
0,7,1,0,1,1,1,0,0,1,0,0,0,0
_____________________________________________________
_____________________________________________________
63,0,0.0000,
0,7,1,0,1,1,1,0,0,1,0,0,0,0
0,7,1,1,1,1,1,0,0,1,1,0,1,0
_____________________________________________________
_____________________________________________________
64,0,0.0000,
0,7,1,1,1,1,1,0,0,1,1,0,1,0
0,7,1,1,1,1,1,0,1,1,1,0,1,0
_____________________________________________________
_____________________________________________________
65,0,0.0000,
0,7,1,1,1,1,1,0,1,1,1,0,1,0
1,6,1,1,1,1,1,0,1,1,1,0,1,0
_____________________________________________________
_____________________________________________________
66,5,0.0000,
1,6,1,1,1,1,1,0,1,1,1,0,1,0
1,6,1,1,1,1,0,0,1,1,1,0,1,0
_____________________________________________________
_____________________________________________________
67,11,0.0000,
1,6,1,1,1,1,0,0,1,1,1,0,1,0
0,7,1,1,1,1,0,0,1,1,1,0,1,0
_____________________________________________________
_____________________________________________________
68,0,0.0000,
0,7,1,1,1,1,0,0,1,1,1,0,1,0
0,7,1,1,1,1,0,0,1,1,1,0,1,0
_____________________________________________________
_____________________________________________________
69,0,0.0000,
0,7,1,1,1,1,0,0,1,1,1,0,1,0
0,7,1,1,0,0,1,1,1,0,1,1,0,1
_____________________________________________________
_____________________________________________________
70,0,0.0000,
0,7,1,1,0,0,1,1,1,0,1,1,0,1
0,7,1,1,0,0,1,1,1,0,1,1,0,1
_____________________________________________________
_____________________________________________________
71,0,0.0000,
0,7,1,1,0,0,1,1,1,0,1,1,0,1
1,6,1,1,0,0,1,1,1,0,1,1,0,1
_____________________________________________________
_____________________________________________________
72,5,0.0000,
1,6,1,1,0,0,1,1,1,0,1,1,0,1
1,6,1,1,1,0,0,0,0,0,1,1,0,1
_____________________________________________________
_____________________________________________________
73,2,0.0000,
1,6,1,1,1,0,0,0,0,0,1,1,0,1
1,6,0,0,1,0,0,0,0,0,0,1,0,0
_____________________________________________________
_____________________________________________________
74,10,0.0000,
1,6,0,0,1,0,0,0,0,0,0,1,0,0
1,6,0,0,1,0,0,0,0,0,0,0,0,0
_____________________________________________________
_____________________________________________________
75,3,0.0000,
1,6,0,0,1,0,0,0,0,0,0,0,0,0
1,6,0,1,0,0,0,0,0,0,1,0,1,1
_____________________________________________________
_____________________________________________________
76,11,0.0000,
1,6,0,1,0,0,0,0,0,0,1,0,1,1
1,6,1,1,0,0,0,0,0,0,1,1,0,1
_____________________________________________________
_____________________________________________________
77,2,0.0000,
1,6,1,1,0,0,0,0,0,0,1,1,0,1
1,6,0,0,0,0,0,0,0,0,0,1,0,0
_____________________________________________________
_____________________________________________________
78,0,0.0000,
1,6,0,0,0,0,0,0,0,0,0,1,0,0
1,5,0,0,0,0,1,1,1,0,0,1,0,0
_____________________________________________________
_____________________________________________________
79,5,0.0000,
1,5,0,0,0,0,1,1,1,0,0,1,0,0
1,6,0,1,0,0,0,0,0,0,1,1,0,1
_____________________________________________________
_____________________________________________________
80,2,0.0000,
1,6,0,1,0,0,0,0,0,0,1,1,0,1
0,7,0,0,0,0,1,1,1,0,0,1,0,0
_____________________________________________________
_____________________________________________________
81,0,0.0000,
0,7,0,0,0,0,1,1,1,0,0,1,0,0
0,7,1,1,0,0,1,1,1,0,1,1,0,1
_____________________________________________________
_____________________________________________________
82,0,0.0000,
0,7,1,1,0,0,1,1,1,0,1,1,0,1
1,6,1,1,0,0,1,1,1,0,1,1,0,1
_____________________________________________________
_____________________________________________________
83,5,0.0000,
1,6,1,1,0,0,1,1,1,0,1,1,0,1
1,6,1,1,0,1,0,1,0,0,1,0,1,1
_____________________________________________________
_____________________________________________________
84,11,0.0000,
1,6,1,1,0,1,0,1,0,0,1,0,1,1
0,7,1,1,0,1,0,1,0,0,1,0,1,1
_____________________________________________________
_____________________________________________________
85,0,0.0000,
0,7,1,1,0,1,0,1,0,0,1,0,1,1
1,6,1,1,0,1,0,1,0,0,1,0,1,1
_____________________________________________________
_____________________________________________________
86,11,0.0000,
1,6,1,1,0,1,0,1,0,0,1,0,1,1
1,6,0,1,1,1,0,0,0,0,1,0,0,1
_____________________________________________________
_____________________________________________________
87,2,0.0000,
1,6,0,1,1,1,0,0,0,0,1,0,0,1
0,7,1,1,1,1,0,1,0,0,1,0,1,1
_____________________________________________________
_____________________________________________________
88,0,0.0000,
0,7,1,1,1,1,0,1,0,0,1,0,1,1
0,7,1,1,1,1,0,1,0,0,1,0,1,1
_____________________________________________________
_____________________________________________________
89,0,0.0000,
0,7,1,1,1,1,0,1,0,0,1,0,1,1
1,6,1,1,1,1,0,1,0,0,1,0,1,1
_____________________________________________________
_____________________________________________________
90,11,0.0000,
1,6,1,1,1,1,0,1,0,0,1,0,1,1
0,7,1,1,1,1,0,1,0,0,1,0,1,1
_____________________________________________________
_____________________________________________________
91,0,0.0000,
0,7,1,1,1,1,0,1,0,0,1,0,1,1
1,6,1,1,1,1,0,1,0,0,1,0,1,1
_____________________________________________________
_____________________________________________________
92,11,0.0000,
1,6,1,1,1,1,0,1,0,0,1,0,1,1
1,6,0,1,1,1,0,0,0,0,1,0,0,1
_____________________________________________________
_____________________________________________________
93,2,0.0000,
1,6,0,1,1,1,0,0,0,0,1,0,0,1
0,7,1,1,1,1,0,1,0,0,1,0,1,1
_____________________________________________________
_____________________________________________________
94,0,0.0000,
0,7,1,1,1,1,0,1,0,0,1,0,1,1
0,7,1,1,1,1,0,1,0,0,1,0,1,1
_____________________________________________________
_____________________________________________________
95,0,0.0000,
0,7,1,1,1,1,0,1,0,0,1,0,1,1
0,7,1,1,1,1,0,1,0,0,1,0,1,1
_____________________________________________________
_____________________________________________________
96,0,0.0000,
0,7,1,1,1,1,0,1,0,0,1,0,1,1
0,7,1,1,1,1,0,1,0,0,1,0,1,1
_____________________________________________________
_____________________________________________________
97,0,0.0000,
0,7,1,1,1,1,0,1,0,0,1,0,1,1
0,7,0,0,1,0,0,1,1,1,1,1,0,1
_____________________________________________________
_____________________________________________________
98,0,0.0000,
0,7,0,0,1,0,0,1,1,1,1,1,0,1
1,6,0,0,1,1,0,1,1,1,1,1,1,1
_____________________________________________________
_____________________________________________________
99,11,0.0000,
1,6,0,0,1,1,0,1,1,1,1,1,1,1
0,7,0,0,1,0,0,1,1,1,1,1,0,1
_____________________________________________________
_____________________________________________________
100,0,0.0000,
0,7,0,0,1,0,0,1,1,1,1,1,0,1
1,6,0,0,1,0,0,1,1,1,1,1,0,1
_____________________________________________________
_____________________________________________________
101,7,0.0000,
1,6,0,0,1,0,0,1,1,1,1,1,0,1
1,6,0,0,1,0,0,1,0,1,1,1,0,1
_____________________________________________________
_____________________________________________________
102,6,0.0000,
1,6,0,0,1,0,0,1,0,1,1,1,0,1
1,6,0,0,1,0,0,0,1,1,1,1,0,1
_____________________________________________________
_____________________________________________________
103,7,0.0000,
1,6,0,0,1,0,0,0,1,1,1,1,0,1
1,6,0,0,1,0,0,0,0,1,1,1,0,1
_____________________________________________________
_____________________________________________________
104,12,0.0000,
1,6,0,0,1,0,0,0,0,1,1,1,0,1
0,7,0,0,1,0,0,0,0,0,1,1,0,1
_____________________________________________________
_____________________________________________________
105,0,0.0000,
0,7,0,0,1,0,0,0,0,0,1,1,0,1
0,7,0,0,1,0,0,0,0,1,1,1,0,1
_____________________________________________________
_____________________________________________________
106,0,0.0000,
0,7,0,0,1,0,0,0,0,1,1,1,0,1
0,7,0,0,1,0,0,0,1,1,1,1,0,1
_____________________________________________________
_____________________________________________________
107,0,0.0000,
0,7,0,0,1,0,0,0,1,1,1,1,0,1
0,7,0,0,1,0,0,0,1,1,1,1,0,1
_____________________________________________________
_____________________________________________________
108,0,0.0000,
0,7,0,0,1,0,0,0,1,1,1,1,0,1
0,7,0,0,1,0,0,0,1,1,1,1,0,1
_____________________________________________________
_____________________________________________________
109,0,0.0000,
0,7,0,0,1,0,0,0,1,1,1,1,0,1
0,7,0,0,1,0,0,0,1,1,1,1,0,1
_____________________________________________________
_____________________________________________________
110,0,0.0000,
0,7,0,0,1,0,0,0,1,1,1,1,0,1
0,7,0,0,1,0,0,0,1,1,1,1,0,1
_____________________________________________________
_____________________________________________________
111,0,0.0000,
0,7,0,0,1,0,0,0,1,1,1,1,0,1
1,6,0,1,0,1,0,0,1,1,0,1,0,0
_____________________________________________________
_____________________________________________________
112,7,0.0000,
1,6,0,1,0,1,0,0,1,1,0,1,0,0
0,7,0,1,0,1,0,0,0,0,0,0,0,0
_____________________________________________________
_____________________________________________________
113,0,0.0000,
0,7,0,1,0,1,0,0,0,0,0,0,0,0
0,7,0,1,0,1,0,0,0,0,0,0,0,0
_____________________________________________________
_____________________________________________________
114,0,0.0000,
0,7,0,1,0,1,0,0,0,0,0,0,0,0
1,6,0,1,0,1,0,0,0,0,0,1,0,0
_____________________________________________________
_____________________________________________________
115,2,0.0000,
1,6,0,1,0,1,0,0,0,0,0,1,0,0
1,6,0,0,0,1,0,0,1,1,0,1,0,1
_____________________________________________________
_____________________________________________________
116,12,0.0000,
1,6,0,0,0,1,0,0,1,1,0,1,0,1
0,7,0,0,0,1,0,0,1,1,0,1,0,0
_____________________________________________________
_____________________________________________________
117,0,0.0000,
0,7,0,0,0,1,0,0,1,1,0,1,0,0
1,6,1,0,0,1,0,1,1,1,0,1,0,0
_____________________________________________________
_____________________________________________________
118,7,0.0000,
1,6,1,0,0,1,0,1,1,1,0,1,0,0
0,7,1,0,0,1,0,1,0,0,0,0,0,0
_____________________________________________________
_____________________________________________________
119,0,0.0000,
0,7,1,0,0,1,0,1,0,0,0,0,0,0
0,7,1,1,0,1,0,1,1,1,0,1,0,0
_____________________________________________________
_____________________________________________________
120,0,0.0000,
0,7,1,1,0,1,0,1,1,1,0,1,0,0
0,7,1,1,0,1,0,1,1,1,0,1,0,0
_____________________________________________________
_____________________________________________________
121,0,0.0000,
0,7,1,1,0,1,0,1,1,1,0,1,0,0
1,6,1,1,0,1,0,1,1,1,0,1,0,0
_____________________________________________________
_____________________________________________________
122,7,0.0000,
1,6,1,1,0,1,0,1,1,1,0,1,0,0
0,7,1,1,0,1,1,1,1,1,0,1,0,1
_____________________________________________________
_____________________________________________________
123,0,0.0000,
0,7,1,1,0,1,1,1,1,1,0,1,0,1
1,6,1,1,0,1,1,1,1,1,0,1,0,1
_____________________________________________________
_____________________________________________________
124,5,0.0000,
1,6,1,1,0,1,1,1,1,1,0,1,0,1
0,7,1,1,0,1,0,1,1,1,0,1,0,0
_____________________________________________________
_____________________________________________________
125,0,0.0000,
0,7,1,1,0,1,0,1,1,1,0,1,0,0
1,6,0,0,0,1,1,0,0,1,1,1,0,1
_____________________________________________________
_____________________________________________________
126,5,0.0000,
1,6,0,0,0,1,1,0,0,1,1,1,0,1
1,6,0,0,0,1,0,0,0,0,1,1,0,1
_____________________________________________________
_____________________________________________________
127,12,0.0000,
1,6,0,0,0,1,0,0,0,0,1,1,0,1
1,6,0,0,0,0,0,0,0,0,1,1,0,0
_____________________________________________________
_____________________________________________________
128,9,0.0000,
1,6,0,0,0,0,0,0,0,0,1,1,0,0
1,6,0,0,0,0,0,0,0,0,0,1,0,0
_____________________________________________________
_____________________________________________________
129,10,0.0000,
1,6,0,0,0,0,0,0,0,0,0,1,0,0
1,6,0,0,0,0,0,0,0,0,0,0,0,0
_____________________________________________________
_____________________________________________________
130,0,0.0000,
1,6,0,0,0,0,0,0,0,0,0,0,0,0
2,5,0,0,0,0,1,0,0,1,0,0,0,1
_____________________________________________________
_____________________________________________________
131,5,0.0000,
2,5,0,0,0,0,1,0,0,1,0,0,0,1
2,5,0,0,0,1,0,0,0,0,1,0,0,1
_____________________________________________________
_____________________________________________________
132,12,0.0000,
2,5,0,0,0,1,0,0,0,0,1,0,0,1
1,5,0,0,0,0,0,0,0,0,1,0,0,0
_____________________________________________________
_____________________________________________________
133,9,0.0000,
1,5,0,0,0,0,0,0,0,0,1,0,0,0
0,7,0,0,0,0,0,0,0,0,0,0,0,0
_____________________________________________________
_____________________________________________________
134,0,0.0000,
0,7,0,0,0,0,0,0,0,0,0,0,0,0
0,7,0,0,0,0,0,0,0,0,0,0,0,1
_____________________________________________________
_____________________________________________________
135,0,0.0000,
0,7,0,0,0,0,0,0,0,0,0,0,0,1
1,6,0,0,0,1,0,0,0,0,0,0,0,1
_____________________________________________________
_____________________________________________________
136,12,0.0000,
1,6,0,0,0,1,0,0,0,0,0,0,0,1
0,7,0,0,0,0,0,0,0,0,0,0,0,0
_____________________________________________________
_____________________________________________________
137,0,0.0000,
0,7,0,0,0,0,0,0,0,0,0,0,0,0
0,7,0,0,0,0,0,0,0,0,0,0,0,0
_____________________________________________________
_____________________________________________________
138,0,0.0000,
0,7,0,0,0,0,0,0,0,0,0,0,0,0
0,7,0,0,0,0,0,0,0,0,0,0,0,0
_____________________________________________________
_____________________________________________________
139,0,0.0000,
0,7,0,0,0,0,0,0,0,0,0,0,0,0
0,7,0,0,0,0,0,0,0,0,0,0,0,0
_____________________________________________________
