_____________________________________________________
0,11,0.0000,
1,6,0,1,0,0,0,1,1,1,1,0,1,0
0,7,0,0,0,0,0,0,1,1,0,0,0,0
_____________________________________________________
_____________________________________________________
1,0,0.0000,
0,7,0,0,0,0,0,0,1,1,0,0,0,0
0,7,0,0,0,0,0,0,1,1,0,0,0,0
_____________________________________________________
_____________________________________________________
2,0,0.0000,
0,7,0,0,0,0,0,0,1,1,0,0,0,0
0,7,0,0,0,0,1,0,1,1,0,1,0,0
_____________________________________________________
_____________________________________________________
3,0,0.0000,
0,7,0,0,0,0,1,0,1,1,0,1,0,0
0,7,0,0,0,1,1,0,1,1,0,1,0,0
_____________________________________________________
_____________________________________________________
4,0,0.0000,
0,7,0,0,0,1,1,0,1,1,0,1,0,0
1,6,0,0,0,1,1,0,1,1,0,1,0,0
_____________________________________________________
_____________________________________________________
5,5,0.0000,
1,6,0,0,0,1,1,0,1,1,0,1,0,0
0,7,0,0,0,0,0,0,1,1,0,0,0,0
_____________________________________________________
_____________________________________________________
6,0,0.0000,
0,7,0,0,0,0,0,0,1,1,0,0,0,0
0,7,0,0,0,0,0,0,1,1,0,0,0,0
_____________________________________________________
_____________________________________________________
7,0,0.0000,
0,7,0,0,0,0,0,0,1,1,0,0,0,0
1,6,0,0,0,0,0,0,1,1,0,0,0,0
_____________________________________________________
_____________________________________________________
8,7,0.0000,
1,6,0,0,0,0,0,0,1,1,0,0,0,0
0,7,0,0,0,0,0,0,0,0,0,0,0,0
_____________________________________________________
_____________________________________________________
9,0,0.0000,
0,7,0,0,0,0,0,0,0,0,0,0,0,0
1,6,0,0,0,0,0,0,0,0,0,0,0,0
_____________________________________________________
_____________________________________________________
10,0,0.0000,
1,6,0,0,0,0,0,0,0,0,0,0,0,0
2,5,0,0,0,0,0,0,0,0,0,0,0,0
_____________________________________________________
_____________________________________________________
11,9,-1.0000,
2,5,0,0,0,0,0,0,0,0,0,0,0,0
1,5,0,0,0,0,0,0,0,0,0,0,0,0
_____________________________________________________
_____________________________________________________
12,0,0.0000,
1,5,0,0,0,0,0,0,0,0,0,0,0,0
1,4,0,0,0,0,0,0,0,0,0,0,0,0
_____________________________________________________
_____________________________________________________
13,0,0.0000,
1,4,0,0,0,0,0,0,0,0,0,0,0,0
2,3,0,0,0,0,0,0,0,0,0,0,0,0
_____________________________________________________
_____________________________________________________
14,9,-1.0000,
2,3,0,0,0,0,0,0,0,0,0,0,0,0
2,5,0,0,-1,0,0,0,0,0,-1,0,0,0
_____________________________________________________
_____________________________________________________
15,9,0.0000,
2,5,0,0,-1,0,0,0,0,0,-1,0,0,0
2,5,0,0,-1,0,0,0,0,0,-1,0,0,0
_____________________________________________________
_____________________________________________________
16,9,0.0000,
2,5,0,0,-1,0,0,0,0,0,-1,0,0,0
2,5,0,0,-1,0,0,0,0,0,-1,0,0,0
_____________________________________________________
_____________________________________________________
17,9,0.0000,
2,5,0,0,-1,0,0,0,0,0,-1,0,0,0
1,5,0,0,-1,0,0,0,0,0,-1,0,0,0
_____________________________________________________
_____________________________________________________
18,9,0.0000,
1,5,0,0,-1,0,0,0,0,0,-1,0,0,0
0,7,0,0,-1,0,0,0,0,0,-1,0,0,0
_____________________________________________________
_____________________________________________________
19,0,0.0000,
0,7,0,0,-1,0,0,0,0,0,-1,0,0,0
0,7,0,0,-1,0,0,0,0,0,-1,0,0,0
_____________________________________________________
_____________________________________________________
20,0,0.0000,
0,7,0,0,-1,0,0,0,0,0,-1,0,0,0
1,6,0,0,-1,0,0,0,0,0,-1,0,0,0
_____________________________________________________
_____________________________________________________
21,9,0.0000,
1,6,0,0,-1,0,0,0,0,0,-1,0,0,0
1,6,0,0,-1,0,0,0,0,0,-1,0,0,0
_____________________________________________________
_____________________________________________________
22,9,0.0000,
1,6,0,0,-1,0,0,0,0,0,-1,0,0,0
1,6,0,1,-1,0,0,0,0,0,-1,0,0,0
_____________________________________________________
_____________________________________________________
23,9,0.0000,
1,6,0,1,-1,0,0,0,0,0,-1,0,0,0
1,6,0,1,-1,1,0,0,0,0,-1,0,0,1
_____________________________________________________
_____________________________________________________
24,9,0.0000,
1,6,0,1,-1,1,0,0,0,0,-1,0,0,1
0,7,0,1,-1,1,0,0,0,0,-1,0,0,1
_____________________________________________________
_____________________________________________________
25,0,0.0000,
0,7,0,1,-1,1,0,0,0,0,-1,0,0,1
1,6,0,1,0,1,0,0,0,0,0,0,0,0
_____________________________________________________
_____________________________________________________
26,2,0.0000,
1,6,0,1,0,1,0,0,0,0,0,0,0,0
1,6,0,0,0,0,0,1,0,0,0,0,1,0
_____________________________________________________
_____________________________________________________
27,11,0.0000,
1,6,0,0,0,0,0,1,0,0,0,0,1,0
1,6,0,0,0,0,0,0,0,1,0,1,0,0
_____________________________________________________
_____________________________________________________
28,10,0.0000,
1,6,0,0,0,0,0,0,0,1,0,1,0,0
0,7,0,0,0,0,0,0,0,0,0,0,0,0
_____________________________________________________
_____________________________________________________
29,0,0.0000,
0,7,0,0,0,0,0,0,0,0,0,0,0,0
1,6,0,0,0,0,0,0,0,0,0,0,0,0
_____________________________________________________
_____________________________________________________
30,0,0.0000,
1,6,0,0,0,0,0,0,0,0,0,0,0,0
2,5,0,0,0,0,0,0,0,0,0,0,0,0
_____________________________________________________
_____________________________________________________
31,9,-1.0000,
2,5,0,0,0,0,0,0,0,0,0,0,0,0
1,5,0,0,0,0,0,0,1,0,1,0,1,0
_____________________________________________________
_____________________________________________________
32,11,0.0000,
1,5,0,0,0,0,0,0,1,0,1,0,1,0
0,7,0,0,0,0,0,0,1,0,0,0,0,0
_____________________________________________________
_____________________________________________________
33,0,0.0000,
0,7,0,0,0,0,0,0,1,0,0,0,0,0
1,6,0,0,0,0,0,0,1,0,0,0,0,0
_____________________________________________________
_____________________________________________________
34,7,0.0000,
1,6,0,0,0,0,0,0,1,0,0,0,0,0
1,6,0,0,0,0,0,0,0,0,0,0,0,0
_____________________________________________________
_____________________________________________________
35,0,0.0000,
1,6,0,0,0,0,0,0,0,0,0,0,0,0
1,5,0,0,0,0,0,0,0,0,0,0,0,0
_____________________________________________________
_____________________________________________________
36,0,0.0000,
1,5,0,0,0,0,0,0,0,0,0,0,0,0
2,4,0,0,0,0,0,0,0,0,0,0,0,0
_____________________________________________________
_____________________________________________________
37,9,-1.0000,
2,4,0,0,0,0,0,0,0,0,0,0,0,0
1,5,0,0,0,0,0,0,0,0,-1,0,-1,0
_____________________________________________________
_____________________________________________________
38,9,0.0000,
1,5,0,0,0,0,0,0,0,0,-1,0,-1,0
0,7,0,0,0,0,0,0,0,0,-1,0,-1,0
_____________________________________________________
_____________________________________________________
39,0,0.0000,
0,7,0,0,0,0,0,0,0,0,-1,0,-1,0
0,7,1,0,0,0,0,0,0,1,-1,1,-1,0
_____________________________________________________
_____________________________________________________
40,0,0.0000,
0,7,1,0,0,0,0,0,0,1,-1,1,-1,0
1,6,1,0,0,0,0,0,0,1,-1,1,-1,0
_____________________________________________________
_____________________________________________________
41,11,0.0000,
1,6,1,0,0,0,0,0,0,1,-1,1,-1,0
1,6,0,1,0,0,0,-1,1,0,0,0,0,1
_____________________________________________________
_____________________________________________________
42,7,0.0000,
1,6,0,1,0,0,0,-1,1,0,0,0,0,1
1,6,0,1,0,0,0,-1,0,0,0,0,0,0
_____________________________________________________
_____________________________________________________
43,3,-1.0000,
1,6,0,1,0,0,0,-1,0,0,0,0,0,0
0,7,0,1,-1,0,0,-1,0,0,0,0,0,0
_____________________________________________________
_____________________________________________________
44,0,0.0000,
0,7,0,1,-1,0,0,-1,0,0,0,0,0,0
1,6,0,1,0,0,0,-1,0,0,0,0,0,0
_____________________________________________________
_____________________________________________________
45,1,-1.0000,
1,6,0,1,0,0,0,-1,0,0,0,0,0,0
0,7,-1,1,0,0,0,-1,0,0,0,0,0,0
_____________________________________________________
_____________________________________________________
46,0,0.0000,
0,7,-1,1,0,0,0,-1,0,0,0,0,0,0
0,7,0,1,0,0,0,-1,0,0,0,0,0,0
_____________________________________________________
_____________________________________________________
47,0,0.0000,
0,7,0,1,0,0,0,-1,0,0,0,0,0,0
1,6,0,0,0,0,0,-1,0,0,0,0,0,0
_____________________________________________________
_____________________________________________________
48,1,-1.0000,
1,6,0,0,0,0,0,-1,0,0,0,0,0,0
0,7,-1,0,0,0,0,-1,0,0,0,0,0,0
_____________________________________________________
_____________________________________________________
49,0,0.0000,
0,7,-1,0,0,0,0,-1,0,0,0,0,0,0
0,7,0,0,0,0,0,-1,0,0,0,0,0,0
_____________________________________________________
_____________________________________________________
50,0,0.0000,
0,7,0,0,0,0,0,-1,0,0,0,0,0,0
1,6,0,0,0,0,0,-1,0,0,0,0,0,0
_____________________________________________________
_____________________________________________________
51,9,-1.0000,
1,6,0,0,0,0,0,-1,0,0,0,0,0,0
1,6,0,0,0,0,0,-1,0,0,0,0,0,0
_____________________________________________________
_____________________________________________________
52,0,0.0000,
1,6,0,0,0,0,0,-1,0,0,0,0,0,0
1,5,0,0,0,0,0,-1,0,0,0,0,0,0
_____________________________________________________
_____________________________________________________
53,1,-1.0000,
1,5,0,0,0,0,0,-1,0,0,0,0,0,0
1,6,-1,1,0,0,0,-1,0,0,-1,0,0,0
_____________________________________________________
_____________________________________________________
54,9,0.0000,
1,6,-1,1,0,0,0,-1,0,0,-1,0,0,0
1,6,-1,1,0,0,0,-1,0,0,0,0,0,0
_____________________________________________________
_____________________________________________________
55,1,0.0000,
1,6,-1,1,0,0,0,-1,0,0,0,0,0,0
1,6,0,0,0,0,0,0,0,0,0,0,0,0
_____________________________________________________
_____________________________________________________
56,0,0.0000,
1,6,0,0,0,0,0,0,0,0,0,0,0,0
2,5,0,0,0,0,0,0,0,0,0,0,0,0
_____________________________________________________
_____________________________________________________
57,9,-1.0000,
2,5,0,0,0,0,0,0,0,0,0,0,0,0
1,5,0,0,0,0,0,0,0,0,-1,0,0,0
_____________________________________________________
_____________________________________________________
58,9,0.0000,
1,5,0,0,0,0,0,0,0,0,-1,0,0,0
1,6,0,0,0,0,0,0,0,0,0,0,0,0
_____________________________________________________
_____________________________________________________
59,0,0.0000,
1,6,0,0,0,0,0,0,0,0,0,0,0,0
2,5,0,0,0,0,0,0,0,0,0,0,0,0
_____________________________________________________
_____________________________________________________
60,9,-1.0000,
2,5,0,0,0,0,0,0,0,0,0,0,0,0
2,5,0,0,0,0,0,0,1,0,-1,0,0,0
_____________________________________________________
_____________________________________________________
61,9,0.0000,
2,5,0,0,0,0,0,0,1,0,-1,0,0,0
2,5,1,0,0,0,0,1,1,0,0,0,0,0
_____________________________________________________
_____________________________________________________
62,7,0.0000,
2,5,1,0,0,0,0,1,1,0,0,0,0,0
1,5,0,0,0,0,0,0,0,0,0,0,0,0
_____________________________________________________
_____________________________________________________
63,0,0.0000,
1,5,0,0,0,0,0,0,0,0,0,0,0,0
2,4,0,0,0,0,0,0,0,1,0,0,0,0
_____________________________________________________
_____________________________________________________
64,10,-1.0000,
2,4,0,0,0,0,0,0,0,1,0,0,0,0
1,5,0,0,0,-1,1,0,0,1,0,-1,0,0
_____________________________________________________
_____________________________________________________
65,5,0.0000,
1,5,0,0,0,-1,1,0,0,1,0,-1,0,0
1,6,0,0,0,-1,0,0,0,0,0,-1,0,0
_____________________________________________________
_____________________________________________________
66,10,0.0000,
1,6,0,0,0,-1,0,0,0,0,0,-1,0,0
1,6,0,0,0,-1,0,0,0,0,0,-1,0,0
_____________________________________________________
_____________________________________________________
67,10,0.0000,
1,6,0,0,0,-1,0,0,0,0,0,-1,0,0
0,7,0,0,0,-1,0,0,0,0,0,-1,0,0
_____________________________________________________
_____________________________________________________
68,0,0.0000,
0,7,0,0,0,-1,0,0,0,0,0,-1,0,0
1,6,0,0,0,-1,0,0,0,0,0,0,0,0
_____________________________________________________
_____________________________________________________
69,0,0.0000,
1,6,0,0,0,-1,0,0,0,0,0,0,0,0
2,5,0,-1,0,0,0,-1,0,0,0,0,0,1
_____________________________________________________
_____________________________________________________
70,2,0.0000,
2,5,0,-1,0,0,0,-1,0,0,0,0,0,1
1,5,0,-1,0,0,0,-1,0,0,0,0,0,1
_____________________________________________________
_____________________________________________________
71,2,0.0000,
1,5,0,-1,0,0,0,-1,0,0,0,0,0,1
0,7,0,-1,0,0,0,-1,0,0,0,0,0,1
_____________________________________________________
_____________________________________________________
72,0,0.0000,
0,7,0,-1,0,0,0,-1,0,0,0,0,0,1
1,6,0,-1,0,0,0,-1,0,0,1,0,0,1
_____________________________________________________
_____________________________________________________
73,2,0.0000,
1,6,0,-1,0,0,0,-1,0,0,1,0,0,1
0,7,0,-1,0,1,0,-1,0,0,1,0,0,1
_____________________________________________________
_____________________________________________________
74,0,0.0000,
0,7,0,-1,0,1,0,-1,0,0,1,0,0,1
1,6,0,-1,0,1,0,-1,0,0,1,0,0,1
_____________________________________________________
_____________________________________________________
75,2,0.0000,
1,6,0,-1,0,1,0,-1,0,0,1,0,0,1
0,7,0,-1,0,1,0,-1,0,0,1,0,0,1
_____________________________________________________
_____________________________________________________
76,0,0.0000,
0,7,0,-1,0,1,0,-1,0,0,1,0,0,1
0,7,0,-1,0,1,0,-1,0,0,1,0,0,1
_____________________________________________________
_____________________________________________________
77,0,0.0000,
0,7,0,-1,0,1,0,-1,0,0,1,0,0,1
1,6,0,-1,0,1,0,-1,0,0,0,0,0,0
_____________________________________________________
_____________________________________________________
78,2,0.0000,
1,6,0,-1,0,1,0,-1,0,0,0,0,0,0
0,7,0,-1,0,0,0,-1,0,0,0,0,0,0
_____________________________________________________
_____________________________________________________
79,0,0.0000,
0,7,0,-1,0,0,0,-1,0,0,0,0,0,0
0,7,0,-1,0,0,0,-1,0,0,0,0,0,0
_____________________________________________________
_____________________________________________________
80,0,0.0000,
0,7,0,-1,0,0,0,-1,0,0,0,0,0,0
1,6,0,-1,0,0,0,0,0,0,0,1,0,0
_____________________________________________________
_____________________________________________________
81,2,0.0000,
1,6,0,-1,0,0,0,0,0,0,0,1,0,0
1,6,0,0,0,0,0,0,0,0,0,1,0,0
_____________________________________________________
_____________________________________________________
82,10,0.0000,
1,6,0,0,0,0,0,0,0,0,0,1,0,0
1,6,0,0,0,0,0,0,0,0,0,0,0,0
_____________________________________________________
_____________________________________________________
83,0,0.0000,
1,6,0,0,0,0,0,0,0,0,0,0,0,0
2,5,0,0,0,0,0,0,0,0,0,0,0,0
_____________________________________________________
_____________________________________________________
84,9,-1.0000,
2,5,0,0,0,0,0,0,0,0,0,0,0,0
1,5,-1,0,0,-1,0,0,0,0,-1,0,0,0
_____________________________________________________
_____________________________________________________
85,9,0.0000,
1,5,-1,0,0,-1,0,0,0,0,-1,0,0,0
1,6,-1,0,0,-1,0,0,0,0,-1,0,0,0
_____________________________________________________
_____________________________________________________
86,9,0.0000,
1,6,-1,0,0,-1,0,0,0,0,-1,0,0,0
1,6,-1,0,0,-1,0,0,0,0,-1,1,1,0
_____________________________________________________
_____________________________________________________
87,9,0.0000,
1,6,-1,0,0,-1,0,0,0,0,-1,1,1,0
0,7,-1,0,1,-1,0,0,0,1,-1,1,1,0
_____________________________________________________
_____________________________________________________
88,0,0.0000,
0,7,-1,0,1,-1,0,0,0,1,-1,1,1,0
0,7,-1,0,1,-1,0,0,0,1,-1,1,1,0
_____________________________________________________
_____________________________________________________
89,0,0.0000,
0,7,-1,0,1,-1,0,0,0,1,-1,1,1,0
1,6,-1,0,1,-1,0,0,0,1,-1,1,1,0
_____________________________________________________
_____________________________________________________
90,9,0.0000,
1,6,-1,0,1,-1,0,0,0,1,-1,1,1,0
0,7,-1,0,1,-1,0,0,0,1,-1,1,1,0
_____________________________________________________
_____________________________________________________
91,0,0.0000,
0,7,-1,0,1,-1,0,0,0,1,-1,1,1,0
1,6,1,0,1,1,0,0,0,1,1,1,1,0
_____________________________________________________
_____________________________________________________
92,11,0.0000,
1,6,1,0,1,1,0,0,0,1,1,1,1,0
0,7,1,0,0,1,0,0,0,1,1,0,0,0
_____________________________________________________
_____________________________________________________
93,0,0.0000,
0,7,1,0,0,1,0,0,0,1,1,0,0,0
0,7,1,0,0,1,0,0,0,1,1,0,0,0
_____________________________________________________
_____________________________________________________
94,0,0.0000,
0,7,1,0,0,1,0,0,0,1,1,0,0,0
1,6,1,0,0,1,0,0,0,1,1,0,0,0
_____________________________________________________
_____________________________________________________
95,9,0.0000,
1,6,1,0,0,1,0,0,0,1,1,0,0,0
0,7,0,0,0,0,0,0,0,1,0,0,0,0
_____________________________________________________
_____________________________________________________
96,0,0.0000,
0,7,0,0,0,0,0,0,0,1,0,0,0,0
0,7,0,0,0,0,0,0,0,1,0,0,0,0
_____________________________________________________
_____________________________________________________
97,0,0.0000,
0,7,0,0,0,0,0,0,0,1,0,0,0,0
0,7,0,0,0,0,0,0,0,0,0,0,0,0
_____________________________________________________
_____________________________________________________
98,0,0.0000,
0,7,0,0,0,0,0,0,0,0,0,0,0,0
1,6,0,0,0,0,0,0,0,0,0,0,0,0
_____________________________________________________
_____________________________________________________
99,0,0.0000,
1,6,0,0,0,0,0,0,0,0,0,0,0,0
1,5,0,0,0,0,0,0,0,0,0,0,0,0
_____________________________________________________
_____________________________________________________
100,0,0.0000,
1,5,0,0,0,0,0,0,0,0,0,0,0,0
1,4,0,0,0,0,0,0,0,0,0,0,0,0
_____________________________________________________
_____________________________________________________
101,0,0.0000,
1,4,0,0,0,0,0,0,0,0,0,0,0,0
2,3,0,0,0,0,1,0,1,1,0,0,0,0
_____________________________________________________
_____________________________________________________
102,5,0.0000,
2,3,0,0,0,0,1,0,1,1,0,0,0,0
2,5,0,0,0,0,0,0,0,0,0,0,0,0
_____________________________________________________
_____________________________________________________
103,9,-1.0000,
2,5,0,0,0,0,0,0,0,0,0,0,0,0
1,5,0,0,0,0,0,-1,0,0,-1,0,0,0
_____________________________________________________
_____________________________________________________
104,9,0.0000,
1,5,0,0,0,0,0,-1,0,0,-1,0,0,0
1,6,0,0,0,0,0,-1,0,0,-1,0,0,0
_____________________________________________________
_____________________________________________________
105,9,0.0000,
1,6,0,0,0,0,0,-1,0,0,-1,0,0,0
0,7,0,0,0,0,0,-1,0,0,-1,0,0,0
_____________________________________________________
_____________________________________________________
106,0,0.0000,
0,7,0,0,0,0,0,-1,0,0,-1,0,0,0
1,6,0,0,0,0,0,-1,0,0,-1,0,0,0
_____________________________________________________
_____________________________________________________
107,9,0.0000,
1,6,0,0,0,0,0,-1,0,0,-1,0,0,0
1,6,0,0,0,0,0,-1,0,0,-1,0,0,0
_____________________________________________________
_____________________________________________________
108,9,0.0000,
1,6,0,0,0,0,0,-1,0,0,-1,0,0,0
0,7,0,0,0,0,0,-1,0,0,0,0,0,0
_____________________________________________________
_____________________________________________________
109,0,0.0000,
0,7,0,0,0,0,0,-1,0,0,0,0,0,0
0,7,0,0,0,0,0,0,0,0,0,0,0,0
_____________________________________________________
_____________________________________________________
110,0,0.0000,
0,7,0,0,0,0,0,0,0,0,0,0,0,0
1,6,0,0,0,0,0,0,0,0,0,0,0,0
_____________________________________________________
_____________________________________________________
111,0,0.0000,
1,6,0,0,0,0,0,0,0,0,0,0,0,0
2,5,0,0,1,0,0,0,0,0,0,0,1,0
_____________________________________________________
_____________________________________________________
112,11,0.0000,
2,5,0,0,1,0,0,0,0,0,0,0,1,0
1,5,0,0,0,0,0,0,0,0,0,0,0,0
_____________________________________________________
_____________________________________________________
113,0,0.0000,
1,5,0,0,0,0,0,0,0,0,0,0,0,0
2,4,0,1,0,0,0,0,0,0,0,0,0,0
_____________________________________________________
_____________________________________________________
114,2,0.0000,
2,4,0,1,0,0,0,0,0,0,0,0,0,0
2,5,0,0,1,0,0,0,0,0,0,0,1,0
_____________________________________________________
_____________________________________________________
115,11,0.0000,
2,5,0,0,1,0,0,0,0,0,0,0,1,0
2,5,0,0,0,0,0,0,0,0,0,0,0,0
_____________________________________________________
_____________________________________________________
116,9,-1.0000,
2,5,0,0,0,0,0,0,0,0,0,0,0,0
1,5,0,0,0,0,0,0,0,0,-1,0,0,0
_____________________________________________________
_____________________________________________________
117,9,0.0000,
1,5,0,0,0,0,0,0,0,0,-1,0,0,0
0,7,0,0,0,0,0,0,0,0,-1,0,0,0
_____________________________________________________
_____________________________________________________
118,0,0.0000,
0,7,0,0,0,0,0,0,0,0,-1,0,0,0
1,6,0,0,0,0,0,0,0,0,-1,0,0,0
_____________________________________________________
_____________________________________________________
119,9,0.0000,
1,6,0,0,0,0,0,0,0,0,-1,0,0,0
0,7,0,0,0,1,0,1,1,0,-1,1,0,0
_____________________________________________________
_____________________________________________________
120,0,0.0000,
0,7,0,0,0,1,0,1,1,0,-1,1,0,0
0,7,0,0,0,1,0,1,1,0,0,1,0,0
_____________________________________________________
_____________________________________________________
121,0,0.0000,
0,7,0,0,0,1,0,1,1,0,0,1,0,0
1,6,0,0,0,1,0,1,1,0,0,1,0,0
_____________________________________________________
_____________________________________________________
122,7,0.0000,
1,6,0,0,0,1,0,1,1,0,0,1,0,0
1,6,0,0,0,0,0,0,0,0,0,0,0,0
_____________________________________________________
_____________________________________________________
123,0,0.0000,
1,6,0,0,0,0,0,0,0,0,0,0,0,0
2,5,0,0,0,0,0,0,0,0,0,0,0,0
_____________________________________________________
_____________________________________________________
124,9,-1.0000,
2,5,0,0,0,0,0,0,0,0,0,0,0,0
2,5,0,0,0,0,0,0,0,0,-1,0,0,0
_____________________________________________________
_____________________________________________________
125,9,0.0000,
2,5,0,0,0,0,0,0,0,0,-1,0,0,0
1,5,0,0,0,0,0,0,0,0,0,0,0,0
_____________________________________________________
_____________________________________________________
126,0,0.0000,
1,5,0,0,0,0,0,0,0,0,0,0,0,0
1,4,0,0,0,0,0,0,0,0,0,1,0,0
_____________________________________________________
_____________________________________________________
127,10,0.0000,
1,4,0,0,0,0,0,0,0,0,0,1,0,0
0,7,0,0,0,0,0,0,0,0,0,0,0,0
_____________________________________________________
_____________________________________________________
128,0,0.0000,
0,7,0,0,0,0,0,0,0,0,0,0,0,0
0,7,0,0,0,0,0,0,0,0,0,0,0,0
_____________________________________________________
_____________________________________________________
129,0,0.0000,
0,7,0,0,0,0,0,0,0,0,0,0,0,0
1,6,0,0,0,0,0,0,0,0,0,0,0,0
_____________________________________________________
_____________________________________________________
130,0,0.0000,
1,6,0,0,0,0,0,0,0,0,0,0,0,0
2,5,0,0,0,0,0,0,0,0,0,0,0,0
_____________________________________________________
_____________________________________________________
131,9,-1.0000,
2,5,0,0,0,0,0,0,0,0,0,0,0,0
2,5,0,0,0,0,1,0,0,0,-1,1,0,0
_____________________________________________________
_____________________________________________________
132,9,0.0000,
2,5,0,0,0,0,1,0,0,0,-1,1,0,0
1,5,0,1,0,0,1,0,0,0,0,1,0,0
_____________________________________________________
_____________________________________________________
133,5,0.0000,
1,5,0,1,0,0,1,0,0,0,0,1,0,0
1,6,0,0,0,0,0,0,0,0,0,0,0,0
_____________________________________________________
_____________________________________________________
134,0,0.0000,
1,6,0,0,0,0,0,0,0,0,0,0,0,0
1,5,0,0,0,0,0,0,0,0,0,0,0,0
_____________________________________________________
_____________________________________________________
135,0,0.0000,
1,5,0,0,0,0,0,0,0,0,0,0,0,0
1,4,0,0,0,0,0,0,0,0,0,0,0,0
_____________________________________________________
_____________________________________________________
136,0,0.0000,
1,4,0,0,0,0,0,0,0,0,0,0,0,0
1,3,0,0,0,0,0,0,0,0,0,0,0,0
_____________________________________________________
_____________________________________________________
137,0,0.0000,
1,3,0,0,0,0,0,0,0,0,0,0,0,0
2,2,0,0,0,0,0,0,0,0,0,0,0,0
_____________________________________________________
_____________________________________________________
138,9,-1.0000,
2,2,0,0,0,0,0,0,0,0,0,0,0,0
1,5,0,0,0,0,0,0,0,0,-1,0,0,0
_____________________________________________________
_____________________________________________________
139,9,0.0000,
1,5,0,0,0,0,0,0,0,0,-1,0,0,0
0,5,0,0,0,0,0,0,0,0,0,0,0,0
_____________________________________________________
