_____________________________________________________
0,11,0.0000,
4,4,1,1,1,1,1,1,1,1,1,1,1,1
4,4,1,0,1,1,1,1,0,1,1,1,1,1
_____________________________________________________
_____________________________________________________
1,11,0.0000,
4,4,1,0,1,1,1,1,0,1,1,1,1,1
4,4,1,0,1,1,1,1,0,1,1,1,0,1
_____________________________________________________
_____________________________________________________
2,5,0.0000,
4,4,1,0,1,1,1,1,0,1,1,1,0,1
3,3,1,0,1,1,0,1,1,1,1,1,1,1
_____________________________________________________
_____________________________________________________
3,11,0.0000,
3,3,1,0,1,1,0,1,1,1,1,1,1,1
3,3,1,0,1,1,0,1,0,1,1,1,0,1
_____________________________________________________
_____________________________________________________
4,6,0.0000,
3,3,1,0,1,1,0,1,0,1,1,1,0,1
3,3,1,0,1,1,0,0,0,1,1,1,1,0
_____________________________________________________
_____________________________________________________
5,11,0.0000,
3,3,1,0,1,1,0,0,0,1,1,1,1,0
2,4,1,0,1,1,0,0,0,1,1,1,0,0
_____________________________________________________
_____________________________________________________
6,9,0.0000,
2,4,1,0,1,1,0,0,0,1,1,1,0,0
1,4,1,0,1,1,0,0,0,0,0,1,1,0
_____________________________________________________
_____________________________________________________
7,11,0.0000,
1,4,1,0,1,1,0,0,0,0,0,1,1,0
1,6,1,0,1,1,0,0,0,0,0,1,0,0
_____________________________________________________
_____________________________________________________
8,10,0.0000,
1,6,1,0,1,1,0,0,0,0,0,1,0,0
0,7,1,0,1,1,0,0,1,0,0,0,1,0
_____________________________________________________
_____________________________________________________
9,0,0.0000,
0,7,1,0,1,1,0,0,1,0,0,0,1,0
1,6,1,1,1,1,0,0,1,0,0,0,1,0
_____________________________________________________
_____________________________________________________
10,11,0.0000,
1,6,1,1,1,1,0,0,1,0,0,0,1,0
0,7,1,0,1,1,0,0,1,0,0,1,1,0
_____________________________________________________
_____________________________________________________
11,0,0.0000,
0,7,1,0,1,1,0,0,1,0,0,1,1,0
0,7,1,1,1,1,0,0,1,0,0,1,1,0
_____________________________________________________
_____________________________________________________
12,0,0.0000,
0,7,1,1,1,1,0,0,1,0,0,1,1,0
0,7,1,1,1,1,0,0,1,0,0,1,1,0
_____________________________________________________
_____________________________________________________
13,0,0.0000,
0,7,1,1,1,1,0,0,1,0,0,1,1,0
1,6,1,1,1,0,1,1,0,0,1,0,1,0
_____________________________________________________
_____________________________________________________
14,5,0.0000,
1,6,1,1,1,0,1,1,0,0,1,0,1,0
0,7,1,1,0,0,0,1,0,0,1,1,1,1
_____________________________________________________
_____________________________________________________
15,0,0.0000,
0,7,1,1,0,0,0,1,0,0,1,1,1,1
1,6,1,1,1,1,1,1,0,1,1,1,1,1
_____________________________________________________
_____________________________________________________
16,2,0.0000,
1,6,1,1,1,1,1,1,0,1,1,1,1,1
1,6,1,0,1,1,1,0,0,1,1,1,1,1
_____________________________________________________
_____________________________________________________
17,11,0.0000,
1,6,1,0,1,1,1,0,0,1,1,1,1,1
0,7,1,1,1,1,1,1,0,1,1,1,0,1
_____________________________________________________
_____________________________________________________
18,0,0.0000,
0,7,1,1,1,1,1,1,0,1,1,1,0,1
1,6,1,1,1,1,1,1,0,1,1,1,0,1
_____________________________________________________
_____________________________________________________
19,5,0.0000,
1,6,1,1,1,1,1,1,0,1,1,1,0,1
1,6,1,1,0,1,0,1,0,1,0,1,0,1
_____________________________________________________
_____________________________________________________
20,6,0.0000,
1,6,1,1,0,1,0,1,0,1,0,1,0,1
1,6,1,0,1,1,1,0,0,1,1,1,0,1
_____________________________________________________
_____________________________________________________
21,5,0.0000,
1,6,1,0,1,1,1,0,0,1,1,1,0,1
0,7,1,0,0,1,0,0,0,1,0,1,1,1
_____________________________________________________
_____________________________________________________
22,0,0.0000,
0,7,1,0,0,1,0,0,0,1,0,1,1,1
0,7,1,0,0,1,0,1,0,1,1,1,1,1
_____________________________________________________
_____________________________________________________
23,0,0.0000,
0,7,1,0,0,1,0,1,0,1,1,1,1,1
0,7,1,1,1,1,1,1,0,1,1,1,1,1
_____________________________________________________
_____________________________________________________
24,0,0.0000,
0,7,1,1,1,1,1,1,0,1,1,1,1,1
1,6,1,1,1,1,1,1,0,1,1,1,1,1
_____________________________________________________
_____________________________________________________
25,11,0.0000,
1,6,1,1,1,1,1,1,0,1,1,1,1,1
1,6,1,1,1,1,1,1,0,1,1,1,0,1
_____________________________________________________
_____________________________________________________
26,5,0.0000,
1,6,1,1,1,1,1,1,0,1,1,1,0,1
1,6,1,1,1,1,1,1,0,1,1,1,0,1
_____________________________________________________
_____________________________________________________
27,5,0.0000,
1,6,1,1,1,1,1,1,0,1,1,1,0,1
0,7,0,0,1,1,1,1,1,0,1,1,1,1
_____________________________________________________
_____________________________________________________
28,0,0.0000,
0,7,0,0,1,1,1,1,1,0,1,1,1,1
0,7,1,1,1,1,1,1,1,0,1,1,1,1
_____________________________________________________
_____________________________________________________
29,0,0.0000,
0,7,1,1,1,1,1,1,1,0,1,1,1,1
0,7,1,1,1,1,1,1,1,1,1,1,1,1
_____________________________________________________
_____________________________________________________
30,0,0.0000,
0,7,1,1,1,1,1,1,1,1,1,1,1,1
1,6,1,1,1,1,1,1,1,1,1,1,1,1
_____________________________________________________
_____________________________________________________
31,2,0.0000,
1,6,1,1,1,1,1,1,1,1,1,1,1,1
1,6,0,0,1,1,1,1,1,1,1,1,1,1
_____________________________________________________
_____________________________________________________
32,5,0.0000,
1,6,0,0,1,1,1,1,1,1,1,1,1,1
0,7,0,0,1,1,0,0,1,1,1,1,0,1
_____________________________________________________
_____________________________________________________
33,0,0.0000,
0,7,0,0,1,1,0,0,1,1,1,1,0,1
1,6,1,1,1,1,1,1,1,1,1,1,1,1
_____________________________________________________
_____________________________________________________
34,2,0.0000,
1,6,1,1,1,1,1,1,1,1,1,1,1,1
0,7,1,1,1,1,1,1,1,1,1,1,1,1
_____________________________________________________
_____________________________________________________
35,0,0.0000,
0,7,1,1,1,1,1,1,1,1,1,1,1,1
1,6,1,1,1,1,1,1,1,1,1,1,1,1
_____________________________________________________
_____________________________________________________
36,2,0.0000,
1,6,1,1,1,1,1,1,1,1,1,1,1,1
1,6,1,1,1,1,1,1,1,1,1,1,1,1
_____________________________________________________
_____________________________________________________
37,2,0.0000,
1,6,1,1,1,1,1,1,1,1,1,1,1,1
1,6,1,1,1,1,1,1,1,1,1,1,1,1
_____________________________________________________
_____________________________________________________
38,2,0.0000,
1,6,1,1,1,1,1,1,1,1,1,1,1,1
1,6,0,0,1,1,1,1,1,1,1,1,1,1
_____________________________________________________
_____________________________________________________
39,5,0.0000,
1,6,0,0,1,1,1,1,1,1,1,1,1,1
0,7,0,1,1,1,1,1,1,1,1,1,1,1
_____________________________________________________
_____________________________________________________
40,0,0.0000,
0,7,0,1,1,1,1,1,1,1,1,1,1,1
1,6,1,1,1,1,1,1,1,1,1,1,1,1
_____________________________________________________
_____________________________________________________
41,2,0.0000,
1,6,1,1,1,1,1,1,1,1,1,1,1,1
1,6,1,0,1,1,1,1,1,1,1,0,1,0
_____________________________________________________
_____________________________________________________
42,5,0.0000,
1,6,1,0,1,1,1,1,1,1,1,0,1,0
1,6,1,0,1,0,0,1,1,1,1,0,1,0
_____________________________________________________
_____________________________________________________
43,11,0.0000,
1,6,1,0,1,0,0,1,1,1,1,0,1,0
0,7,1,0,1,0,0,1,1,1,0,0,0,0
_____________________________________________________
_____________________________________________________
44,0,0.0000,
0,7,1,0,1,0,0,1,1,1,0,0,0,0
1,6,1,0,1,0,0,1,1,1,1,0,1,0
_____________________________________________________
_____________________________________________________
45,11,0.0000,
1,6,1,0,1,0,0,1,1,1,1,0,1,0
0,7,1,0,1,0,0,1,1,1,0,0,0,0
_____________________________________________________
_____________________________________________________
46,0,0.0000,
0,7,1,0,1,0,0,1,1,1,0,0,0,0
1,6,1,0,1,0,0,1,1,1,0,0,0,0
_____________________________________________________
_____________________________________________________
47,7,0.0000,
1,6,1,0,1,0,0,1,1,1,0,0,0,0
0,7,1,0,1,0,0,1,0,1,0,0,0,0
_____________________________________________________
_____________________________________________________
48,0,0.0000,
0,7,1,0,1,0,0,1,0,1,0,0,0,0
0,7,1,0,1,0,0,1,0,1,1,0,1,0
_____________________________________________________
_____________________________________________________
49,0,0.0000,
0,7,1,0,1,0,0,1,0,1,1,0,1,0
0,7,1,0,1,0,0,1,0,1,1,0,1,0
_____________________________________________________
_____________________________________________________
50,0,0.0000,
0,7,1,0,1,0,0,1,0,1,1,0,1,0
0,7,1,0,1,0,0,1,0,1,1,0,1,0
_____________________________________________________
_____________________________________________________
51,0,0.0000,
0,7,1,0,1,0,0,1,0,1,1,0,1,0
0,7,1,0,1,0,0,1,0,1,1,0,1,0
_____________________________________________________
_____________________________________________________
52,0,0.0000,
0,7,1,0,1,0,0,1,0,1,1,0,1,0
0,7,1,0,1,0,0,1,0,1,1,0,1,0
_____________________________________________________
_____________________________________________________
53,0,0.0000,
0,7,1,0,1,0,0,1,0,1,1,0,1,0
1,6,1,0,1,0,0,1,0,1,1,0,1,0
_____________________________________________________
_____________________________________________________
54,11,0.0000,
1,6,1,0,1,0,0,1,0,1,1,0,1,0
0,7,1,0,1,0,0,1,0,1,1,0,1,0
_____________________________________________________
_____________________________________________________
55,0,0.0000,
0,7,1,0,1,0,0,1,0,1,1,0,1,0
1,6,0,1,0,1,0,0,1,1,0,1,1,1
_____________________________________________________
_____________________________________________________
56,11,0.0000,
1,6,0,1,0,1,0,0,1,1,0,1,1,1
1,6,0,1,0,1,0,0,1,1,0,1,0,1
_____________________________________________________
_____________________________________________________
57,7,0.0000,
1,6,0,1,0,1,0,0,1,1,0,1,0,1
0,7,0,1,0,1,0,0,0,1,0,1,0,1
_____________________________________________________
_____________________________________________________
58,0,0.0000,
0,7,0,1,0,1,0,0,0,1,0,1,0,1
0,7,0,1,1,1,0,0,1,1,0,1,0,1
_____________________________________________________
_____________________________________________________
59,0,0.0000,
0,7,0,1,1,1,0,0,1,1,0,1,0,1
0,7,1,1,1,1,0,1,1,1,0,1,0,1
_____________________________________________________
_____________________________________________________
60,0,0.0000,
0,7,1,1,1,1,0,1,1,1,0,1,0,1
0,7,1,1,1,1,0,1,1,1,0,1,0,1
_____________________________________________________
_____________________________________________________
61,0,0.0000,
0,7,1,1,1,1,0,1,1,1,0,1,0,1
0,7,1,1,1,1,0,1,1,1,0,1,1,1
_____________________________________________________
_____________________________________________________
62,0,0.0000,
0,7,1,1,1,1,0,1,1,1,0,1,1,1
1,6,1,1,1,1,0,1,1,1,0,1,1,1
_____________________________________________________
_____________________________________________________
63,11,0.0000,
1,6,1,1,1,1,0,1,1,1,0,1,1,1
1,6,1,1,1,1,0,1,1,1,0,1,0,1
_____________________________________________________
_____________________________________________________
64,7,0.0000,
1,6,1,1,1,1,0,1,1,1,0,1,0,1
1,6,1,1,1,1,0,1,1,1,0,1,0,1
_____________________________________________________
_____________________________________________________
65,7,0.0000,
1,6,1,1,1,1,0,1,1,1,0,1,0,1
1,6,1,1,1,1,0,1,0,0,0,1,0,1
_____________________________________________________
_____________________________________________________
66,6,0.0000,
1,6,1,1,1,1,0,1,0,0,0,1,0,1
1,6,1,1,1,1,0,0,1,1,0,1,0,1
_____________________________________________________
_____________________________________________________
67,7,0.0000,
1,6,1,1,1,1,0,0,1,1,0,1,0,1
1,6,1,1,1,1,0,0,0,0,0,1,1,1
_____________________________________________________
_____________________________________________________
68,11,0.0000,
1,6,1,1,1,1,0,0,0,0,0,1,1,1
0,7,1,1,1,1,0,0,0,0,0,1,0,1
_____________________________________________________
_____________________________________________________
69,0,0.0000,
0,7,1,1,1,1,0,0,0,0,0,1,0,1
0,7,0,1,0,1,1,0,0,0,1,1,0,0
_____________________________________________________
_____________________________________________________
70,0,0.0000,
0,7,0,1,0,1,1,0,0,0,1,1,0,0
0,7,0,1,0,1,1,0,0,0,1,1,0,0
_____________________________________________________
_____________________________________________________
71,0,0.0000,
0,7,0,1,0,1,1,0,0,0,1,1,0,0
1,6,0,1,0,1,1,0,0,0,1,1,0,1
_____________________________________________________
_____________________________________________________
72,5,0.0000,
1,6,0,1,0,1,1,0,0,0,1,1,0,1
1,6,1,1,1,0,0,0,1,1,1,1,0,1
_____________________________________________________
_____________________________________________________
73,7,0.0000,
1,6,1,1,1,0,0,0,1,1,1,1,0,1
1,6,1,1,0,0,0,0,0,0,1,1,0,1
_____________________________________________________
_____________________________________________________
74,2,0.0000,
1,6,1,1,0,0,0,0,0,0,1,1,0,1
1,6,1,0,0,0,0,0,0,0,1,1,0,1
_____________________________________________________
_____________________________________________________
75,12,0.0000,
1,6,1,0,0,0,0,0,0,0,1,1,0,1
0,7,1,0,0,0,0,0,0,0,1,1,0,1
_____________________________________________________
_____________________________________________________
76,0,0.0000,
0,7,1,0,0,0,0,0,0,0,1,1,0,1
0,7,1,0,0,0,0,0,0,0,1,1,1,1
_____________________________________________________
_____________________________________________________
77,0,0.0000,
0,7,1,0,0,0,0,0,0,0,1,1,1,1
1,6,1,0,0,0,0,0,0,0,1,1,1,1
_____________________________________________________
_____________________________________________________
78,11,0.0000,
1,6,1,0,0,0,0,0,0,0,1,1,1,1
1,6,1,0,0,0,0,0,0,0,1,1,0,1
_____________________________________________________
_____________________________________________________
79,12,0.0000,
1,6,1,0,0,0,0,0,0,0,1,1,0,1
1,6,0,1,0,0,0,0,0,0,1,1,0,0
_____________________________________________________
_____________________________________________________
80,9,0.0000,
1,6,0,1,0,0,0,0,0,0,1,1,0,0
0,7,0,1,0,0,0,0,0,0,0,1,0,0
_____________________________________________________
_____________________________________________________
81,0,0.0000,
0,7,0,1,0,0,0,0,0,0,0,1,0,0
1,6,1,1,0,0,0,0,0,0,1,1,0,1
_____________________________________________________
_____________________________________________________
82,2,0.0000,
1,6,1,1,0,0,0,0,0,0,1,1,0,1
1,6,1,0,0,0,0,0,0,0,1,1,0,1
_____________________________________________________
_____________________________________________________
83,12,0.0000,
1,6,1,0,0,0,0,0,0,0,1,1,0,1
1,6,0,0,0,0,0,1,1,1,0,1,0,0
_____________________________________________________
_____________________________________________________
84,7,0.0000,
1,6,0,0,0,0,0,1,1,1,0,1,0,0
1,6,1,0,0,0,0,1,1,1,0,1,0,0
_____________________________________________________
_____________________________________________________
85,7,0.0000,
1,6,1,0,0,0,0,1,1,1,0,1,0,0
1,6,1,0,0,1,0,1,0,1,1,1,1,1
_____________________________________________________
_____________________________________________________
86,11,0.0000,
1,6,1,0,0,1,0,1,0,1,1,1,1,1
1,6,1,0,0,1,0,1,0,1,1,1,0,0
_____________________________________________________
_____________________________________________________
87,6,0.0000,
1,6,1,0,0,1,0,1,0,1,1,1,0,0
0,7,1,0,0,1,0,0,0,1,1,1,0,0
_____________________________________________________
_____________________________________________________
88,0,0.0000,
0,7,1,0,0,1,0,0,0,1,1,1,0,0
1,6,1,0,0,1,0,1,0,1,1,1,0,0
_____________________________________________________
_____________________________________________________
89,6,0.0000,
1,6,1,0,0,1,0,1,0,1,1,1,0,0
0,7,1,0,0,1,0,0,0,1,1,1,0,0
_____________________________________________________
_____________________________________________________
90,0,0.0000,
0,7,1,0,0,1,0,0,0,1,1,1,0,0
0,7,1,0,0,1,0,0,0,1,1,1,0,0
_____________________________________________________
_____________________________________________________
91,0,0.0000,
0,7,1,0,0,1,0,0,0,1,1,1,0,0
1,6,1,0,0,1,0,0,0,1,1,1,0,0
_____________________________________________________
_____________________________________________________
92,9,0.0000,
1,6,1,0,0,1,0,0,0,1,1,1,0,0
1,6,1,0,0,0,0,0,0,1,0,1,0,0
_____________________________________________________
_____________________________________________________
93,8,0.0000,
1,6,1,0,0,0,0,0,0,1,0,1,0,0
1,6,0,0,0,0,0,0,0,0,0,1,0,0
_____________________________________________________
_____________________________________________________
94,10,0.0000,
1,6,0,0,0,0,0,0,0,0,0,1,0,0
1,6,0,0,0,1,0,1,0,0,1,0,0,0
_____________________________________________________
_____________________________________________________
95,6,0.0000,
1,6,0,0,0,1,0,1,0,0,1,0,0,0
1,6,0,0,0,1,0,0,0,0,1,0,0,0
_____________________________________________________
_____________________________________________________
96,9,0.0000,
1,6,0,0,0,1,0,0,0,0,1,0,0,0
0,7,0,0,0,0,0,0,0,0,0,0,0,0
_____________________________________________________
_____________________________________________________
97,0,0.0000,
0,7,0,0,0,0,0,0,0,0,0,0,0,0
1,6,0,0,0,0,0,0,0,0,0,0,0,0
_____________________________________________________
_____________________________________________________
98,0,0.0000,
1,6,0,0,0,0,0,0,0,0,0,0,0,0
2,5,0,0,0,0,0,0,0,0,0,0,0,0
_____________________________________________________
_____________________________________________________
99,9,-1.0000,
2,5,0,0,0,0,0,0,0,0,0,0,0,0
1,5,0,0,-1,0,0,1,0,0,-1,-1,1,0
_____________________________________________________
_____________________________________________________
100,9,0.0000,
1,5,0,0,-1,0,0,1,0,0,-1,-1,1,0
0,7,0,0,-1,0,0,1,0,0,-1,-1,1,0
_____________________________________________________
_____________________________________________________
101,0,0.0000,
0,7,0,0,-1,0,0,1,0,0,-1,-1,1,0
0,7,0,0,-1,0,0,1,0,0,-1,-1,1,0
_____________________________________________________
_____________________________________________________
102,0,0.0000,
0,7,0,0,-1,0,0,1,0,0,-1,-1,1,0
1,6,0,0,-1,0,0,1,0,0,-1,-1,1,0
_____________________________________________________
_____________________________________________________
103,9,0.0000,
1,6,0,0,-1,0,0,1,0,0,-1,-1,1,0
1,6,0,0,-1,0,0,1,0,0,-1,-1,1,0
_____________________________________________________
_____________________________________________________
104,9,0.0000,
1,6,0,0,-1,0,0,1,0,0,-1,-1,1,0
0,7,0,0,-1,0,0,1,0,0,-1,-1,1,0
_____________________________________________________
_____________________________________________________
105,0,0.0000,
0,7,0,0,-1,0,0,1,0,0,-1,-1,1,0
1,6,0,0,-1,0,0,1,0,0,-1,-1,1,0
_____________________________________________________
_____________________________________________________
106,9,0.0000,
1,6,0,0,-1,0,0,1,0,0,-1,-1,1,0
1,6,1,1,-1,1,1,1,0,0,-1,-1,1,0
_____________________________________________________
_____________________________________________________
107,7,-1.0000,
1,6,1,1,-1,1,1,1,0,0,-1,-1,1,0
1,6,1,1,-1,1,1,1,-1,-1,-1,-1,1,0
_____________________________________________________
_____________________________________________________
108,7,0.0000,
1,6,1,1,-1,1,1,1,-1,-1,-1,-1,1,0
1,6,1,1,-1,1,1,1,-1,-1,-1,-1,1,0
_____________________________________________________
_____________________________________________________
109,7,0.0000,
1,6,1,1,-1,1,1,1,-1,-1,-1,-1,1,0
1,6,1,1,-1,1,1,1,-1,-1,-1,-1,1,0
_____________________________________________________
_____________________________________________________
110,7,0.0000,
1,6,1,1,-1,1,1,1,-1,-1,-1,-1,1,0
1,6,1,1,-1,1,1,1,-1,-1,-1,-1,1,0
_____________________________________________________
_____________________________________________________
111,7,0.0000,
1,6,1,1,-1,1,1,1,-1,-1,-1,-1,1,0
0,7,-1,-1,0,0,1,1,0,1,0,1,-1,-1
_____________________________________________________
_____________________________________________________
112,0,0.0000,
0,7,-1,-1,0,0,1,1,0,1,0,1,-1,-1
0,7,-1,-1,0,0,1,1,1,1,1,1,-1,-1
_____________________________________________________
_____________________________________________________
113,0,0.0000,
0,7,-1,-1,0,0,1,1,1,1,1,1,-1,-1
0,7,-1,-1,0,0,1,1,1,1,1,1,-1,-1
_____________________________________________________
_____________________________________________________
114,0,0.0000,
0,7,-1,-1,0,0,1,1,1,1,1,1,-1,-1
0,7,-1,-1,0,0,1,1,1,1,1,1,-1,-1
_____________________________________________________
_____________________________________________________
115,0,0.0000,
0,7,-1,-1,0,0,1,1,1,1,1,1,-1,-1
0,7,-1,-1,0,0,1,1,1,1,1,1,-1,-1
_____________________________________________________
_____________________________________________________
116,0,0.0000,
0,7,-1,-1,0,0,1,1,1,1,1,1,-1,-1
0,7,-1,-1,0,0,1,1,1,1,1,1,-1,-1
_____________________________________________________
_____________________________________________________
117,0,0.0000,
0,7,-1,-1,0,0,1,1,1,1,1,1,-1,-1
0,7,-1,-1,0,0,1,1,1,1,1,1,-1,-1
_____________________________________________________
_____________________________________________________
118,0,0.0000,
0,7,-1,-1,0,0,1,1,1,1,1,1,-1,-1
0,7,-1,-1,0,0,1,1,1,1,1,1,-1,-1
_____________________________________________________
_____________________________________________________
119,0,0.0000,
0,7,-1,-1,0,0,1,1,1,1,1,1,-1,-1
0,7,-1,-1,0,0,1,1,1,1,1,1,-1,-1
_____________________________________________________
_____________________________________________________
120,0,0.0000,
0,7,-1,-1,0,0,1,1,1,1,1,1,-1,-1
1,6,-1,-1,0,0,1,1,1,1,1,1,-1,-1
_____________________________________________________
_____________________________________________________
121,2,0.0000,
1,6,-1,-1,0,0,1,1,1,1,1,1,-1,-1
1,6,-1,-1,0,0,1,1,1,1,1,1,-1,-1
_____________________________________________________
_____________________________________________________
122,2,0.0000,
1,6,-1,-1,0,0,1,1,1,1,1,1,-1,-1
1,6,-1,-1,0,0,1,1,1,1,1,1,-1,-1
_____________________________________________________
_____________________________________________________
123,2,0.0000,
1,6,-1,-1,0,0,1,1,1,1,1,1,-1,-1
0,7,-1,-1,0,0,1,1,1,1,1,1,-1,-1
_____________________________________________________
_____________________________________________________
124,0,0.0000,
0,7,-1,-1,0,0,1,1,1,1,1,1,-1,-1
0,7,-1,-1,0,0,1,1,1,1,1,1,-1,-1
_____________________________________________________
_____________________________________________________
125,0,0.0000,
0,7,-1,-1,0,0,1,1,1,1,1,1,-1,-1
0,7,1,-1,-1,0,0,1,1,0,0,-1,-1,1
_____________________________________________________
_____________________________________________________
126,0,0.0000,
0,7,1,-1,-1,0,0,1,1,0,0,-1,-1,1
1,6,1,-1,-1,0,0,1,1,0,0,-1,-1,1
_____________________________________________________
_____________________________________________________
127,2,0.0000,
1,6,1,-1,-1,0,0,1,1,0,0,-1,-1,1
1,6,1,-1,-1,0,0,1,1,0,0,-1,-1,1
_____________________________________________________
_____________________________________________________
128,2,0.0000,
1,6,1,-1,-1,0,0,1,1,0,0,-1,-1,1
0,7,1,-1,-1,0,0,1,1,0,0,-1,-1,1
_____________________________________________________
_____________________________________________________
129,0,0.0000,
0,7,1,-1,-1,0,0,1,1,0,0,-1,-1,1
0,7,1,-1,-1,0,0,1,1,0,0,-1,-1,1
_____________________________________________________
_____________________________________________________
130,0,0.0000,
0,7,1,-1,-1,0,0,1,1,0,0,-1,-1,1
1,6,1,-1,-1,0,0,1,1,0,0,-1,-1,1
_____________________________________________________
_____________________________________________________
131,2,0.0000,
1,6,1,-1,-1,0,0,1,1,0,0,-1,-1,1
1,6,1,-1,-1,0,0,1,1,0,0,-1,-1,1
_____________________________________________________
_____________________________________________________
132,2,0.0000,
1,6,1,-1,-1,0,0,1,1,0,0,-1,-1,1
1,6,1,-1,-1,0,0,1,1,0,0,-1,-1,1
_____________________________________________________
_____________________________________________________
133,2,0.0000,
1,6,1,-1,-1,0,0,1,1,0,0,-1,-1,1
1,6,1,-1,-1,0,0,1,1,0,0,-1,-1,1
_____________________________________________________
_____________________________________________________
134,2,0.0000,
1,6,1,-1,-1,0,0,1,1,0,0,-1,-1,1
1,6,1,-1,-1,0,0,1,1,0,0,-1,-1,1
_____________________________________________________
_____________________________________________________
135,2,0.0000,
1,6,1,-1,-1,0,0,1,1,0,0,-1,-1,1
1,6,1,-1,-1,1,1,1,1,0,1,-1,-1,1
_____________________________________________________
_____________________________________________________
136,7,0.0000,
1,6,1,-1,-1,1,1,1,1,0,1,-1,-1,1
0,7,1,-1,-1,1,1,1,0,0,1,-1,-1,1
_____________________________________________________
_____________________________________________________
137,0,0.0000,
0,7,1,-1,-1,1,1,1,0,0,1,-1,-1,1
0,7,1,-1,-1,1,1,1,0,0,1,-1,-1,1
_____________________________________________________
_____________________________________________________
138,0,0.0000,
0,7,1,-1,-1,1,1,1,0,0,1,-1,-1,1
0,7,1,-1,-1,1,1,1,0,0,1,-1,-1,1
_____________________________________________________
_____________________________________________________
139,0,0.0000,
0,7,1,-1,-1,1,1,1,0,0,1,-1,-1,1
0,7,0,0,0,0,0,0,0,0,0,0,0,0
_____________________________________________________
