_____________________________________________________
0,5,0.0000,
2,5,0,0,1,0,1,1,0,0,0,0,0,1
1,5,0,0,1,0,0,1,0,0,0,0,0,1
_____________________________________________________
_____________________________________________________
1,6,0.0000,
1,5,0,0,1,0,0,1,0,0,0,0,0,1
1,6,0,0,1,0,0,0,0,0,0,0,0,1
_____________________________________________________
_____________________________________________________
2,12,0.0000,
1,6,0,0,1,0,0,0,0,0,0,0,0,1
1,6,0,0,1,1,0,0,0,1,0,1,0,0
_____________________________________________________
_____________________________________________________
3,10,0.0000,
1,6,0,0,1,1,0,0,0,1,0,1,0,0
1,6,0,0,1,0,0,0,0,0,0,1,0,0
_____________________________________________________
_____________________________________________________
4,10,0.0000,
1,6,0,0,1,0,0,0,0,0,0,1,0,0
1,6,0,0,1,0,0,0,0,0,0,0,0,1
_____________________________________________________
_____________________________________________________
5,12,0.0000,
1,6,0,0,1,0,0,0,0,0,0,0,0,1
1,6,1,1,1,0,0,0,1,0,0,0,0,0
_____________________________________________________
_____________________________________________________
6,7,0.0000,
1,6,1,1,1,0,0,0,1,0,0,0,0,0
1,6,0,0,1,0,0,0,0,0,0,0,0,0
_____________________________________________________
_____________________________________________________
7,3,0.0000,
1,6,0,0,1,0,0,0,0,0,0,0,0,0
1,6,0,0,0,0,0,0,0,0,0,1,0,0
_____________________________________________________
_____________________________________________________
8,0,0.0000,
1,6,0,0,0,0,0,0,0,0,0,1,0,0
2,5,0,0,0,1,0,0,0,1,0,1,0,0
_____________________________________________________
_____________________________________________________
9,10,0.0000,
2,5,0,0,0,1,0,0,0,1,0,1,0,0
1,5,0,0,1,0,0,0,0,0,0,0,0,1
_____________________________________________________
_____________________________________________________
10,12,0.0000,
1,5,0,0,1,0,0,0,0,0,0,0,0,1
1,6,0,0,1,0,0,0,0,0,0,1,0,0
_____________________________________________________
_____________________________________________________
11,10,0.0000,
1,6,0,0,1,0,0,0,0,0,0,1,0,0
1,6,0,0,1,0,0,0,0,0,0,0,0,0
_____________________________________________________
_____________________________________________________
12,3,0.0000,
1,6,0,0,1,0,0,0,0,0,0,0,0,0
0,7,0,0,0,0,0,0,0,0,0,0,0,0
_____________________________________________________
_____________________________________________________
13,0,0.0000,
0,7,0,0,0,0,0,0,0,0,0,0,0,0
1,6,0,0,1,0,0,0,0,1,0,0,0,0
_____________________________________________________
_____________________________________________________
14,8,0.0000,
1,6,0,0,1,0,0,0,0,1,0,0,0,0
0,7,0,0,1,0,0,0,0,0,0,1,0,0
_____________________________________________________
_____________________________________________________
15,0,0.0000,
0,7,0,0,1,0,0,0,0,0,0,1,0,0
1,6,0,0,1,0,0,0,0,0,0,1,0,0
_____________________________________________________
_____________________________________________________
16,10,0.0000,
1,6,0,0,1,0,0,0,0,0,0,1,0,0
0,7,0,0,1,0,0,0,0,0,0,0,0,0
_____________________________________________________
_____________________________________________________
17,0,0.0000,
0,7,0,0,1,0,0,0,0,0,0,0,0,0
0,7,0,1,1,0,0,1,0,0,0,0,0,0
_____________________________________________________
_____________________________________________________
18,0,0.0000,
0,7,0,1,1,0,0,1,0,0,0,0,0,0
1,6,0,1,1,0,0,1,0,0,0,0,0,0
_____________________________________________________
_____________________________________________________
19,6,0.0000,
1,6,0,1,1,0,0,1,0,0,0,0,0,0
0,7,0,0,1,0,0,0,0,0,0,1,0,0
_____________________________________________________
_____________________________________________________
20,0,0.0000,
0,7,0,0,1,0,0,0,0,0,0,1,0,0
0,7,0,0,1,0,0,0,0,0,0,1,1,0
_____________________________________________________
_____________________________________________________
21,0,0.0000,
0,7,0,0,1,0,0,0,0,0,0,1,1,0
1,6,0,0,1,0,0,0,0,1,0,1,1,0
_____________________________________________________
_____________________________________________________
22,11,0.0000,
1,6,0,0,1,0,0,0,0,1,0,1,1,0
0,7,0,0,1,0,0,0,0,1,0,1,0,0
_____________________________________________________
_____________________________________________________
23,0,0.0000,
0,7,0,0,1,0,0,0,0,1,0,1,0,0
0,7,0,0,1,0,0,1,0,1,0,0,0,0
_____________________________________________________
_____________________________________________________
24,0,0.0000,
0,7,0,0,1,0,0,1,0,1,0,0,0,0
0,7,0,1,1,0,0,1,0,1,0,0,0,0
_____________________________________________________
_____________________________________________________
25,0,0.0000,
0,7,0,1,1,0,0,1,0,1,0,0,0,0
0,7,0,1,1,0,0,1,0,1,0,0,0,0
_____________________________________________________
_____________________________________________________
26,0,0.0000,
0,7,0,1,1,0,0,1,0,1,0,0,0,0
1,6,1,0,1,0,0,0,0,1,0,0,0,0
_____________________________________________________
_____________________________________________________
27,8,0.0000,
1,6,1,0,1,0,0,0,0,1,0,0,0,0
0,7,0,0,0,0,0,1,0,1,0,0,1,0
_____________________________________________________
_____________________________________________________
28,0,0.0000,
0,7,0,0,0,0,0,1,0,1,0,0,1,0
1,6,0,1,0,0,0,1,0,1,0,0,1,0
_____________________________________________________
_____________________________________________________
29,11,0.0000,
1,6,0,1,0,0,0,1,0,1,0,0,1,0
1,6,0,0,0,1,0,1,1,0,0,0,0,0
_____________________________________________________
_____________________________________________________
30,7,0.0000,
1,6,0,0,0,1,0,1,1,0,0,0,0,0
1,6,0,0,0,0,0,0,0,0,0,0,0,0
_____________________________________________________
_____________________________________________________
31,0,0.0000,
1,6,0,0,0,0,0,0,0,0,0,0,0,0
1,5,0,0,0,0,1,0,0,0,0,0,0,0
_____________________________________________________
_____________________________________________________
32,5,0.0000,
1,5,0,0,0,0,1,0,0,0,0,0,0,0
1,6,0,0,0,0,0,0,0,0,0,0,0,0
_____________________________________________________
_____________________________________________________
33,0,0.0000,
1,6,0,0,0,0,0,0,0,0,0,0,0,0
1,5,0,0,0,0,0,0,0,0,0,0,0,0
_____________________________________________________
_____________________________________________________
34,0,0.0000,
1,5,0,0,0,0,0,0,0,0,0,0,0,0
1,4,0,0,0,1,0,0,1,0,0,0,0,0
_____________________________________________________
_____________________________________________________
35,7,0.0000,
1,4,0,0,0,1,0,0,1,0,0,0,0,0
0,7,0,1,0,0,0,0,0,1,0,0,1,0
_____________________________________________________
_____________________________________________________
36,0,0.0000,
0,7,0,1,0,0,0,0,0,1,0,0,1,0
0,7,0,1,0,0,0,0,0,1,0,0,1,0
_____________________________________________________
_____________________________________________________
37,0,0.0000,
0,7,0,1,0,0,0,0,0,1,0,0,1,0
0,7,0,1,0,0,0,0,0,1,0,0,1,0
_____________________________________________________
_____________________________________________________
38,0,0.0000,
0,7,0,1,0,0,0,0,0,1,0,0,1,0
0,7,0,1,0,0,0,0,0,1,0,0,1,0
_____________________________________________________
_____________________________________________________
39,0,0.0000,
0,7,0,1,0,0,0,0,0,1,0,0,1,0
0,7,0,1,0,0,0,0,0,1,0,0,1,0
_____________________________________________________
_____________________________________________________
40,0,0.0000,
0,7,0,1,0,0,0,0,0,1,0,0,1,0
0,7,0,1,0,0,0,0,0,1,0,0,1,0
_____________________________________________________
_____________________________________________________
41,0,0.0000,
0,7,0,1,0,0,0,0,0,1,0,0,1,0
1,6,0,0,0,1,0,0,0,0,0,0,1,0
_____________________________________________________
_____________________________________________________
42,11,0.0000,
1,6,0,0,0,1,0,0,0,0,0,0,1,0
1,6,0,0,0,0,0,0,0,0,0,1,0,0
_____________________________________________________
_____________________________________________________
43,10,0.0000,
1,6,0,0,0,0,0,0,0,0,0,1,0,0
0,7,0,1,1,0,0,0,0,1,0,0,0,0
_____________________________________________________
_____________________________________________________
44,0,0.0000,
0,7,0,1,1,0,0,0,0,1,0,0,0,0
0,7,0,1,1,0,0,0,0,1,0,0,0,0
_____________________________________________________
_____________________________________________________
45,0,0.0000,
0,7,0,1,1,0,0,0,0,1,0,0,0,0
0,7,1,1,1,0,0,0,0,1,1,0,0,0
_____________________________________________________
_____________________________________________________
46,0,0.0000,
0,7,1,1,1,0,0,0,0,1,1,0,0,0
0,7,1,1,1,0,0,0,0,1,1,0,0,0
_____________________________________________________
_____________________________________________________
47,0,0.0000,
0,7,1,1,1,0,0,0,0,1,1,0,0,0
0,7,1,1,1,0,0,0,0,1,1,1,0,0
_____________________________________________________
_____________________________________________________
48,0,0.0000,
0,7,1,1,1,0,0,0,0,1,1,1,0,0
0,7,1,1,1,0,0,0,0,1,1,1,1,0
_____________________________________________________
_____________________________________________________
49,0,0.0000,
0,7,1,1,1,0,0,0,0,1,1,1,1,0
0,7,1,1,1,1,0,0,0,1,1,1,1,1
_____________________________________________________
_____________________________________________________
50,0,0.0000,
0,7,1,1,1,1,0,0,0,1,1,1,1,1
0,7,1,1,1,1,0,0,0,1,1,1,1,1
_____________________________________________________
_____________________________________________________
51,0,0.0000,
0,7,1,1,1,1,0,0,0,1,1,1,1,1
0,7,1,1,1,1,0,0,0,1,1,1,1,1
_____________________________________________________
_____________________________________________________
52,0,0.0000,
0,7,1,1,1,1,0,0,0,1,1,1,1,1
0,7,1,1,1,1,0,0,0,1,1,1,1,1
_____________________________________________________
_____________________________________________________
53,0,0.0000,
0,7,1,1,1,1,0,0,0,1,1,1,1,1
0,7,1,1,1,1,0,0,0,1,1,1,1,1
_____________________________________________________
_____________________________________________________
54,0,0.0000,
0,7,1,1,1,1,0,0,0,1,1,1,1,1
1,6,1,1,1,1,0,0,0,1,1,1,1,1
_____________________________________________________
_____________________________________________________
55,11,0.0000,
1,6,1,1,1,1,0,0,0,1,1,1,1,1
0,7,1,1,1,1,1,0,1,0,0,0,0,1
_____________________________________________________
_____________________________________________________
56,0,0.0000,
0,7,1,1,1,1,1,0,1,0,0,0,0,1
0,7,1,1,1,1,1,0,1,0,0,0,0,1
_____________________________________________________
_____________________________________________________
57,0,0.0000,
0,7,1,1,1,1,1,0,1,0,0,0,0,1
0,7,1,1,1,1,1,0,1,0,0,0,0,1
_____________________________________________________
_____________________________________________________
58,0,0.0000,
0,7,1,1,1,1,1,0,1,0,0,0,0,1
0,7,1,1,1,1,1,0,1,0,0,0,0,1
_____________________________________________________
_____________________________________________________
59,0,0.0000,
0,7,1,1,1,1,1,0,1,0,0,0,0,1
1,6,1,1,1,1,1,0,1,0,1,0,0,1
_____________________________________________________
_____________________________________________________
60,5,0.0000,
1,6,1,1,1,1,1,0,1,0,1,0,0,1
1,6,0,1,1,1,0,0,1,0,1,0,0,1
_____________________________________________________
_____________________________________________________
61,7,0.0000,
1,6,0,1,1,1,0,0,1,0,1,0,0,1
0,7,1,1,1,1,1,0,0,0,1,0,0,0
_____________________________________________________
_____________________________________________________
62,0,0.0000,
0,7,1,1,1,1,1,0,0,0,1,0,0,0
0,7,1,1,0,0,1,0,0,0,1,0,0,0
_____________________________________________________
_____________________________________________________
63,0,0.0000,
0,7,1,1,0,0,1,0,0,0,1,0,0,0
1,6,1,1,0,0,0,0,0,0,1,0,0,0
_____________________________________________________
_____________________________________________________
64,9,0.0000,
1,6,1,1,0,0,0,0,0,0,1,0,0,0
0,7,0,1,0,0,0,0,0,1,0,0,0,0
_____________________________________________________
_____________________________________________________
65,0,0.0000,
0,7,0,1,0,0,0,0,0,1,0,0,0,0
1,6,0,1,1,1,1,0,0,1,0,0,0,1
_____________________________________________________
_____________________________________________________
66,5,0.0000,
1,6,0,1,1,1,1,0,0,1,0,0,0,1
1,6,0,1,1,1,0,0,0,1,0,0,0,1
_____________________________________________________
_____________________________________________________
67,12,0.0000,
1,6,0,1,1,1,0,0,0,1,0,0,0,1
0,7,0,1,0,0,0,0,0,1,0,0,0,1
_____________________________________________________
_____________________________________________________
68,0,0.0000,
0,7,0,1,0,0,0,0,0,1,0,0,0,1
0,7,0,1,1,1,1,0,0,1,1,0,0,1
_____________________________________________________
_____________________________________________________
69,0,0.0000,
0,7,0,1,1,1,1,0,0,1,1,0,0,1
0,7,0,1,0,0,1,0,1,0,0,1,1,1
_____________________________________________________
_____________________________________________________
70,0,0.0000,
0,7,0,1,0,0,1,0,1,0,0,1,1,1
0,7,0,0,0,0,0,0,1,0,0,0,0,1
_____________________________________________________
_____________________________________________________
71,0,0.0000,
0,7,0,0,0,0,0,0,1,0,0,0,0,1
0,7,0,0,0,0,1,0,1,0,0,1,1,1
_____________________________________________________
_____________________________________________________
72,0,0.0000,
0,7,0,0,0,0,1,0,1,0,0,1,1,1
1,6,0,1,0,0,1,0,1,0,0,1,1,1
_____________________________________________________
_____________________________________________________
73,11,0.0000,
1,6,0,1,0,0,1,0,1,0,0,1,1,1
0,7,0,0,0,0,0,0,1,0,0,0,0,1
_____________________________________________________
_____________________________________________________
74,0,0.0000,
0,7,0,0,0,0,0,0,1,0,0,0,0,1
1,6,0,0,0,0,0,0,1,0,0,0,1,1
_____________________________________________________
_____________________________________________________
75,11,0.0000,
1,6,0,0,0,0,0,0,1,0,0,0,1,1
0,7,0,0,0,0,0,0,1,0,0,0,0,1
_____________________________________________________
_____________________________________________________
76,0,0.0000,
0,7,0,0,0,0,0,0,1,0,0,0,0,1
1,6,0,0,0,0,0,0,1,0,0,0,0,1
_____________________________________________________
_____________________________________________________
77,7,0.0000,
1,6,0,0,0,0,0,0,1,0,0,0,0,1
1,6,0,0,0,0,0,0,0,0,0,0,0,0
_____________________________________________________
_____________________________________________________
78,0,0.0000,
1,6,0,0,0,0,0,0,0,0,0,0,0,0
1,5,0,0,0,0,1,0,0,0,0,1,1,0
_____________________________________________________
_____________________________________________________
79,11,0.0000,
1,5,0,0,0,0,1,0,0,0,0,1,1,0
0,7,0,0,0,0,0,0,0,0,0,0,0,0
_____________________________________________________
_____________________________________________________
80,0,0.0000,
0,7,0,0,0,0,0,0,0,0,0,0,0,0
1,6,0,0,0,0,0,0,0,0,0,0,0,0
_____________________________________________________
_____________________________________________________
81,0,0.0000,
1,6,0,0,0,0,0,0,0,0,0,0,0,0
1,5,0,0,0,0,0,0,0,0,0,0,0,0
_____________________________________________________
_____________________________________________________
82,0,0.0000,
1,5,0,0,0,0,0,0,0,0,0,0,0,0
2,4,0,0,0,0,0,0,0,0,0,0,0,0
_____________________________________________________
_____________________________________________________
83,9,-1.0000,
2,4,0,0,0,0,0,0,0,0,0,0,0,0
1,5,0,0,0,0,0,1,0,1,0,0,-1,0
_____________________________________________________
_____________________________________________________
84,11,0.0000,
1,5,0,0,0,0,0,1,0,1,0,0,-1,0
0,7,0,0,0,0,0,1,0,1,0,0,-1,0
_____________________________________________________
_____________________________________________________
85,0,0.0000,
0,7,0,0,0,0,0,1,0,1,0,0,-1,0
1,6,0,0,0,0,0,1,0,1,0,0,-1,0
_____________________________________________________
_____________________________________________________
86,11,0.0000,
1,6,0,0,0,0,0,1,0,1,0,0,-1,0
1,6,0,0,1,0,0,1,0,1,0,1,-1,0
_____________________________________________________
_____________________________________________________
87,11,0.0000,
1,6,0,0,1,0,0,1,0,1,0,1,-1,0
0,7,0,0,1,0,0,1,0,1,0,1,-1,0
_____________________________________________________
_____________________________________________________
88,0,0.0000,
0,7,0,0,1,0,0,1,0,1,0,1,-1,0
1,6,0,0,1,0,0,1,0,1,0,1,-1,0
_____________________________________________________
_____________________________________________________
89,11,0.0000,
1,6,0,0,1,0,0,1,0,1,0,1,-1,0
1,6,0,0,1,0,0,1,0,1,0,1,-1,0
_____________________________________________________
_____________________________________________________
90,11,0.0000,
1,6,0,0,1,0,0,1,0,1,0,1,-1,0
0,7,0,0,1,0,0,1,0,1,0,1,-1,0
_____________________________________________________
_____________________________________________________
91,0,0.0000,
0,7,0,0,1,0,0,1,0,1,0,1,-1,0
1,6,0,0,1,0,0,1,0,1,0,1,1,0
_____________________________________________________
_____________________________________________________
92,11,0.0000,
1,6,0,0,1,0,0,1,0,1,0,1,1,0
0,7,0,0,1,0,0,1,0,1,0,1,0,0
_____________________________________________________
_____________________________________________________
93,0,0.0000,
0,7,0,0,1,0,0,1,0,1,0,1,0,0
1,6,0,0,1,0,0,1,0,1,0,1,0,0
_____________________________________________________
_____________________________________________________
94,6,0.0000,
1,6,0,0,1,0,0,1,0,1,0,1,0,0
1,6,0,0,1,0,0,0,0,0,0,1,0,0
_____________________________________________________
_____________________________________________________
95,3,0.0000,
1,6,0,0,1,0,0,0,0,0,0,1,0,0
1,6,0,0,0,0,0,0,0,0,0,1,0,0
_____________________________________________________
_____________________________________________________
96,10,0.0000,
1,6,0,0,0,0,0,0,0,0,0,1,0,0
1,6,0,0,0,0,0,0,0,0,0,0,0,0
_____________________________________________________
_____________________________________________________
97,0,0.0000,
1,6,0,0,0,0,0,0,0,0,0,0,0,0
1,5,0,1,0,0,0,0,1,1,1,0,0,0
_____________________________________________________
_____________________________________________________
98,7,0.0000,
1,5,0,1,0,0,0,0,1,1,1,0,0,0
0,7,0,1,0,0,0,0,0,1,1,0,0,0
_____________________________________________________
_____________________________________________________
99,0,0.0000,
0,7,0,1,0,0,0,0,0,1,1,0,0,0
1,6,0,1,0,0,0,0,0,1,1,0,0,0
_____________________________________________________
_____________________________________________________
100,9,0.0000,
1,6,0,1,0,0,0,0,0,1,1,0,0,0
0,7,0,1,0,0,0,0,0,0,0,0,0,0
_____________________________________________________
_____________________________________________________
101,0,0.0000,
0,7,0,1,0,0,0,0,0,0,0,0,0,0
0,7,0,1,0,0,0,0,0,0,0,0,0,0
_____________________________________________________
_____________________________________________________
102,0,0.0000,
0,7,0,1,0,0,0,0,0,0,0,0,0,0
0,7,0,1,0,0,0,0,1,0,1,0,0,0
_____________________________________________________
_____________________________________________________
103,0,0.0000,
0,7,0,1,0,0,0,0,1,0,1,0,0,0
1,6,0,1,0,0,0,0,1,1,1,0,0,0
_____________________________________________________
_____________________________________________________
104,7,0.0000,
1,6,0,1,0,0,0,0,1,1,1,0,0,0
1,6,0,1,0,0,0,0,0,1,1,0,0,0
_____________________________________________________
_____________________________________________________
105,2,0.0000,
1,6,0,1,0,0,0,0,0,1,1,0,0,0
1,6,0,0,0,0,0,0,0,1,1,0,0,0
_____________________________________________________
_____________________________________________________
106,9,0.0000,
1,6,0,0,0,0,0,0,0,1,1,0,0,0
0,7,0,0,0,0,0,0,0,0,0,0,0,0
_____________________________________________________
_____________________________________________________
107,0,0.0000,
0,7,0,0,0,0,0,0,0,0,0,0,0,0
0,7,0,0,0,0,0,0,1,1,1,0,0,0
_____________________________________________________
_____________________________________________________
108,0,0.0000,
0,7,0,0,0,0,0,0,1,1,1,0,0,0
1,6,0,0,0,0,0,0,1,1,1,0,0,0
_____________________________________________________
_____________________________________________________
109,7,0.0000,
1,6,0,0,0,0,0,0,1,1,1,0,0,0
1,6,0,0,0,0,0,1,0,1,1,0,0,0
_____________________________________________________
_____________________________________________________
110,6,0.0000,
1,6,0,0,0,0,0,1,0,1,1,0,0,0
0,7,0,0,0,0,0,0,0,1,1,0,0,0
_____________________________________________________
_____________________________________________________
111,0,0.0000,
0,7,0,0,0,0,0,0,0,1,1,0,0,0
1,6,0,0,0,1,1,1,1,0,0,0,0,1
_____________________________________________________
_____________________________________________________
112,5,0.0000,
1,6,0,0,0,1,1,1,1,0,0,0,0,1
1,6,0,0,0,1,0,0,1,0,0,0,0,1
_____________________________________________________
_____________________________________________________
113,12,0.0000,
1,6,0,0,0,1,0,0,1,0,0,0,0,1
0,7,1,0,0,1,1,1,1,0,0,0,0,0
_____________________________________________________
_____________________________________________________
114,0,0.0000,
0,7,1,0,0,1,1,1,1,0,0,0,0,0
1,6,1,0,0,1,1,1,1,0,0,0,0,0
_____________________________________________________
_____________________________________________________
115,5,0.0000,
1,6,1,0,0,1,1,1,1,0,0,0,0,0
1,6,1,0,0,1,0,0,0,0,0,0,0,0
_____________________________________________________
_____________________________________________________
116,1,0.0000,
1,6,1,0,0,1,0,0,0,0,0,0,0,0
1,6,0,0,0,1,0,1,1,0,0,0,1,0
_____________________________________________________
_____________________________________________________
117,11,0.0000,
1,6,0,0,0,1,0,1,1,0,0,0,1,0
1,6,1,0,0,1,1,1,1,0,0,0,0,0
_____________________________________________________
_____________________________________________________
118,5,0.0000,
1,6,1,0,0,1,1,1,1,0,0,0,0,0
0,7,1,0,0,1,0,1,1,0,0,0,0,0
_____________________________________________________
_____________________________________________________
119,0,0.0000,
0,7,1,0,0,1,0,1,1,0,0,0,0,0
0,7,1,0,0,1,1,1,1,0,0,0,0,0
_____________________________________________________
_____________________________________________________
120,0,0.0000,
0,7,1,0,0,1,1,1,1,0,0,0,0,0
1,6,1,0,0,1,1,1,1,0,0,0,0,0
_____________________________________________________
_____________________________________________________
121,5,0.0000,
1,6,1,0,0,1,1,1,1,0,0,0,0,0
0,7,1,0,0,1,0,0,0,0,0,0,1,0
_____________________________________________________
_____________________________________________________
122,0,0.0000,
0,7,1,0,0,1,0,0,0,0,0,0,1,0
0,7,1,0,0,1,0,0,0,0,0,0,1,0
_____________________________________________________
_____________________________________________________
123,0,0.0000,
0,7,1,0,0,1,0,0,0,0,0,0,1,0
0,7,1,0,0,1,1,1,1,0,0,0,1,0
_____________________________________________________
_____________________________________________________
124,0,0.0000,
0,7,1,0,0,1,1,1,1,0,0,0,1,0
1,6,1,0,0,1,1,1,1,0,0,0,1,0
_____________________________________________________
_____________________________________________________
125,5,0.0000,
1,6,1,0,0,1,1,1,1,0,0,0,1,0
0,7,0,0,0,0,0,1,0,1,0,0,0,1
_____________________________________________________
_____________________________________________________
126,0,0.0000,
0,7,0,0,0,0,0,1,0,1,0,0,0,1
0,7,1,0,0,0,0,1,0,1,0,0,0,1
_____________________________________________________
_____________________________________________________
127,0,0.0000,
0,7,1,0,0,0,0,1,0,1,0,0,0,1
1,6,1,0,0,0,0,1,0,1,0,0,0,1
_____________________________________________________
_____________________________________________________
128,6,0.0000,
1,6,1,0,0,0,0,1,0,1,0,0,0,1
1,6,1,0,0,0,0,0,0,1,0,0,0,0
_____________________________________________________
_____________________________________________________
129,8,0.0000,
1,6,1,0,0,0,0,0,0,1,0,0,0,0
0,7,1,0,0,1,0,0,1,0,1,0,1,0
_____________________________________________________
_____________________________________________________
130,0,0.0000,
0,7,1,0,0,1,0,0,1,0,1,0,1,0
1,6,1,0,0,1,0,0,1,0,1,0,1,1
_____________________________________________________
_____________________________________________________
131,11,0.0000,
1,6,1,0,0,1,0,0,1,0,1,0,1,1
1,6,0,1,0,0,0,1,1,0,1,1,1,1
_____________________________________________________
_____________________________________________________
132,11,0.0000,
1,6,0,1,0,0,0,1,1,0,1,1,1,1
0,7,0,1,0,0,0,1,0,1,0,1,0,1
_____________________________________________________
_____________________________________________________
133,0,0.0000,
0,7,0,1,0,0,0,1,0,1,0,1,0,1
0,7,0,1,0,0,0,1,0,1,0,1,0,1
_____________________________________________________
_____________________________________________________
134,0,0.0000,
0,7,0,1,0,0,0,1,0,1,0,1,0,1
0,7,0,1,0,0,0,1,0,1,0,1,0,1
_____________________________________________________
_____________________________________________________
135,0,0.0000,
0,7,0,1,0,0,0,1,0,1,0,1,0,1
1,6,0,1,0,0,0,1,0,1,0,1,0,1
_____________________________________________________
_____________________________________________________
136,6,0.0000,
1,6,0,1,0,0,0,1,0,1,0,1,0,1
0,7,0,1,0,0,0,1,0,1,0,1,0,1
_____________________________________________________
_____________________________________________________
137,0,0.0000,
0,7,0,1,0,0,0,1,0,1,0,1,0,1
1,6,0,1,0,0,0,1,0,1,0,1,0,1
_____________________________________________________
_____________________________________________________
138,6,0.0000,
1,6,0,1,0,0,0,1,0,1,0,1,0,1
0,7,0,1,0,0,0,0,0,1,0,1,0,0
_____________________________________________________
_____________________________________________________
139,0,0.0000,
0,7,0,1,0,0,0,0,0,1,0,1,0,0
0,7,0,0,0,0,0,0,0,0,0,0,0,0
_____________________________________________________
