_____________________________________________________
0,11,0.0000,
3,5,1,1,1,1,1,1,1,1,1,1,1,1
2,5,1,0,1,1,1,1,1,1,1,1,0,1
_____________________________________________________
_____________________________________________________
1,5,0.0000,
2,5,1,0,1,1,1,1,1,1,1,1,0,1
2,4,1,0,1,0,0,0,1,1,1,1,1,1
_____________________________________________________
_____________________________________________________
2,11,0.0000,
2,4,1,0,1,0,0,0,1,1,1,1,1,1
1,5,1,0,1,0,0,0,1,1,1,1,0,1
_____________________________________________________
_____________________________________________________
3,7,0.0000,
1,5,1,0,1,0,0,0,1,1,1,1,0,1
0,7,1,0,1,0,0,1,0,1,1,1,0,1
_____________________________________________________
_____________________________________________________
4,0,0.0000,
0,7,1,0,1,0,0,1,0,1,1,1,0,1
0,7,1,0,1,1,1,1,0,1,1,1,0,1
_____________________________________________________
_____________________________________________________
5,0,0.0000,
0,7,1,0,1,1,1,1,0,1,1,1,0,1
1,6,1,0,1,1,1,1,0,1,1,1,0,1
_____________________________________________________
_____________________________________________________
6,5,0.0000,
1,6,1,0,1,1,1,1,0,1,1,1,0,1
1,6,1,0,1,1,1,1,0,1,1,1,0,1
_____________________________________________________
_____________________________________________________
7,5,0.0000,
1,6,1,0,1,1,1,1,0,1,1,1,0,1
0,7,1,0,1,0,0,0,0,1,1,1,0,1
_____________________________________________________
_____________________________________________________
8,0,0.0000,
0,7,1,0,1,0,0,0,0,1,1,1,0,1
1,6,1,0,1,0,1,1,0,1,1,1,0,1
_____________________________________________________
_____________________________________________________
9,5,0.0000,
1,6,1,0,1,0,1,1,0,1,1,1,0,1
0,7,1,0,1,0,0,0,0,1,1,1,0,1
_____________________________________________________
_____________________________________________________
10,0,0.0000,
0,7,1,0,1,0,0,0,0,1,1,1,0,1
1,6,1,0,1,0,1,1,0,1,1,1,0,1
_____________________________________________________
_____________________________________________________
11,5,0.0000,
1,6,1,0,1,0,1,1,0,1,1,1,0,1
1,6,1,0,1,0,0,0,0,1,1,1,0,1
_____________________________________________________
_____________________________________________________
12,12,0.0000,
1,6,1,0,1,0,0,0,0,1,1,1,0,1
1,6,0,0,1,0,0,0,0,1,1,1,0,0
_____________________________________________________
_____________________________________________________
13,9,0.0000,
1,6,0,0,1,0,0,0,0,1,1,1,0,0
1,6,0,1,1,1,1,1,1,1,0,0,1,1
_____________________________________________________
_____________________________________________________
14,11,0.0000,
1,6,0,1,1,1,1,1,1,1,0,0,1,1
0,7,0,1,1,1,0,1,1,1,0,0,0,1
_____________________________________________________
_____________________________________________________
15,0,0.0000,
0,7,0,1,1,1,0,1,1,1,0,0,0,1
1,6,0,1,1,1,0,1,1,1,0,0,0,1
_____________________________________________________
_____________________________________________________
16,7,0.0000,
1,6,0,1,1,1,0,1,1,1,0,0,0,1
0,7,1,1,1,1,1,1,1,1,1,1,1,1
_____________________________________________________
_____________________________________________________
17,0,0.0000,
0,7,1,1,1,1,1,1,1,1,1,1,1,1
0,7,1,1,1,1,1,1,1,1,1,1,1,1
_____________________________________________________
_____________________________________________________
18,0,0.0000,
0,7,1,1,1,1,1,1,1,1,1,1,1,1
0,7,1,1,1,1,1,1,1,1,1,1,1,1
_____________________________________________________
_____________________________________________________
19,0,0.0000,
0,7,1,1,1,1,1,1,1,1,1,1,1,1
1,6,1,1,1,1,1,1,1,1,1,1,1,1
_____________________________________________________
_____________________________________________________
20,11,0.0000,
1,6,1,1,1,1,1,1,1,1,1,1,1,1
0,7,0,1,1,1,0,1,1,1,1,1,0,1
_____________________________________________________
_____________________________________________________
21,0,0.0000,
0,7,0,1,1,1,0,1,1,1,1,1,0,1
1,6,0,1,1,1,0,1,1,1,1,1,0,1
_____________________________________________________
_____________________________________________________
22,7,0.0000,
1,6,0,1,1,1,0,1,1,1,1,1,0,1
1,6,0,1,1,1,0,1,0,1,1,1,0,0
_____________________________________________________
_____________________________________________________
23,6,0.0000,
1,6,0,1,1,1,0,1,0,1,1,1,0,0
0,7,0,0,0,0,0,0,1,1,1,1,1,1
_____________________________________________________
_____________________________________________________
24,0,0.0000,
0,7,0,0,0,0,0,0,1,1,1,1,1,1
0,7,1,0,0,0,1,0,1,1,1,1,1,1
_____________________________________________________
_____________________________________________________
25,0,0.0000,
0,7,1,0,0,0,1,0,1,1,1,1,1,1
1,6,1,0,0,0,1,0,1,1,1,1,1,1
_____________________________________________________
_____________________________________________________
26,11,0.0000,
1,6,1,0,0,0,1,0,1,1,1,1,1,1
1,6,0,0,0,0,0,0,1,1,1,1,0,1
_____________________________________________________
_____________________________________________________
27,12,0.0000,
1,6,0,0,0,0,0,0,1,1,1,1,0,1
0,7,0,1,1,1,1,0,1,0,1,1,0,1
_____________________________________________________
_____________________________________________________
28,0,0.0000,
0,7,0,1,1,1,1,0,1,0,1,1,0,1
1,6,0,1,1,1,1,0,1,0,1,1,0,1
_____________________________________________________
_____________________________________________________
29,5,0.0000,
1,6,0,1,1,1,1,0,1,0,1,1,0,1
0,7,0,1,1,0,0,0,1,0,1,1,0,1
_____________________________________________________
_____________________________________________________
30,0,0.0000,
0,7,0,1,1,0,0,0,1,0,1,1,0,1
0,7,0,1,1,0,0,0,1,0,1,1,0,1
_____________________________________________________
_____________________________________________________
31,0,0.0000,
0,7,0,1,1,0,0,0,1,0,1,1,0,1
1,6,0,1,1,0,0,0,1,0,1,1,0,1
_____________________________________________________
_____________________________________________________
32,7,0.0000,
1,6,0,1,1,0,0,0,1,0,1,1,0,1
1,6,0,1,1,0,1,0,0,0,1,1,0,0
_____________________________________________________
_____________________________________________________
33,5,0.0000,
1,6,0,1,1,0,1,0,0,0,1,1,0,0
0,7,0,1,1,0,0,0,1,0,1,1,0,1
_____________________________________________________
_____________________________________________________
34,0,0.0000,
0,7,0,1,1,0,0,0,1,0,1,1,0,1
1,6,0,1,1,0,0,0,1,0,1,1,0,1
_____________________________________________________
_____________________________________________________
35,7,0.0000,
1,6,0,1,1,0,0,0,1,0,1,1,0,1
0,7,0,1,1,1,1,0,0,0,1,1,0,0
_____________________________________________________
_____________________________________________________
36,0,0.0000,
0,7,0,1,1,1,1,0,0,0,1,1,0,0
0,7,0,1,1,1,1,0,0,0,1,1,0,0
_____________________________________________________
_____________________________________________________
37,0,0.0000,
0,7,0,1,1,1,1,0,0,0,1,1,0,0
0,7,0,1,1,1,1,0,0,0,1,1,0,0
_____________________________________________________
_____________________________________________________
38,0,0.0000,
0,7,0,1,1,1,1,0,0,0,1,1,0,0
1,6,0,1,1,1,1,0,0,0,1,1,0,0
_____________________________________________________
_____________________________________________________
39,5,0.0000,
1,6,0,1,1,1,1,0,0,0,1,1,0,0
0,7,0,1,1,0,0,0,0,0,1,1,0,1
_____________________________________________________
_____________________________________________________
40,0,0.0000,
0,7,0,1,1,0,0,0,0,0,1,1,0,1
0,7,0,1,1,0,0,0,1,0,1,1,0,1
_____________________________________________________
_____________________________________________________
41,0,0.0000,
0,7,0,1,1,0,0,0,1,0,1,1,0,1
0,7,1,1,0,1,1,1,1,1,1,1,1,1
_____________________________________________________
_____________________________________________________
42,0,0.0000,
0,7,1,1,0,1,1,1,1,1,1,1,1,1
1,6,1,1,0,1,1,1,1,1,1,1,1,1
_____________________________________________________
_____________________________________________________
43,2,0.0000,
1,6,1,1,0,1,1,1,1,1,1,1,1,1
0,7,1,0,0,1,1,0,1,1,0,1,1,1
_____________________________________________________
_____________________________________________________
44,0,0.0000,
0,7,1,0,0,1,1,0,1,1,0,1,1,1
1,6,1,0,0,1,1,0,1,1,0,1,1,1
_____________________________________________________
_____________________________________________________
45,11,0.0000,
1,6,1,0,0,1,1,0,1,1,0,1,1,1
0,7,1,0,0,1,1,0,1,1,0,1,0,1
_____________________________________________________
_____________________________________________________
46,0,0.0000,
0,7,1,0,0,1,1,0,1,1,0,1,0,1
0,7,1,0,1,1,1,0,1,1,0,1,0,1
_____________________________________________________
_____________________________________________________
47,0,0.0000,
0,7,1,0,1,1,1,0,1,1,0,1,0,1
1,6,1,0,1,1,1,0,1,1,0,1,0,1
_____________________________________________________
_____________________________________________________
48,5,0.0000,
1,6,1,0,1,1,1,0,1,1,0,1,0,1
1,6,1,0,1,0,0,0,0,1,0,1,0,1
_____________________________________________________
_____________________________________________________
49,12,0.0000,
1,6,1,0,1,0,0,0,0,1,0,1,0,1
0,7,1,0,1,0,0,0,0,1,0,1,0,0
_____________________________________________________
_____________________________________________________
50,0,0.0000,
0,7,1,0,1,0,0,0,0,1,0,1,0,0
1,6,1,1,1,0,0,1,0,1,1,1,1,0
_____________________________________________________
_____________________________________________________
51,2,0.0000,
1,6,1,1,1,0,0,1,0,1,1,1,1,0
1,6,1,0,1,0,0,0,0,1,0,1,1,1
_____________________________________________________
_____________________________________________________
52,11,0.0000,
1,6,1,0,1,0,0,0,0,1,0,1,1,1
1,6,1,0,1,0,1,0,1,1,0,1,0,1
_____________________________________________________
_____________________________________________________
53,5,0.0000,
1,6,1,0,1,0,1,0,1,1,0,1,0,1
1,6,1,0,1,0,0,0,0,1,0,1,0,1
_____________________________________________________
_____________________________________________________
54,12,0.0000,
1,6,1,0,1,0,0,0,0,1,0,1,0,1
0,7,1,0,1,0,0,0,0,1,0,1,0,0
_____________________________________________________
_____________________________________________________
55,0,0.0000,
0,7,1,0,1,0,0,0,0,1,0,1,0,0
1,6,1,0,0,0,1,1,1,0,1,0,1,0
_____________________________________________________
_____________________________________________________
56,5,0.0000,
1,6,1,0,0,0,1,1,1,0,1,0,1,0
1,6,1,0,0,0,0,1,1,0,0,1,1,1
_____________________________________________________
_____________________________________________________
57,11,0.0000,
1,6,1,0,0,0,0,1,1,0,0,1,1,1
0,7,0,1,1,0,0,1,1,0,0,1,0,1
_____________________________________________________
_____________________________________________________
58,0,0.0000,
0,7,0,1,1,0,0,1,1,0,0,1,0,1
1,6,0,1,1,0,0,1,1,0,0,1,0,1
_____________________________________________________
_____________________________________________________
59,7,0.0000,
1,6,0,1,1,0,0,1,1,0,0,1,0,1
0,7,0,1,1,0,0,1,1,0,0,1,0,1
_____________________________________________________
_____________________________________________________
60,0,0.0000,
0,7,0,1,1,0,0,1,1,0,0,1,0,1
0,7,0,1,1,0,0,1,1,0,0,1,0,1
_____________________________________________________
_____________________________________________________
61,0,0.0000,
0,7,0,1,1,0,0,1,1,0,0,1,0,1
0,7,0,1,1,0,0,1,1,0,0,1,0,1
_____________________________________________________
_____________________________________________________
62,0,0.0000,
0,7,0,1,1,0,0,1,1,0,0,1,0,1
0,7,0,1,1,0,0,1,1,0,0,1,0,1
_____________________________________________________
_____________________________________________________
63,0,0.0000,
0,7,0,1,1,0,0,1,1,0,0,1,0,1
1,6,0,1,1,0,0,1,1,0,1,1,0,1
_____________________________________________________
_____________________________________________________
64,7,0.0000,
1,6,0,1,1,0,0,1,1,0,1,1,0,1
1,6,0,1,1,0,1,0,0,0,1,1,0,1
_____________________________________________________
_____________________________________________________
65,5,0.0000,
1,6,0,1,1,0,1,0,0,0,1,1,0,1
0,7,0,1,1,0,0,0,0,1,0,1,0,1
_____________________________________________________
_____________________________________________________
66,0,0.0000,
0,7,0,1,1,0,0,0,0,1,0,1,0,1
1,6,0,1,1,1,0,0,0,1,0,1,0,1
_____________________________________________________
_____________________________________________________
67,2,0.0000,
1,6,0,1,1,1,0,0,0,1,0,1,0,1
0,7,0,0,1,1,0,0,0,1,0,1,0,1
_____________________________________________________
_____________________________________________________
68,0,0.0000,
0,7,0,0,1,1,0,0,0,1,0,1,0,1
0,7,0,1,1,1,0,0,0,1,0,1,0,1
_____________________________________________________
_____________________________________________________
69,0,0.0000,
0,7,0,1,1,1,0,0,0,1,0,1,0,1
0,7,0,0,1,0,0,0,0,1,1,0,0,0
_____________________________________________________
_____________________________________________________
70,0,0.0000,
0,7,0,0,1,0,0,0,0,1,1,0,0,0
0,7,0,0,1,0,0,0,0,1,1,0,0,0
_____________________________________________________
_____________________________________________________
71,0,0.0000,
0,7,0,0,1,0,0,0,0,1,1,0,0,0
1,6,0,0,1,0,0,0,0,1,1,0,0,0
_____________________________________________________
_____________________________________________________
72,9,0.0000,
1,6,0,0,1,0,0,0,0,1,1,0,0,0
1,6,0,0,0,0,0,1,0,1,0,0,0,0
_____________________________________________________
_____________________________________________________
73,6,0.0000,
1,6,0,0,0,0,0,1,0,1,0,0,0,0
1,6,0,0,0,0,0,0,0,1,0,0,0,1
_____________________________________________________
_____________________________________________________
74,12,0.0000,
1,6,0,0,0,0,0,0,0,1,0,0,0,1
0,7,0,0,0,0,0,0,0,1,0,0,0,0
_____________________________________________________
_____________________________________________________
75,0,0.0000,
0,7,0,0,0,0,0,0,0,1,0,0,0,0
0,7,0,0,0,0,0,0,0,1,0,0,0,0
_____________________________________________________
_____________________________________________________
76,0,0.0000,
0,7,0,0,0,0,0,0,0,1,0,0,0,0
0,7,0,0,0,0,0,0,0,1,0,0,0,0
_____________________________________________________
_____________________________________________________
77,0,0.0000,
0,7,0,0,0,0,0,0,0,1,0,0,0,0
1,6,0,0,0,0,0,0,0,1,0,0,0,0
_____________________________________________________
_____________________________________________________
78,0,0.0000,
1,6,0,0,0,0,0,0,0,1,0,0,0,0
1,5,0,0,0,0,0,0,0,1,0,0,0,0
_____________________________________________________
_____________________________________________________
79,8,0.0000,
1,5,0,0,0,0,0,0,0,1,0,0,0,0
0,7,0,0,0,0,0,0,0,0,0,0,0,0
_____________________________________________________
_____________________________________________________
80,0,0.0000,
0,7,0,0,0,0,0,0,0,0,0,0,0,0
1,6,0,0,0,0,0,0,0,0,0,0,1,0
_____________________________________________________
_____________________________________________________
81,11,0.0000,
1,6,0,0,0,0,0,0,0,0,0,0,1,0
0,7,0,0,0,0,0,0,0,0,0,0,0,0
_____________________________________________________
_____________________________________________________
82,0,0.0000,
0,7,0,0,0,0,0,0,0,0,0,0,0,0
1,6,0,0,0,0,0,0,0,1,0,0,0,0
_____________________________________________________
_____________________________________________________
83,8,0.0000,
1,6,0,0,0,0,0,0,0,1,0,0,0,0
1,6,0,0,0,1,0,0,0,0,0,0,1,0
_____________________________________________________
_____________________________________________________
84,11,0.0000,
1,6,0,0,0,1,0,0,0,0,0,0,1,0
0,7,0,0,0,0,0,0,0,0,0,0,1,0
_____________________________________________________
_____________________________________________________
85,0,0.0000,
0,7,0,0,0,0,0,0,0,0,0,0,1,0
1,6,1,0,0,1,0,0,0,0,0,0,1,0
_____________________________________________________
_____________________________________________________
86,11,0.0000,
1,6,1,0,0,1,0,0,0,0,0,0,1,0
0,7,1,0,0,0,0,0,0,0,0,0,0,0
_____________________________________________________
_____________________________________________________
87,0,0.0000,
0,7,1,0,0,0,0,0,0,0,0,0,0,0
1,6,1,0,0,0,0,0,0,0,0,0,1,0
_____________________________________________________
_____________________________________________________
88,11,0.0000,
1,6,1,0,0,0,0,0,0,0,0,0,1,0
0,7,1,0,0,0,0,0,0,0,0,0,0,0
_____________________________________________________
_____________________________________________________
89,0,0.0000,
0,7,1,0,0,0,0,0,0,0,0,0,0,0
1,6,1,0,0,0,0,0,0,0,0,0,0,0
_____________________________________________________
_____________________________________________________
90,1,0.0000,
1,6,1,0,0,0,0,0,0,0,0,0,0,0
0,7,0,0,0,1,0,0,0,0,0,0,1,0
_____________________________________________________
_____________________________________________________
91,0,0.0000,
0,7,0,0,0,1,0,0,0,0,0,0,1,0
0,7,0,0,0,1,0,0,0,0,0,0,1,0
_____________________________________________________
_____________________________________________________
92,0,0.0000,
0,7,0,0,0,1,0,0,0,0,0,0,1,0
1,6,1,0,0,1,0,0,0,0,0,0,1,0
_____________________________________________________
_____________________________________________________
93,11,0.0000,
1,6,1,0,0,1,0,0,0,0,0,0,1,0
0,7,1,0,0,0,0,1,0,0,0,0,0,0
_____________________________________________________
_____________________________________________________
94,0,0.0000,
0,7,1,0,0,0,0,1,0,0,0,0,0,0
0,7,1,0,0,0,0,1,0,0,0,0,1,0
_____________________________________________________
_____________________________________________________
95,0,0.0000,
0,7,1,0,0,0,0,1,0,0,0,0,1,0
0,7,1,0,0,1,0,1,0,0,0,0,1,0
_____________________________________________________
_____________________________________________________
96,0,0.0000,
0,7,1,0,0,1,0,1,0,0,0,0,1,0
1,6,1,0,0,1,0,1,0,0,0,0,1,0
_____________________________________________________
_____________________________________________________
97,11,0.0000,
1,6,1,0,0,1,0,1,0,0,0,0,1,0
0,7,1,1,0,0,0,1,1,0,0,1,0,0
_____________________________________________________
_____________________________________________________
98,0,0.0000,
0,7,1,1,0,0,0,1,1,0,0,1,0,0
1,6,1,1,0,0,0,1,1,0,0,1,0,0
_____________________________________________________
_____________________________________________________
99,7,0.0000,
1,6,1,1,0,0,0,1,1,0,0,1,0,0
0,7,1,1,0,1,0,1,0,0,0,1,0,0
_____________________________________________________
_____________________________________________________
100,0,0.0000,
0,7,1,1,0,1,0,1,0,0,0,1,0,0
0,7,1,1,0,1,0,1,0,0,0,1,0,0
_____________________________________________________
_____________________________________________________
101,0,0.0000,
0,7,1,1,0,1,0,1,0,0,0,1,0,0
1,6,1,1,0,1,0,1,0,0,0,1,0,0
_____________________________________________________
_____________________________________________________
102,6,0.0000,
1,6,1,1,0,1,0,1,0,0,0,1,0,0
0,7,1,1,0,1,0,0,0,1,0,1,0,0
_____________________________________________________
_____________________________________________________
103,0,0.0000,
0,7,1,1,0,1,0,0,0,1,0,1,0,0
0,7,1,1,0,1,0,0,1,1,0,1,0,0
_____________________________________________________
_____________________________________________________
104,0,0.0000,
0,7,1,1,0,1,0,0,1,1,0,1,0,0
1,6,1,1,0,1,0,0,1,1,0,1,0,0
_____________________________________________________
_____________________________________________________
105,7,0.0000,
1,6,1,1,0,1,0,0,1,1,0,1,0,0
1,6,1,1,0,1,0,1,0,1,0,1,0,0
_____________________________________________________
_____________________________________________________
106,6,0.0000,
1,6,1,1,0,1,0,1,0,1,0,1,0,0
0,7,1,1,0,1,0,0,0,1,0,1,0,0
_____________________________________________________
_____________________________________________________
107,0,0.0000,
0,7,1,1,0,1,0,0,0,1,0,1,0,0
1,6,1,1,0,1,0,0,0,1,0,1,0,0
_____________________________________________________
_____________________________________________________
108,2,0.0000,
1,6,1,1,0,1,0,0,0,1,0,1,0,0
1,6,0,0,0,1,0,0,1,1,0,1,0,0
_____________________________________________________
_____________________________________________________
109,7,0.0000,
1,6,0,0,0,1,0,0,1,1,0,1,0,0
0,7,1,1,1,1,0,0,0,1,0,1,0,0
_____________________________________________________
_____________________________________________________
110,0,0.0000,
0,7,1,1,1,1,0,0,0,1,0,1,0,0
1,6,1,1,1,1,0,0,0,1,0,1,0,0
_____________________________________________________
_____________________________________________________
111,2,0.0000,
1,6,1,1,1,1,0,0,0,1,0,1,0,0
0,7,0,1,0,1,1,1,0,0,1,1,1,1
_____________________________________________________
_____________________________________________________
112,0,0.0000,
0,7,0,1,0,1,1,1,0,0,1,1,1,1
1,6,0,1,1,1,1,1,1,0,1,1,1,1
_____________________________________________________
_____________________________________________________
113,11,0.0000,
1,6,0,1,1,1,1,1,1,0,1,1,1,1
1,6,0,1,1,1,1,1,1,0,1,1,1,1
_____________________________________________________
_____________________________________________________
114,5,0.0000,
1,6,0,1,1,1,1,1,1,0,1,1,1,1
0,7,0,1,1,0,0,1,1,0,1,1,1,0
_____________________________________________________
_____________________________________________________
115,0,0.0000,
0,7,0,1,1,0,0,1,1,0,1,1,1,0
1,6,1,1,1,1,1,1,1,0,1,1,1,1
_____________________________________________________
_____________________________________________________
116,2,0.0000,
1,6,1,1,1,1,1,1,1,0,1,1,1,1
0,7,1,0,1,1,1,1,1,0,1,1,1,1
_____________________________________________________
_____________________________________________________
117,0,0.0000,
0,7,1,0,1,1,1,1,1,0,1,1,1,1
1,6,1,0,1,1,1,1,1,0,1,1,1,1
_____________________________________________________
_____________________________________________________
118,5,0.0000,
1,6,1,0,1,1,1,1,1,0,1,1,1,1
0,7,1,0,1,0,1,1,1,1,1,1,1,1
_____________________________________________________
_____________________________________________________
119,0,0.0000,
0,7,1,0,1,0,1,1,1,1,1,1,1,1
1,6,1,0,1,1,1,1,1,1,1,1,1,1
_____________________________________________________
_____________________________________________________
120,5,0.0000,
1,6,1,0,1,1,1,1,1,1,1,1,1,1
1,6,1,0,1,0,1,1,1,1,1,1,1,1
_____________________________________________________
_____________________________________________________
121,5,0.0000,
1,6,1,0,1,0,1,1,1,1,1,1,1,1
1,6,1,0,1,0,0,1,1,1,1,1,1,0
_____________________________________________________
_____________________________________________________
122,11,0.0000,
1,6,1,0,1,0,0,1,1,1,1,1,1,0
1,6,1,0,0,0,0,1,1,1,1,1,1,0
_____________________________________________________
_____________________________________________________
123,11,0.0000,
1,6,1,0,0,0,0,1,1,1,1,1,1,0
0,7,1,0,0,1,1,1,0,1,0,1,1,1
_____________________________________________________
_____________________________________________________
124,0,0.0000,
0,7,1,0,0,1,1,1,0,1,0,1,1,1
0,7,1,0,1,1,1,1,1,1,1,1,1,1
_____________________________________________________
_____________________________________________________
125,0,0.0000,
0,7,1,0,1,1,1,1,1,1,1,1,1,1
0,7,0,1,1,0,0,0,1,0,1,0,1,1
_____________________________________________________
_____________________________________________________
126,0,0.0000,
0,7,0,1,1,0,0,0,1,0,1,0,1,1
1,6,0,1,1,0,0,0,1,0,1,0,1,1
_____________________________________________________
_____________________________________________________
127,11,0.0000,
1,6,0,1,1,0,0,0,1,0,1,0,1,1
1,6,0,1,1,0,0,0,1,0,1,0,1,1
_____________________________________________________
_____________________________________________________
128,11,0.0000,
1,6,0,1,1,0,0,0,1,0,1,0,1,1
1,6,0,1,1,0,0,0,1,0,0,0,0,1
_____________________________________________________
_____________________________________________________
129,7,0.0000,
1,6,0,1,1,0,0,0,1,0,0,0,0,1
0,7,0,1,1,0,0,0,0,0,0,0,0,0
_____________________________________________________
_____________________________________________________
130,0,0.0000,
0,7,0,1,1,0,0,0,0,0,0,0,0,0
1,6,0,1,1,0,0,0,0,0,1,0,1,0
_____________________________________________________
_____________________________________________________
131,11,0.0000,
1,6,0,1,1,0,0,0,0,0,1,0,1,0
1,6,0,1,1,0,0,0,0,0,0,0,0,0
_____________________________________________________
_____________________________________________________
132,2,0.0000,
1,6,0,1,1,0,0,0,0,0,0,0,0,0
0,7,0,0,1,0,0,0,0,0,0,0,0,0
_____________________________________________________
_____________________________________________________
133,0,0.0000,
0,7,0,0,1,0,0,0,0,0,0,0,0,0
0,7,0,0,1,0,0,0,0,0,1,0,1,0
_____________________________________________________
_____________________________________________________
134,0,0.0000,
0,7,0,0,1,0,0,0,0,0,1,0,1,0
1,6,0,0,1,0,0,0,0,0,1,0,1,0
_____________________________________________________
_____________________________________________________
135,11,0.0000,
1,6,0,0,1,0,0,0,0,0,1,0,1,0
0,7,0,0,1,0,0,0,0,0,1,0,1,0
_____________________________________________________
_____________________________________________________
136,0,0.0000,
0,7,0,0,1,0,0,0,0,0,1,0,1,0
0,7,0,0,1,0,0,0,0,0,1,0,1,0
_____________________________________________________
_____________________________________________________
137,0,0.0000,
0,7,0,0,1,0,0,0,0,0,1,0,1,0
1,6,0,0,1,0,0,0,0,0,1,0,1,0
_____________________________________________________
_____________________________________________________
138,11,0.0000,
1,6,0,0,1,0,0,0,0,0,1,0,1,0
0,7,0,0,1,0,0,0,0,0,0,0,0,0
_____________________________________________________
_____________________________________________________
139,0,0.0000,
0,7,0,0,1,0,0,0,0,0,0,0,0,0
0,7,0,0,0,0,0,0,0,0,0,0,0,0
_____________________________________________________
