_____________________________________________________
0,0,0.0000,
0,7,1,1,1,0,1,1,1,0,1,0,1,1
0,7,1,1,1,0,1,1,1,0,1,0,1,1
_____________________________________________________
_____________________________________________________
1,0,0.0000,
0,7,1,1,1,0,1,1,1,0,1,0,1,1
1,6,1,1,1,0,1,1,1,0,1,0,1,1
_____________________________________________________
_____________________________________________________
2,2,0.0000,
1,6,1,1,1,0,1,1,1,0,1,0,1,1
1,6,0,0,1,0,0,1,0,0,1,0,1,1
_____________________________________________________
_____________________________________________________
3,11,0.0000,
1,6,0,0,1,0,0,1,0,0,1,0,1,1
0,7,0,0,1,0,0,1,0,0,1,0,0,1
_____________________________________________________
_____________________________________________________
4,0,0.0000,
0,7,0,0,1,0,0,1,0,0,1,0,0,1
0,7,0,0,1,0,0,1,1,0,1,0,0,1
_____________________________________________________
_____________________________________________________
5,0,0.0000,
0,7,0,0,1,0,0,1,1,0,1,0,0,1
0,7,1,1,1,0,1,1,1,0,1,0,0,1
_____________________________________________________
_____________________________________________________
6,0,0.0000,
0,7,1,1,1,0,1,1,1,0,1,0,0,1
1,6,1,1,1,0,1,1,1,1,1,0,0,1
_____________________________________________________
_____________________________________________________
7,5,0.0000,
1,6,1,1,1,0,1,1,1,1,1,0,0,1
1,6,1,1,1,1,1,1,1,1,1,0,0,1
_____________________________________________________
_____________________________________________________
8,5,0.0000,
1,6,1,1,1,1,1,1,1,1,1,0,0,1
0,7,0,0,1,1,0,1,0,1,1,0,0,1
_____________________________________________________
_____________________________________________________
9,0,0.0000,
0,7,0,0,1,1,0,1,0,1,1,0,0,1
0,7,0,0,1,1,0,1,0,1,1,0,0,1
_____________________________________________________
_____________________________________________________
10,0,0.0000,
0,7,0,0,1,1,0,1,0,1,1,0,0,1
1,6,0,0,1,1,0,1,0,1,1,0,0,1
_____________________________________________________
_____________________________________________________
11,6,0.0000,
1,6,0,0,1,1,0,1,0,1,1,0,0,1
1,6,0,0,1,1,0,0,0,1,1,0,0,1
_____________________________________________________
_____________________________________________________
12,12,0.0000,
1,6,0,0,1,1,0,0,0,1,1,0,0,1
0,7,0,0,0,1,1,0,1,1,1,0,0,0
_____________________________________________________
_____________________________________________________
13,0,0.0000,
0,7,0,0,0,1,1,0,1,1,1,0,0,0
1,6,1,1,1,0,0,1,1,1,1,1,1,1
_____________________________________________________
_____________________________________________________
14,11,0.0000,
1,6,1,1,1,0,0,1,1,1,1,1,1,1
1,6,1,1,1,0,0,0,1,1,1,1,0,1
_____________________________________________________
_____________________________________________________
15,7,0.0000,
1,6,1,1,1,0,0,0,1,1,1,1,0,1
0,7,1,1,1,0,0,0,0,1,0,1,1,1
_____________________________________________________
_____________________________________________________
16,0,0.0000,
0,7,1,1,1,0,0,0,0,1,0,1,1,1
0,7,1,1,0,0,0,1,0,1,0,1,1,1
_____________________________________________________
_____________________________________________________
17,0,0.0000,
0,7,1,1,0,0,0,1,0,1,0,1,1,1
1,6,1,1,0,0,0,1,0,1,0,1,1,1
_____________________________________________________
_____________________________________________________
18,11,0.0000,
1,6,1,1,0,0,0,1,0,1,0,1,1,1
0,7,1,1,0,0,0,0,0,1,0,1,0,1
_____________________________________________________
_____________________________________________________
19,0,0.0000,
0,7,1,1,0,0,0,0,0,1,0,1,0,1
0,7,1,1,0,0,1,0,0,1,0,1,0,1
_____________________________________________________
_____________________________________________________
20,0,0.0000,
0,7,1,1,0,0,1,0,0,1,0,1,0,1
1,6,1,1,0,0,1,1,0,1,0,1,1,1
_____________________________________________________
_____________________________________________________
21,11,0.0000,
1,6,1,1,0,0,1,1,0,1,0,1,1,1
0,7,1,1,0,0,1,0,0,1,0,1,0,0
_____________________________________________________
_____________________________________________________
22,0,0.0000,
0,7,1,1,0,0,1,0,0,1,0,1,0,0
1,6,1,0,0,0,1,0,0,1,0,0,1,0
_____________________________________________________
_____________________________________________________
23,11,0.0000,
1,6,1,0,0,0,1,0,0,1,0,0,1,0
0,7,1,0,0,0,1,0,0,1,0,0,0,0
_____________________________________________________
_____________________________________________________
24,0,0.0000,
0,7,1,0,0,0,1,0,0,1,0,0,0,0
1,6,1,0,0,0,1,0,0,1,1,0,0,0
_____________________________________________________
_____________________________________________________
25,5,0.0000,
1,6,1,0,0,0,1,0,0,1,1,0,0,0
1,6,1,1,1,0,0,1,0,1,1,1,1,1
_____________________________________________________
_____________________________________________________
26,11,0.0000,
1,6,1,1,1,0,0,1,0,1,1,1,1,1
1,6,1,1,1,0,0,0,0,1,1,1,0,1
_____________________________________________________
_____________________________________________________
27,2,0.0000,
1,6,1,1,1,0,0,0,0,1,1,1,0,1
0,7,0,1,1,0,1,0,0,1,1,0,0,0
_____________________________________________________
_____________________________________________________
28,0,0.0000,
0,7,0,1,1,0,1,0,0,1,1,0,0,0
1,6,0,1,1,0,1,0,1,1,1,0,0,0
_____________________________________________________
_____________________________________________________
29,5,0.0000,
1,6,0,1,1,0,1,0,1,1,1,0,0,0
1,6,0,1,1,0,0,0,1,1,1,0,0,0
_____________________________________________________
_____________________________________________________
30,7,0.0000,
1,6,0,1,1,0,0,0,1,1,1,0,0,0
1,6,0,1,1,0,0,0,0,1,1,0,0,0
_____________________________________________________
_____________________________________________________
31,9,0.0000,
1,6,0,1,1,0,0,0,0,1,1,0,0,0
0,7,0,1,0,0,0,0,0,0,0,0,0,0
_____________________________________________________
_____________________________________________________
32,0,0.0000,
0,7,0,1,0,0,0,0,0,0,0,0,0,0
0,7,0,1,0,0,1,0,0,0,0,0,0,0
_____________________________________________________
_____________________________________________________
33,0,0.0000,
0,7,0,1,0,0,1,0,0,0,0,0,0,0
1,6,0,1,0,0,1,0,0,1,1,0,0,0
_____________________________________________________
_____________________________________________________
34,5,0.0000,
1,6,0,1,0,0,1,0,0,1,1,0,0,0
0,7,0,1,1,0,0,0,0,1,1,0,0,0
_____________________________________________________
_____________________________________________________
35,0,0.0000,
0,7,0,1,1,0,0,0,0,1,1,0,0,0
0,7,0,1,1,0,0,0,0,1,1,0,0,0
_____________________________________________________
_____________________________________________________
36,0,0.0000,
0,7,0,1,1,0,0,0,0,1,1,0,0,0
0,7,0,1,1,0,0,0,1,1,1,0,0,0
_____________________________________________________
_____________________________________________________
37,0,0.0000,
0,7,0,1,1,0,0,0,1,1,1,0,0,0
1,6,1,1,1,0,0,0,1,1,1,0,0,0
_____________________________________________________
_____________________________________________________
38,7,0.0000,
1,6,1,1,1,0,0,0,1,1,1,0,0,0
1,6,1,1,1,1,0,0,0,1,1,0,0,0
_____________________________________________________
_____________________________________________________
39,9,0.0000,
1,6,1,1,1,1,0,0,0,1,1,0,0,0
0,7,1,1,0,1,0,0,0,0,0,0,0,0
_____________________________________________________
_____________________________________________________
40,0,0.0000,
0,7,1,1,0,1,0,0,0,0,0,0,0,0
1,6,1,1,0,1,0,0,0,1,1,0,0,0
_____________________________________________________
_____________________________________________________
41,9,0.0000,
1,6,1,1,0,1,0,0,0,1,1,0,0,0
0,7,0,0,1,0,0,0,0,0,1,1,1,1
_____________________________________________________
_____________________________________________________
42,0,0.0000,
0,7,0,0,1,0,0,0,0,0,1,1,1,1
0,7,0,0,1,0,1,0,1,0,1,1,1,1
_____________________________________________________
_____________________________________________________
43,0,0.0000,
0,7,0,0,1,0,1,0,1,0,1,1,1,1
0,7,1,0,1,0,1,0,1,0,1,1,1,1
_____________________________________________________
_____________________________________________________
44,0,0.0000,
0,7,1,0,1,0,1,0,1,0,1,1,1,1
0,7,1,0,1,0,1,0,1,0,1,1,1,1
_____________________________________________________
_____________________________________________________
45,0,0.0000,
0,7,1,0,1,0,1,0,1,0,1,1,1,1
1,6,1,0,1,0,1,0,1,0,1,1,1,1
_____________________________________________________
_____________________________________________________
46,11,0.0000,
1,6,1,0,1,0,1,0,1,0,1,1,1,1
0,7,1,0,1,0,1,0,1,0,1,1,0,1
_____________________________________________________
_____________________________________________________
47,0,0.0000,
0,7,1,0,1,0,1,0,1,0,1,1,0,1
0,7,1,0,1,0,1,0,1,0,1,1,0,1
_____________________________________________________
_____________________________________________________
48,0,0.0000,
0,7,1,0,1,0,1,0,1,0,1,1,0,1
0,7,1,0,1,0,1,0,1,1,1,1,0,1
_____________________________________________________
_____________________________________________________
49,0,0.0000,
0,7,1,0,1,0,1,0,1,1,1,1,0,1
1,6,1,0,0,0,1,0,1,1,1,1,0,1
_____________________________________________________
_____________________________________________________
50,5,0.0000,
1,6,1,0,0,0,1,0,1,1,1,1,0,1
1,6,1,0,0,0,0,0,0,1,0,1,0,1
_____________________________________________________
_____________________________________________________
51,12,0.0000,
1,6,1,0,0,0,0,0,0,1,0,1,0,1
1,6,1,0,0,1,0,0,0,1,0,1,0,0
_____________________________________________________
_____________________________________________________
52,10,0.0000,
1,6,1,0,0,1,0,0,0,1,0,1,0,0
0,7,1,0,0,1,0,0,0,1,0,1,0,0
_____________________________________________________
_____________________________________________________
53,0,0.0000,
0,7,1,0,0,1,0,0,0,1,0,1,0,0
0,7,1,0,1,1,0,0,0,1,0,1,0,0
_____________________________________________________
_____________________________________________________
54,0,0.0000,
0,7,1,0,1,1,0,0,0,1,0,1,0,0
1,6,1,0,1,1,0,1,0,1,0,1,0,0
_____________________________________________________
_____________________________________________________
55,6,0.0000,
1,6,1,0,1,1,0,1,0,1,0,1,0,0
1,6,0,0,1,1,1,0,0,0,0,1,1,1
_____________________________________________________
_____________________________________________________
56,11,0.0000,
1,6,0,0,1,1,1,0,0,0,0,1,1,1
1,6,0,0,1,0,1,0,0,0,0,1,0,1
_____________________________________________________
_____________________________________________________
57,5,0.0000,
1,6,0,0,1,0,1,0,0,0,0,1,0,1
0,7,0,0,0,0,0,1,1,1,1,1,0,1
_____________________________________________________
_____________________________________________________
58,0,0.0000,
0,7,0,0,0,0,0,1,1,1,1,1,0,1
1,6,0,0,0,0,1,1,1,1,1,1,1,1
_____________________________________________________
_____________________________________________________
59,5,0.0000,
1,6,0,0,0,0,1,1,1,1,1,1,1,1
1,6,1,1,0,1,0,1,1,1,1,1,1,1
_____________________________________________________
_____________________________________________________
60,11,0.0000,
1,6,1,1,0,1,0,1,1,1,1,1,1,1
0,7,1,1,0,0,0,1,1,1,1,1,0,1
_____________________________________________________
_____________________________________________________
61,0,0.0000,
0,7,1,1,0,0,0,1,1,1,1,1,0,1
1,6,1,1,0,0,0,1,1,1,1,1,0,1
_____________________________________________________
_____________________________________________________
62,7,0.0000,
1,6,1,1,0,0,0,1,1,1,1,1,0,1
1,6,1,1,0,0,0,0,0,0,0,1,0,1
_____________________________________________________
_____________________________________________________
63,12,0.0000,
1,6,1,1,0,0,0,0,0,0,0,1,0,1
0,7,1,1,0,0,0,0,0,0,0,1,0,0
_____________________________________________________
_____________________________________________________
64,0,0.0000,
0,7,1,1,0,0,0,0,0,0,0,1,0,0
0,7,1,1,0,0,1,0,0,1,1,1,0,0
_____________________________________________________
_____________________________________________________
65,0,0.0000,
0,7,1,1,0,0,1,0,0,1,1,1,0,0
1,6,1,1,1,0,1,1,1,1,1,1,0,0
_____________________________________________________
_____________________________________________________
66,5,0.0000,
1,6,1,1,1,0,1,1,1,1,1,1,0,0
0,7,1,1,0,0,0,1,1,1,1,1,0,0
_____________________________________________________
_____________________________________________________
67,0,0.0000,
0,7,1,1,0,0,0,1,1,1,1,1,0,0
0,7,1,1,0,0,0,0,0,0,0,1,0,1
_____________________________________________________
_____________________________________________________
68,0,0.0000,
0,7,1,1,0,0,0,0,0,0,0,1,0,1
0,7,1,1,0,0,0,0,0,0,0,1,0,1
_____________________________________________________
_____________________________________________________
69,0,0.0000,
0,7,1,1,0,0,0,0,0,0,0,1,0,1
0,7,0,1,0,1,0,1,0,1,1,0,0,1
_____________________________________________________
_____________________________________________________
70,0,0.0000,
0,7,0,1,0,1,0,1,0,1,1,0,0,1
0,7,0,1,0,1,0,1,0,1,1,0,0,1
_____________________________________________________
_____________________________________________________
71,0,0.0000,
0,7,0,1,0,1,0,1,0,1,1,0,0,1
0,7,0,1,0,1,0,1,0,1,1,0,0,1
_____________________________________________________
_____________________________________________________
72,0,0.0000,
0,7,0,1,0,1,0,1,0,1,1,0,0,1
0,7,0,1,0,1,0,1,0,1,1,0,0,1
_____________________________________________________
_____________________________________________________
73,0,0.0000,
0,7,0,1,0,1,0,1,0,1,1,0,0,1
0,7,0,1,0,1,0,1,0,1,1,0,0,1
_____________________________________________________
_____________________________________________________
74,0,0.0000,
0,7,0,1,0,1,0,1,0,1,1,0,0,1
0,7,0,1,0,1,0,1,0,1,1,0,0,1
_____________________________________________________
_____________________________________________________
75,0,0.0000,
0,7,0,1,0,1,0,1,0,1,1,0,0,1
0,7,0,1,0,1,0,1,0,1,1,0,0,1
_____________________________________________________
_____________________________________________________
76,0,0.0000,
0,7,0,1,0,1,0,1,0,1,1,0,0,1
0,7,0,1,0,1,0,1,0,1,1,0,0,1
_____________________________________________________
_____________________________________________________
77,0,0.0000,
0,7,0,1,0,1,0,1,0,1,1,0,0,1
0,7,0,1,0,1,0,1,1,1,1,0,1,1
_____________________________________________________
_____________________________________________________
78,0,0.0000,
0,7,0,1,0,1,0,1,1,1,1,0,1,1
1,6,0,1,0,1,0,1,1,1,1,0,1,1
_____________________________________________________
_____________________________________________________
79,11,0.0000,
1,6,0,1,0,1,0,1,1,1,1,0,1,1
1,6,0,1,1,1,0,1,0,1,1,0,0,1
_____________________________________________________
_____________________________________________________
80,6,0.0000,
1,6,0,1,1,1,0,1,0,1,1,0,0,1
0,7,0,0,1,0,0,0,0,1,1,0,0,1
_____________________________________________________
_____________________________________________________
81,0,0.0000,
0,7,0,0,1,0,0,0,0,1,1,0,0,1
1,6,0,0,1,0,0,1,0,1,1,0,0,1
_____________________________________________________
_____________________________________________________
82,6,0.0000,
1,6,0,0,1,0,0,1,0,1,1,0,0,1
0,7,0,0,1,0,1,0,0,1,1,0,0,1
_____________________________________________________
_____________________________________________________
83,0,0.0000,
0,7,0,0,1,0,1,0,0,1,1,0,0,1
1,6,1,1,1,0,1,1,1,0,0,0,1,1
_____________________________________________________
_____________________________________________________
84,11,0.0000,
1,6,1,1,1,0,1,1,1,0,0,0,1,1
0,7,1,0,1,0,1,1,1,1,0,0,0,1
_____________________________________________________
_____________________________________________________
85,0,0.0000,
0,7,1,0,1,0,1,1,1,1,0,0,0,1
0,7,1,0,1,0,1,1,1,1,0,0,0,1
_____________________________________________________
_____________________________________________________
86,0,0.0000,
0,7,1,0,1,0,1,1,1,1,0,0,0,1
0,7,1,0,1,0,1,1,1,1,0,0,0,1
_____________________________________________________
_____________________________________________________
87,0,0.0000,
0,7,1,0,1,0,1,1,1,1,0,0,0,1
1,6,1,0,1,0,1,1,1,1,0,1,0,1
_____________________________________________________
_____________________________________________________
88,5,0.0000,
1,6,1,0,1,0,1,1,1,1,0,1,0,1
0,7,1,0,0,1,0,1,1,1,0,1,0,1
_____________________________________________________
_____________________________________________________
89,0,0.0000,
0,7,1,0,0,1,0,1,1,1,0,1,0,1
1,6,1,0,0,1,0,1,1,1,0,1,0,1
_____________________________________________________
_____________________________________________________
90,7,0.0000,
1,6,1,0,0,1,0,1,1,1,0,1,0,1
1,6,1,0,0,1,0,1,0,1,0,1,0,1
_____________________________________________________
_____________________________________________________
91,6,0.0000,
1,6,1,0,0,1,0,1,0,1,0,1,0,1
0,7,0,1,0,1,0,0,0,1,0,1,1,1
_____________________________________________________
_____________________________________________________
92,0,0.0000,
0,7,0,1,0,1,0,0,0,1,0,1,1,1
1,6,0,1,0,1,0,0,0,1,0,1,1,1
_____________________________________________________
_____________________________________________________
93,11,0.0000,
1,6,0,1,0,1,0,0,0,1,0,1,1,1
0,7,0,0,0,1,0,0,0,1,0,1,0,1
_____________________________________________________
_____________________________________________________
94,0,0.0000,
0,7,0,0,0,1,0,0,0,1,0,1,0,1
1,6,1,1,0,1,0,1,0,1,0,1,1,1
_____________________________________________________
_____________________________________________________
95,11,0.0000,
1,6,1,1,0,1,0,1,0,1,0,1,1,1
1,6,1,0,0,1,0,1,0,1,0,1,0,1
_____________________________________________________
_____________________________________________________
96,6,0.0000,
1,6,1,0,0,1,0,1,0,1,0,1,0,1
0,7,0,0,0,1,0,0,0,1,0,1,0,1
_____________________________________________________
_____________________________________________________
97,0,0.0000,
0,7,0,0,0,1,0,0,0,1,0,1,0,1
0,7,1,1,1,1,1,1,0,0,1,0,0,1
_____________________________________________________
_____________________________________________________
98,0,0.0000,
0,7,1,1,1,1,1,1,0,0,1,0,0,1
0,7,1,1,1,1,1,1,1,0,1,0,0,1
_____________________________________________________
_____________________________________________________
99,0,0.0000,
0,7,1,1,1,1,1,1,1,0,1,0,0,1
1,6,1,1,1,1,1,1,1,0,1,0,0,1
_____________________________________________________
_____________________________________________________
100,5,0.0000,
1,6,1,1,1,1,1,1,1,0,1,0,0,1
1,6,1,1,1,1,0,1,1,0,1,0,0,1
_____________________________________________________
_____________________________________________________
101,7,0.0000,
1,6,1,1,1,1,0,1,1,0,1,0,0,1
0,7,1,1,1,1,0,1,0,0,1,0,0,1
_____________________________________________________
_____________________________________________________
102,0,0.0000,
0,7,1,1,1,1,0,1,0,0,1,0,0,1
0,7,1,1,1,1,0,1,0,0,1,0,0,1
_____________________________________________________
_____________________________________________________
103,0,0.0000,
0,7,1,1,1,1,0,1,0,0,1,0,0,1
0,7,1,1,1,1,0,1,0,0,1,0,0,1
_____________________________________________________
_____________________________________________________
104,0,0.0000,
0,7,1,1,1,1,0,1,0,0,1,0,0,1
1,6,1,1,1,1,0,1,0,0,1,0,1,1
_____________________________________________________
_____________________________________________________
105,11,0.0000,
1,6,1,1,1,1,0,1,0,0,1,0,1,1
1,6,1,1,1,1,0,1,0,0,1,0,0,1
_____________________________________________________
_____________________________________________________
106,9,0.0000,
1,6,1,1,1,1,0,1,0,0,1,0,0,1
0,7,1,1,1,1,0,0,0,0,0,0,0,0
_____________________________________________________
_____________________________________________________
107,0,0.0000,
0,7,1,1,1,1,0,0,0,0,0,0,0,0
0,7,1,1,1,1,0,0,0,0,0,0,0,0
_____________________________________________________
_____________________________________________________
108,0,0.0000,
0,7,1,1,1,1,0,0,0,0,0,0,0,0
0,7,1,1,1,1,0,0,0,1,0,0,0,0
_____________________________________________________
_____________________________________________________
109,0,0.0000,
0,7,1,1,1,1,0,0,0,1,0,0,0,0
0,7,1,1,1,1,0,0,0,1,0,0,0,0
_____________________________________________________
_____________________________________________________
110,0,0.0000,
0,7,1,1,1,1,0,0,0,1,0,0,0,0
1,6,1,1,1,1,0,0,0,1,0,1,0,0
_____________________________________________________
_____________________________________________________
111,2,0.0000,
1,6,1,1,1,1,0,0,0,1,0,1,0,0
0,7,0,1,1,0,0,0,0,1,0,0,0,1
_____________________________________________________
_____________________________________________________
112,0,0.0000,
0,7,0,1,1,0,0,0,0,1,0,0,0,1
0,7,0,1,1,0,0,0,0,1,0,0,0,1
_____________________________________________________
_____________________________________________________
113,0,0.0000,
0,7,0,1,1,0,0,0,0,1,0,0,0,1
0,7,0,1,1,0,0,0,0,1,0,0,0,0
_____________________________________________________
_____________________________________________________
114,0,0.0000,
0,7,0,1,1,0,0,0,0,1,0,0,0,0
0,7,0,1,1,0,0,0,0,0,0,0,0,0
_____________________________________________________
_____________________________________________________
115,0,0.0000,
0,7,0,1,1,0,0,0,0,0,0,0,0,0
1,6,0,1,1,0,1,0,0,0,0,0,0,0
_____________________________________________________
_____________________________________________________
116,5,0.0000,
1,6,0,1,1,0,1,0,0,0,0,0,0,0
0,7,0,1,1,0,0,0,0,0,0,0,0,0
_____________________________________________________
_____________________________________________________
117,0,0.0000,
0,7,0,1,1,0,0,0,0,0,0,0,0,0
0,7,0,1,1,1,0,0,0,0,1,1,0,0
_____________________________________________________
_____________________________________________________
118,0,0.0000,
0,7,0,1,1,1,0,0,0,0,1,1,0,0
0,7,0,1,1,1,0,0,0,0,1,1,0,1
_____________________________________________________
_____________________________________________________
119,0,0.0000,
0,7,0,1,1,1,0,0,0,0,1,1,0,1
0,7,0,1,1,1,0,0,0,1,1,1,0,1
_____________________________________________________
_____________________________________________________
120,0,0.0000,
0,7,0,1,1,1,0,0,0,1,1,1,0,1
0,7,0,1,1,1,0,0,0,1,1,1,0,0
_____________________________________________________
_____________________________________________________
121,0,0.0000,
0,7,0,1,1,1,0,0,0,1,1,1,0,0
0,7,0,1,1,1,0,1,0,0,1,1,0,0
_____________________________________________________
_____________________________________________________
122,0,0.0000,
0,7,0,1,1,1,0,1,0,0,1,1,0,0
0,7,0,1,1,1,0,1,0,0,1,1,1,0
_____________________________________________________
_____________________________________________________
123,0,0.0000,
0,7,0,1,1,1,0,1,0,0,1,1,1,0
1,6,0,1,1,1,0,1,1,1,1,1,1,1
_____________________________________________________
_____________________________________________________
124,11,0.0000,
1,6,0,1,1,1,0,1,1,1,1,1,1,1
0,7,1,1,1,1,0,1,1,1,1,1,0,1
_____________________________________________________
_____________________________________________________
125,0,0.0000,
0,7,1,1,1,1,0,1,1,1,1,1,0,1
0,7,1,0,1,1,1,1,1,1,1,1,1,0
_____________________________________________________
_____________________________________________________
126,0,0.0000,
0,7,1,0,1,1,1,1,1,1,1,1,1,0
0,7,1,1,1,1,1,1,1,1,1,1,1,0
_____________________________________________________
_____________________________________________________
127,0,0.0000,
0,7,1,1,1,1,1,1,1,1,1,1,1,0
0,7,1,1,1,1,1,1,1,1,1,1,1,0
_____________________________________________________
_____________________________________________________
128,0,0.0000,
0,7,1,1,1,1,1,1,1,1,1,1,1,0
1,6,1,1,1,1,1,1,1,1,1,1,1,0
_____________________________________________________
_____________________________________________________
129,2,0.0000,
1,6,1,1,1,1,1,1,1,1,1,1,1,0
0,7,1,0,1,1,1,1,1,0,1,0,1,0
_____________________________________________________
_____________________________________________________
130,0,0.0000,
0,7,1,0,1,1,1,1,1,0,1,0,1,0
0,7,1,0,1,1,1,1,1,0,1,0,1,0
_____________________________________________________
_____________________________________________________
131,0,0.0000,
0,7,1,0,1,1,1,1,1,0,1,0,1,0
1,6,1,0,1,1,1,1,1,0,1,0,1,0
_____________________________________________________
_____________________________________________________
132,5,0.0000,
1,6,1,0,1,1,1,1,1,0,1,0,1,0
1,6,0,0,0,0,0,0,1,0,0,0,0,0
_____________________________________________________
_____________________________________________________
133,7,0.0000,
1,6,0,0,0,0,0,0,1,0,0,0,0,0
0,7,0,0,0,0,0,0,0,0,0,0,0,0
_____________________________________________________
_____________________________________________________
134,0,0.0000,
0,7,0,0,0,0,0,0,0,0,0,0,0,0
0,7,0,0,0,0,0,0,1,0,0,0,0,0
_____________________________________________________
_____________________________________________________
135,0,0.0000,
0,7,0,0,0,0,0,0,1,0,0,0,0,0
0,7,0,0,0,0,0,0,1,0,0,0,0,0
_____________________________________________________
_____________________________________________________
136,0,0.0000,
0,7,0,0,0,0,0,0,1,0,0,0,0,0
1,6,0,0,0,0,0,0,1,0,0,0,0,0
_____________________________________________________
_____________________________________________________
137,7,0.0000,
1,6,0,0,0,0,0,0,1,0,0,0,0,0
1,6,0,0,0,1,0,1,0,0,0,0,1,0
_____________________________________________________
_____________________________________________________
138,11,0.0000,
1,6,0,0,0,1,0,1,0,0,0,0,1,0
0,7,0,0,0,0,0,0,0,0,0,0,0,0
_____________________________________________________
_____________________________________________________
139,0,0.0000,
0,7,0,0,0,0,0,0,0,0,0,0,0,0
0,7,0,0,0,0,0,0,0,0,0,0,0,0
_____________________________________________________
