_____________________________________________________
0,11,0.0000,
3,4,1,0,1,1,0,1,1,0,1,1,1,1
2,4,0,0,1,1,0,1,1,0,1,1,0,1
_____________________________________________________
_____________________________________________________
1,7,0.0000,
2,4,0,0,1,1,0,1,1,0,1,1,0,1
2,4,0,0,1,1,0,0,0,0,1,1,0,1
_____________________________________________________
_____________________________________________________
2,12,0.0000,
2,4,0,0,1,1,0,0,0,0,1,1,0,1
2,5,0,0,1,1,0,0,0,0,1,1,0,0
_____________________________________________________
_____________________________________________________
3,9,0.0000,
2,5,0,0,1,1,0,0,0,0,1,1,0,0
1,5,0,0,0,1,0,0,0,0,0,1,0,0
_____________________________________________________
_____________________________________________________
4,10,0.0000,
1,5,0,0,0,1,0,0,0,0,0,1,0,0
1,6,0,0,0,1,0,0,0,1,0,0,0,0
_____________________________________________________
_____________________________________________________
5,8,0.0000,
1,6,0,0,0,1,0,0,0,1,0,0,0,0
0,7,0,0,0,1,0,0,0,0,0,0,1,0
_____________________________________________________
_____________________________________________________
6,0,0.0000,
0,7,0,0,0,1,0,0,0,0,0,0,1,0
0,7,1,0,0,1,0,0,0,0,0,0,1,0
_____________________________________________________
_____________________________________________________
7,0,0.0000,
0,7,1,0,0,1,0,0,0,0,0,0,1,0
1,6,1,0,1,1,0,0,0,0,1,0,1,0
_____________________________________________________
_____________________________________________________
8,11,0.0000,
1,6,1,0,1,1,0,0,0,0,1,0,1,0
0,7,0,0,1,1,0,0,0,0,1,0,1,0
_____________________________________________________
_____________________________________________________
9,0,0.0000,
0,7,0,0,1,1,0,0,0,0,1,0,1,0
1,6,1,0,1,1,0,0,0,0,1,0,1,0
_____________________________________________________
_____________________________________________________
10,11,0.0000,
1,6,1,0,1,1,0,0,0,0,1,0,1,0
1,6,0,0,1,1,0,0,0,0,1,0,0,0
_____________________________________________________
_____________________________________________________
11,9,0.0000,
1,6,0,0,1,1,0,0,0,0,1,0,0,0
0,7,0,1,0,1,1,0,0,1,0,0,1,0
_____________________________________________________
_____________________________________________________
12,0,0.0000,
0,7,0,1,0,1,1,0,0,1,0,0,1,0
1,6,1,1,0,1,1,0,0,1,0,1,1,0
_____________________________________________________
_____________________________________________________
13,11,0.0000,
1,6,1,1,0,1,1,0,0,1,0,1,1,0
0,7,0,1,1,0,0,0,0,0,1,0,0,0
_____________________________________________________
_____________________________________________________
14,0,0.0000,
0,7,0,1,1,0,0,0,0,0,1,0,0,0
0,7,0,1,1,0,0,0,0,0,1,0,0,0
_____________________________________________________
_____________________________________________________
15,0,0.0000,
0,7,0,1,1,0,0,0,0,0,1,0,0,0
0,7,0,1,1,0,0,0,0,0,1,0,0,0
_____________________________________________________
_____________________________________________________
16,0,0.0000,
0,7,0,1,1,0,0,0,0,0,1,0,0,0
1,6,0,0,1,0,0,0,0,0,1,0,0,0
_____________________________________________________
_____________________________________________________
17,9,0.0000,
1,6,0,0,1,0,0,0,0,0,1,0,0,0
1,6,0,0,1,0,0,0,0,0,0,0,0,1
_____________________________________________________
_____________________________________________________
18,12,0.0000,
1,6,0,0,1,0,0,0,0,0,0,0,0,1
0,7,0,0,1,0,0,0,0,0,0,0,0,0
_____________________________________________________
_____________________________________________________
19,0,0.0000,
0,7,0,0,1,0,0,0,0,0,0,0,0,0
0,7,0,0,1,0,0,0,0,0,0,0,0,0
_____________________________________________________
_____________________________________________________
20,0,0.0000,
0,7,0,0,1,0,0,0,0,0,0,0,0,0
0,7,0,0,1,0,0,0,0,0,0,0,0,0
_____________________________________________________
_____________________________________________________
21,0,0.0000,
0,7,0,0,1,0,0,0,0,0,0,0,0,0
0,7,0,0,1,0,0,0,0,0,0,0,0,0
_____________________________________________________
_____________________________________________________
22,0,0.0000,
0,7,0,0,1,0,0,0,0,0,0,0,0,0
1,6,0,0,1,0,0,0,0,0,0,0,0,0
_____________________________________________________
_____________________________________________________
23,3,0.0000,
1,6,0,0,1,0,0,0,0,0,0,0,0,0
0,7,0,0,0,0,0,0,0,0,0,0,0,0
_____________________________________________________
_____________________________________________________
24,0,0.0000,
0,7,0,0,0,0,0,0,0,0,0,0,0,0
0,7,0,0,0,0,0,0,0,0,1,0,0,0
_____________________________________________________
_____________________________________________________
25,0,0.0000,
0,7,0,0,0,0,0,0,0,0,1,0,0,0
0,7,0,0,0,0,0,0,1,0,1,0,0,0
_____________________________________________________
_____________________________________________________
26,0,0.0000,
0,7,0,0,0,0,0,0,1,0,1,0,0,0
0,7,0,0,0,0,0,0,1,0,1,0,0,0
_____________________________________________________
_____________________________________________________
27,0,0.0000,
0,7,0,0,0,0,0,0,1,0,1,0,0,0
1,6,1,0,0,0,1,0,0,1,0,1,0,0
_____________________________________________________
_____________________________________________________
28,5,0.0000,
1,6,1,0,0,0,1,0,0,1,0,1,0,0
0,7,1,0,0,0,0,0,0,0,0,0,0,0
_____________________________________________________
_____________________________________________________
29,0,0.0000,
0,7,1,0,0,0,0,0,0,0,0,0,0,0
1,6,0,0,0,0,0,0,0,0,0,0,0,0
_____________________________________________________
_____________________________________________________
30,0,0.0000,
1,6,0,0,0,0,0,0,0,0,0,0,0,0
1,5,1,0,0,0,0,0,0,1,0,1,0,0
_____________________________________________________
_____________________________________________________
31,8,0.0000,
1,5,1,0,0,0,0,0,0,1,0,1,0,0
0,7,0,0,0,0,0,0,0,0,0,0,0,0
_____________________________________________________
_____________________________________________________
32,0,0.0000,
0,7,0,0,0,0,0,0,0,0,0,0,0,0
1,6,0,0,0,0,0,0,0,1,0,1,0,0
_____________________________________________________
_____________________________________________________
33,8,0.0000,
1,6,0,0,0,0,0,0,0,1,0,1,0,0
0,7,0,1,0,0,0,1,1,0,0,0,1,0
_____________________________________________________
_____________________________________________________
34,0,0.0000,
0,7,0,1,0,0,0,1,1,0,0,0,1,0
0,7,1,1,0,0,0,1,1,1,0,1,1,0
_____________________________________________________
_____________________________________________________
35,0,0.0000,
0,7,1,1,0,0,0,1,1,1,0,1,1,0
0,7,1,1,0,0,0,1,1,1,0,1,1,0
_____________________________________________________
_____________________________________________________
36,0,0.0000,
0,7,1,1,0,0,0,1,1,1,0,1,1,0
1,6,1,1,0,0,0,1,1,1,0,1,1,0
_____________________________________________________
_____________________________________________________
37,11,0.0000,
1,6,1,1,0,0,0,1,1,1,0,1,1,0
0,7,1,1,0,0,0,0,0,0,0,0,0,0
_____________________________________________________
_____________________________________________________
38,0,0.0000,
0,7,1,1,0,0,0,0,0,0,0,0,0,0
0,7,0,1,0,0,0,0,0,0,0,0,0,0
_____________________________________________________
_____________________________________________________
39,0,0.0000,
0,7,0,1,0,0,0,0,0,0,0,0,0,0
1,6,0,1,0,0,1,0,0,1,0,1,0,0
_____________________________________________________
_____________________________________________________
40,5,0.0000,
1,6,0,1,0,0,1,0,0,1,0,1,0,0
1,6,1,1,0,0,0,0,0,1,0,1,0,0
_____________________________________________________
_____________________________________________________
41,2,0.0000,
1,6,1,1,0,0,0,0,0,1,0,1,0,0
1,6,1,0,1,0,1,0,0,0,0,0,1,1
_____________________________________________________
_____________________________________________________
42,11,0.0000,
1,6,1,0,1,0,1,0,0,0,0,0,1,1
0,7,1,0,1,0,1,0,0,0,0,0,0,1
_____________________________________________________
_____________________________________________________
43,0,0.0000,
0,7,1,0,1,0,1,0,0,0,0,0,0,1
0,7,1,0,1,0,1,0,0,0,0,0,0,1
_____________________________________________________
_____________________________________________________
44,0,0.0000,
0,7,1,0,1,0,1,0,0,0,0,0,0,1
1,6,1,0,1,0,1,0,0,0,0,0,0,1
_____________________________________________________
_____________________________________________________
45,5,0.0000,
1,6,1,0,1,0,1,0,0,0,0,0,0,1
1,6,1,0,1,0,1,0,0,1,0,0,0,1
_____________________________________________________
_____________________________________________________
46,5,0.0000,
1,6,1,0,1,0,1,0,0,1,0,0,0,1
1,6,0,0,1,0,0,0,0,1,0,0,0,1
_____________________________________________________
_____________________________________________________
47,12,0.0000,
1,6,0,0,1,0,0,0,0,1,0,0,0,1
0,7,0,0,1,0,0,0,1,1,0,0,0,1
_____________________________________________________
_____________________________________________________
48,0,0.0000,
0,7,0,0,1,0,0,0,1,1,0,0,0,1
1,6,0,1,1,0,0,0,1,1,0,1,0,1
_____________________________________________________
_____________________________________________________
49,7,0.0000,
1,6,0,1,1,0,0,0,1,1,0,1,0,1
0,7,0,1,1,0,0,0,0,1,0,1,0,1
_____________________________________________________
_____________________________________________________
50,0,0.0000,
0,7,0,1,1,0,0,0,0,1,0,1,0,1
1,6,1,1,1,0,1,0,0,1,0,1,0,1
_____________________________________________________
_____________________________________________________
51,5,0.0000,
1,6,1,1,1,0,1,0,0,1,0,1,0,1
0,7,0,1,1,0,0,0,0,1,0,1,0,1
_____________________________________________________
_____________________________________________________
52,0,0.0000,
0,7,0,1,1,0,0,0,0,1,0,1,0,1
1,6,0,1,1,0,0,0,0,1,0,1,0,1
_____________________________________________________
_____________________________________________________
53,2,0.0000,
1,6,0,1,1,0,0,0,0,1,0,1,0,1
0,7,1,0,1,0,1,0,0,1,0,0,0,1
_____________________________________________________
_____________________________________________________
54,0,0.0000,
0,7,1,0,1,0,1,0,0,1,0,0,0,1
0,7,1,0,1,0,1,0,0,1,0,0,0,1
_____________________________________________________
_____________________________________________________
55,0,0.0000,
0,7,1,0,1,0,1,0,0,1,0,0,0,1
1,6,1,0,0,0,1,1,0,0,1,1,1,0
_____________________________________________________
_____________________________________________________
56,11,0.0000,
1,6,1,0,0,0,1,1,0,0,1,1,1,0
0,7,1,0,0,0,1,1,0,1,1,1,1,0
_____________________________________________________
_____________________________________________________
57,0,0.0000,
0,7,1,0,0,0,1,1,0,1,1,1,1,0
1,6,1,0,0,0,1,1,0,1,1,1,1,0
_____________________________________________________
_____________________________________________________
58,11,0.0000,
1,6,1,0,0,0,1,1,0,1,1,1,1,0
0,7,1,0,0,0,0,1,0,1,1,1,1,0
_____________________________________________________
_____________________________________________________
59,0,0.0000,
0,7,1,0,0,0,0,1,0,1,1,1,1,0
1,6,1,0,0,0,1,1,0,1,1,1,1,0
_____________________________________________________
_____________________________________________________
60,11,0.0000,
1,6,1,0,0,0,1,1,0,1,1,1,1,0
0,7,1,0,0,0,0,1,0,1,1,1,0,0
_____________________________________________________
_____________________________________________________
61,0,0.0000,
0,7,1,0,0,0,0,1,0,1,1,1,0,0
0,7,1,0,0,0,0,1,0,1,1,1,0,0
_____________________________________________________
_____________________________________________________
62,0,0.0000,
0,7,1,0,0,0,0,1,0,1,1,1,0,0
0,7,1,0,0,0,0,1,0,0,0,1,0,0
_____________________________________________________
_____________________________________________________
63,0,0.0000,
0,7,1,0,0,0,0,1,0,0,0,1,0,0
0,7,1,0,0,0,1,1,0,0,0,1,1,0
_____________________________________________________
_____________________________________________________
64,0,0.0000,
0,7,1,0,0,0,1,1,0,0,0,1,1,0
1,6,1,0,0,0,1,1,0,0,0,1,1,0
_____________________________________________________
_____________________________________________________
65,11,0.0000,
1,6,1,0,0,0,1,1,0,0,0,1,1,0
0,7,1,0,0,0,0,1,0,0,0,1,0,0
_____________________________________________________
_____________________________________________________
66,0,0.0000,
0,7,1,0,0,0,0,1,0,0,0,1,0,0
0,7,1,0,0,0,0,1,0,0,0,1,1,0
_____________________________________________________
_____________________________________________________
67,0,0.0000,
0,7,1,0,0,0,0,1,0,0,0,1,1,0
1,6,1,0,0,0,1,1,0,0,0,1,1,0
_____________________________________________________
_____________________________________________________
68,11,0.0000,
1,6,1,0,0,0,1,1,0,0,0,1,1,0
0,7,1,0,0,0,0,1,0,0,0,1,0,0
_____________________________________________________
_____________________________________________________
69,0,0.0000,
0,7,1,0,0,0,0,1,0,0,0,1,0,0
0,7,0,1,0,0,1,0,0,0,0,1,0,0
_____________________________________________________
_____________________________________________________
70,0,0.0000,
0,7,0,1,0,0,1,0,0,0,0,1,0,0
0,7,0,1,0,0,1,0,0,0,0,1,0,1
_____________________________________________________
_____________________________________________________
71,0,0.0000,
0,7,0,1,0,0,1,0,0,0,0,1,0,1
1,6,0,1,0,0,1,0,0,0,1,1,1,1
_____________________________________________________
_____________________________________________________
72,11,0.0000,
1,6,0,1,0,0,1,0,0,0,1,1,1,1
1,6,0,1,0,0,1,0,0,0,0,1,0,0
_____________________________________________________
_____________________________________________________
73,5,0.0000,
1,6,0,1,0,0,1,0,0,0,0,1,0,0
0,7,0,1,0,0,0,0,0,0,0,1,0,0
_____________________________________________________
_____________________________________________________
74,0,0.0000,
0,7,0,1,0,0,0,0,0,0,0,1,0,0
1,6,0,0,0,0,0,0,0,0,0,1,0,0
_____________________________________________________
_____________________________________________________
75,10,0.0000,
1,6,0,0,0,0,0,0,0,0,0,1,0,0
0,7,0,0,0,0,0,0,0,0,0,0,0,0
_____________________________________________________
_____________________________________________________
76,0,0.0000,
0,7,0,0,0,0,0,0,0,0,0,0,0,0
0,7,0,0,0,0,0,0,0,0,0,0,0,0
_____________________________________________________
_____________________________________________________
77,0,0.0000,
0,7,0,0,0,0,0,0,0,0,0,0,0,0
1,6,0,0,0,0,0,0,0,0,0,0,0,0
_____________________________________________________
_____________________________________________________
78,0,0.0000,
1,6,0,0,0,0,0,0,0,0,0,0,0,0
2,5,0,0,1,0,0,0,0,0,0,0,0,0
_____________________________________________________
_____________________________________________________
79,3,0.0000,
2,5,0,0,1,0,0,0,0,0,0,0,0,0
1,5,0,0,0,0,0,0,0,0,1,0,1,1
_____________________________________________________
_____________________________________________________
80,11,0.0000,
1,5,0,0,0,0,0,0,0,0,1,0,1,1
1,6,0,1,0,0,0,0,0,0,0,0,0,0
_____________________________________________________
_____________________________________________________
81,2,0.0000,
1,6,0,1,0,0,0,0,0,0,0,0,0,0
0,7,1,0,0,0,0,0,0,0,0,0,0,0
_____________________________________________________
_____________________________________________________
82,0,0.0000,
0,7,1,0,0,0,0,0,0,0,0,0,0,0
1,6,1,0,0,0,0,0,0,0,0,0,0,0
_____________________________________________________
_____________________________________________________
83,1,0.0000,
1,6,1,0,0,0,0,0,0,0,0,0,0,0
1,6,0,0,0,0,0,0,0,0,0,0,0,0
_____________________________________________________
_____________________________________________________
84,0,0.0000,
1,6,0,0,0,0,0,0,0,0,0,0,0,0
1,5,0,0,0,1,0,0,0,0,0,1,1,0
_____________________________________________________
_____________________________________________________
85,11,0.0000,
1,5,0,0,0,1,0,0,0,0,0,1,1,0
0,7,0,0,1,0,0,1,0,0,0,0,0,0
_____________________________________________________
_____________________________________________________
86,0,0.0000,
0,7,0,0,1,0,0,1,0,0,0,0,0,0
1,6,1,0,1,0,0,1,1,0,0,0,0,0
_____________________________________________________
_____________________________________________________
87,7,0.0000,
1,6,1,0,1,0,0,1,1,0,0,0,0,0
1,6,1,0,1,1,0,1,0,0,0,1,1,0
_____________________________________________________
_____________________________________________________
88,11,0.0000,
1,6,1,0,1,1,0,1,0,0,0,1,1,0
0,7,1,0,1,0,0,1,0,0,0,0,0,0
_____________________________________________________
_____________________________________________________
89,0,0.0000,
0,7,1,0,1,0,0,1,0,0,0,0,0,0
0,7,1,0,1,0,0,1,1,0,0,0,0,0
_____________________________________________________
_____________________________________________________
90,0,0.0000,
0,7,1,0,1,0,0,1,1,0,0,0,0,0
1,6,1,1,1,0,0,1,1,0,0,0,0,1
_____________________________________________________
_____________________________________________________
91,7,0.0000,
1,6,1,1,1,0,0,1,1,0,0,0,0,1
1,6,1,0,1,0,0,1,0,0,1,0,0,1
_____________________________________________________
_____________________________________________________
92,6,0.0000,
1,6,1,0,1,0,0,1,0,0,1,0,0,1
1,6,1,0,1,0,0,0,1,0,1,1,1,1
_____________________________________________________
_____________________________________________________
93,11,0.0000,
1,6,1,0,1,0,0,0,1,0,1,1,1,1
0,7,1,1,1,0,0,0,1,0,1,0,0,1
_____________________________________________________
_____________________________________________________
94,0,0.0000,
0,7,1,1,1,0,0,0,1,0,1,0,0,1
0,7,0,1,0,0,0,0,1,0,1,1,1,1
_____________________________________________________
_____________________________________________________
95,0,0.0000,
0,7,0,1,0,0,0,0,1,0,1,1,1,1
1,6,0,1,0,1,0,0,1,0,1,1,1,1
_____________________________________________________
_____________________________________________________
96,11,0.0000,
1,6,0,1,0,1,0,0,1,0,1,1,1,1
1,6,0,1,0,0,0,0,1,0,1,0,0,1
_____________________________________________________
_____________________________________________________
97,7,0.0000,
1,6,0,1,0,0,0,0,1,0,1,0,0,1
0,7,0,1,0,0,1,0,0,0,0,1,1,0
_____________________________________________________
_____________________________________________________
98,0,0.0000,
0,7,0,1,0,0,1,0,0,0,0,1,1,0
1,6,0,1,0,0,1,0,0,1,1,1,1,0
_____________________________________________________
_____________________________________________________
99,11,0.0000,
1,6,0,1,0,0,1,0,0,1,1,1,1,0
1,6,1,0,0,0,0,1,0,1,1,0,0,0
_____________________________________________________
_____________________________________________________
100,6,0.0000,
1,6,1,0,0,0,0,1,0,1,1,0,0,0
0,7,1,0,0,0,0,0,0,0,1,0,0,0
_____________________________________________________
_____________________________________________________
101,0,0.0000,
0,7,1,0,0,0,0,0,0,0,1,0,0,0
1,6,1,0,0,0,0,1,0,1,1,0,0,0
_____________________________________________________
_____________________________________________________
102,9,0.0000,
1,6,1,0,0,0,0,1,0,1,1,0,0,0
0,7,0,0,1,0,0,1,0,1,0,0,0,0
_____________________________________________________
_____________________________________________________
103,0,0.0000,
0,7,0,0,1,0,0,1,0,1,0,0,0,0
0,7,0,0,1,0,0,1,0,1,0,0,0,0
_____________________________________________________
_____________________________________________________
104,0,0.0000,
0,7,0,0,1,0,0,1,0,1,0,0,0,0
1,6,0,0,1,0,0,0,0,0,0,0,0,0
_____________________________________________________
_____________________________________________________
105,3,0.0000,
1,6,0,0,1,0,0,0,0,0,0,0,0,0
1,6,0,0,0,0,0,0,0,0,0,0,0,0
_____________________________________________________
_____________________________________________________
106,0,0.0000,
1,6,0,0,0,0,0,0,0,0,0,0,0,0
2,5,0,0,0,0,0,0,0,0,0,0,0,0
_____________________________________________________
_____________________________________________________
107,9,-1.0000,
2,5,0,0,0,0,0,0,0,0,0,0,0,0
2,5,-1,1,0,0,1,0,0,0,1,1,1,0
_____________________________________________________
_____________________________________________________
108,1,0.0000,
2,5,-1,1,0,0,1,0,0,0,1,1,1,0
2,5,1,1,0,0,1,0,0,0,1,1,1,0
_____________________________________________________
_____________________________________________________
109,11,0.0000,
2,5,1,1,0,0,1,0,0,0,1,1,1,0
1,5,1,0,0,0,0,1,0,1,1,0,0,0
_____________________________________________________
_____________________________________________________
110,6,0.0000,
1,5,1,0,0,0,0,1,0,1,1,0,0,0
1,6,1,0,0,1,0,0,0,0,1,0,0,0
_____________________________________________________
_____________________________________________________
111,9,0.0000,
1,6,1,0,0,1,0,0,0,0,1,0,0,0
0,7,0,1,0,0,0,0,1,0,0,0,1,0
_____________________________________________________
_____________________________________________________
112,0,0.0000,
0,7,0,1,0,0,0,0,1,0,0,0,1,0
1,6,0,1,0,0,0,0,1,1,0,1,1,0
_____________________________________________________
_____________________________________________________
113,11,0.0000,
1,6,0,1,0,0,0,0,1,1,0,1,1,0
1,6,0,0,0,0,0,0,0,1,1,1,0,0
_____________________________________________________
_____________________________________________________
114,9,0.0000,
1,6,0,0,0,0,0,0,0,1,1,1,0,0
0,7,0,0,0,0,0,0,0,1,0,1,0,0
_____________________________________________________
_____________________________________________________
115,0,0.0000,
0,7,0,0,0,0,0,0,0,1,0,1,0,0
0,7,0,0,0,0,0,0,0,1,0,1,0,0
_____________________________________________________
_____________________________________________________
116,0,0.0000,
0,7,0,0,0,0,0,0,0,1,0,1,0,0
0,7,0,0,0,0,0,0,0,1,0,1,0,0
_____________________________________________________
_____________________________________________________
117,0,0.0000,
0,7,0,0,0,0,0,0,0,1,0,1,0,0
1,6,0,0,0,0,0,0,0,1,0,1,0,0
_____________________________________________________
_____________________________________________________
118,10,0.0000,
1,6,0,0,0,0,0,0,0,1,0,1,0,0
0,7,0,0,0,0,0,0,0,1,1,1,0,0
_____________________________________________________
_____________________________________________________
119,0,0.0000,
0,7,0,0,0,0,0,0,0,1,1,1,0,0
1,6,0,0,0,1,0,0,0,1,1,1,0,0
_____________________________________________________
_____________________________________________________
120,9,0.0000,
1,6,0,0,0,1,0,0,0,1,1,1,0,0
0,7,0,0,0,0,0,0,1,1,0,0,1,0
_____________________________________________________
_____________________________________________________
121,0,0.0000,
0,7,0,0,0,0,0,0,1,1,0,0,1,0
1,6,0,1,0,0,0,0,1,0,0,0,1,0
_____________________________________________________
_____________________________________________________
122,11,0.0000,
1,6,0,1,0,0,0,0,1,0,0,0,1,0
0,7,0,0,0,0,0,0,0,0,0,0,0,0
_____________________________________________________
_____________________________________________________
123,0,0.0000,
0,7,0,0,0,0,0,0,0,0,0,0,0,0
0,7,0,0,0,0,0,0,0,1,0,1,0,0
_____________________________________________________
_____________________________________________________
124,0,0.0000,
0,7,0,0,0,0,0,0,0,1,0,1,0,0
0,7,0,0,0,0,0,0,0,1,0,1,0,0
_____________________________________________________
_____________________________________________________
125,0,0.0000,
0,7,0,0,0,0,0,0,0,1,0,1,0,0
0,7,0,0,0,1,1,0,1,0,0,0,0,0
_____________________________________________________
_____________________________________________________
126,0,0.0000,
0,7,0,0,0,1,1,0,1,0,0,0,0,0
0,7,0,0,0,1,1,0,1,0,0,0,0,0
_____________________________________________________
_____________________________________________________
127,0,0.0000,
0,7,0,0,0,1,1,0,1,0,0,0,0,0
0,7,0,0,0,1,1,0,1,0,0,0,0,0
_____________________________________________________
_____________________________________________________
128,0,0.0000,
0,7,0,0,0,1,1,0,1,0,0,0,0,0
0,7,0,0,0,1,1,0,1,0,0,0,0,0
_____________________________________________________
_____________________________________________________
129,0,0.0000,
0,7,0,0,0,1,1,0,1,0,0,0,0,0
0,7,0,0,0,0,0,1,0,0,0,0,0,1
_____________________________________________________
_____________________________________________________
130,0,0.0000,
0,7,0,0,0,0,0,1,0,0,0,0,0,1
0,7,0,0,0,0,0,1,0,0,0,0,0,1
_____________________________________________________
_____________________________________________________
131,0,0.0000,
0,7,0,0,0,0,0,1,0,0,0,0,0,1
1,6,0,0,0,0,0,1,0,0,0,0,0,1
_____________________________________________________
_____________________________________________________
132,6,0.0000,
1,6,0,0,0,0,0,1,0,0,0,0,0,1
1,6,0,0,0,1,1,0,1,0,0,0,0,0
_____________________________________________________
_____________________________________________________
133,7,0.0000,
1,6,0,0,0,1,1,0,1,0,0,0,0,0
0,7,0,0,0,0,0,0,1,0,0,0,0,0
_____________________________________________________
_____________________________________________________
134,0,0.0000,
0,7,0,0,0,0,0,0,1,0,0,0,0,0
0,7,0,0,0,1,1,0,1,0,0,0,0,0
_____________________________________________________
_____________________________________________________
135,0,0.0000,
0,7,0,0,0,1,1,0,1,0,0,0,0,0
0,7,0,0,0,1,1,0,1,0,0,0,0,0
_____________________________________________________
_____________________________________________________
136,0,0.0000,
0,7,0,0,0,1,1,0,1,0,0,0,0,0
0,7,0,0,0,1,1,0,1,0,0,0,0,0
_____________________________________________________
_____________________________________________________
137,0,0.0000,
0,7,0,0,0,1,1,0,1,0,0,0,0,0
0,7,0,0,0,1,1,0,1,0,0,0,0,0
_____________________________________________________
_____________________________________________________
138,0,0.0000,
0,7,0,0,0,1,1,0,1,0,0,0,0,0
0,7,0,0,0,1,1,0,1,0,0,0,0,0
_____________________________________________________
_____________________________________________________
139,0,0.0000,
0,7,0,0,0,1,1,0,1,0,0,0,0,0
0,7,0,0,0,0,0,0,0,0,0,0,0,0
_____________________________________________________
