_____________________________________________________
0,11,0.0000,
2,6,0,0,0,1,0,0,1,0,0,0,1,1
1,5,0,0,0,0,0,0,1,0,0,0,0,1
_____________________________________________________
_____________________________________________________
1,7,0.0000,
1,5,0,0,0,0,0,0,1,0,0,0,0,1
1,6,0,0,0,0,0,0,0,0,1,0,0,0
_____________________________________________________
_____________________________________________________
2,9,0.0000,
1,6,0,0,0,0,0,0,0,0,1,0,0,0
0,7,0,0,0,0,0,0,0,0,0,0,0,0
_____________________________________________________
_____________________________________________________
3,0,0.0000,
0,7,0,0,0,0,0,0,0,0,0,0,0,0
1,6,0,0,0,0,0,0,0,0,0,0,0,1
_____________________________________________________
_____________________________________________________
4,12,0.0000,
1,6,0,0,0,0,0,0,0,0,0,0,0,1
0,7,0,0,0,0,0,0,0,1,0,0,0,0
_____________________________________________________
_____________________________________________________
5,0,0.0000,
0,7,0,0,0,0,0,0,0,1,0,0,0,0
1,6,0,0,0,0,0,1,0,1,1,0,0,0
_____________________________________________________
_____________________________________________________
6,6,0.0000,
1,6,0,0,0,0,0,1,0,1,1,0,0,0
1,6,0,0,0,0,0,0,0,1,0,0,0,0
_____________________________________________________
_____________________________________________________
7,8,0.0000,
1,6,0,0,0,0,0,0,0,1,0,0,0,0
1,6,0,0,0,0,0,0,0,0,0,0,0,0
_____________________________________________________
_____________________________________________________
8,0,0.0000,
1,6,0,0,0,0,0,0,0,0,0,0,0,0
2,5,0,0,0,0,0,0,0,0,0,0,0,0
_____________________________________________________
_____________________________________________________
9,9,-1.0000,
2,5,0,0,0,0,0,0,0,0,0,0,0,0
2,5,0,0,0,0,0,-1,0,0,0,0,0,0
_____________________________________________________
_____________________________________________________
10,9,-1.0000,
2,5,0,0,0,0,0,-1,0,0,0,0,0,0
1,5,0,0,0,0,0,-1,0,0,-1,0,0,0
_____________________________________________________
_____________________________________________________
11,9,0.0000,
1,5,0,0,0,0,0,-1,0,0,-1,0,0,0
1,6,0,0,0,0,0,-1,0,0,-1,0,0,0
_____________________________________________________
_____________________________________________________
12,9,0.0000,
1,6,0,0,0,0,0,-1,0,0,-1,0,0,0
1,6,0,0,0,0,0,0,0,0,0,0,0,1
_____________________________________________________
_____________________________________________________
13,12,0.0000,
1,6,0,0,0,0,0,0,0,0,0,0,0,1
1,6,0,1,1,0,0,1,0,0,0,0,0,0
_____________________________________________________
_____________________________________________________
14,3,0.0000,
1,6,0,1,1,0,0,1,0,0,0,0,0,0
0,7,0,0,0,0,0,0,0,0,0,0,0,0
_____________________________________________________
_____________________________________________________
15,0,0.0000,
0,7,0,0,0,0,0,0,0,0,0,0,0,0
0,7,0,0,0,0,0,0,0,0,0,0,0,0
_____________________________________________________
_____________________________________________________
16,0,0.0000,
0,7,0,0,0,0,0,0,0,0,0,0,0,0
0,7,0,0,0,0,0,0,0,0,0,0,0,0
_____________________________________________________
_____________________________________________________
17,0,0.0000,
0,7,0,0,0,0,0,0,0,0,0,0,0,0
1,6,0,0,0,0,0,0,0,0,0,0,0,0
_____________________________________________________
_____________________________________________________
18,0,0.0000,
1,6,0,0,0,0,0,0,0,0,0,0,0,0
1,5,0,0,0,0,0,0,1,0,0,0,0,0
_____________________________________________________
_____________________________________________________
19,7,0.0000,
1,5,0,0,0,0,0,0,1,0,0,0,0,0
0,7,0,0,0,0,0,0,0,0,0,0,0,0
_____________________________________________________
_____________________________________________________
20,0,0.0000,
0,7,0,0,0,0,0,0,0,0,0,0,0,0
0,7,0,0,0,0,0,0,0,0,0,0,0,0
_____________________________________________________
_____________________________________________________
21,0,0.0000,
0,7,0,0,0,0,0,0,0,0,0,0,0,0
0,7,0,0,0,0,0,0,0,0,0,0,0,0
_____________________________________________________
_____________________________________________________
22,0,0.0000,
0,7,0,0,0,0,0,0,0,0,0,0,0,0
1,6,0,0,0,0,0,0,0,0,0,0,0,0
_____________________________________________________
_____________________________________________________
23,0,0.0000,
1,6,0,0,0,0,0,0,0,0,0,0,0,0
2,5,0,0,0,0,0,0,0,0,0,0,0,0
_____________________________________________________
_____________________________________________________
24,9,-1.0000,
2,5,0,0,0,0,0,0,0,0,0,0,0,0
2,5,0,0,0,0,0,0,0,0,-1,0,0,0
_____________________________________________________
_____________________________________________________
25,9,0.0000,
2,5,0,0,0,0,0,0,0,0,-1,0,0,0
2,5,0,0,0,0,0,0,0,0,-1,0,0,0
_____________________________________________________
_____________________________________________________
26,9,0.0000,
2,5,0,0,0,0,0,0,0,0,-1,0,0,0
1,5,0,0,0,0,0,0,0,0,-1,0,0,0
_____________________________________________________
_____________________________________________________
27,9,0.0000,
1,5,0,0,0,0,0,0,0,0,-1,0,0,0
0,7,0,0,0,0,0,0,0,0,0,0,0,0
_____________________________________________________
_____________________________________________________
28,0,0.0000,
0,7,0,0,0,0,0,0,0,0,0,0,0,0
0,7,0,0,0,0,0,0,0,0,0,0,0,0
_____________________________________________________
_____________________________________________________
29,0,0.0000,
0,7,0,0,0,0,0,0,0,0,0,0,0,0
1,6,0,0,0,0,0,0,0,0,0,0,0,0
_____________________________________________________
_____________________________________________________
30,0,0.0000,
1,6,0,0,0,0,0,0,0,0,0,0,0,0
1,5,0,0,0,0,0,0,0,0,0,0,0,0
_____________________________________________________
_____________________________________________________
31,0,0.0000,
1,5,0,0,0,0,0,0,0,0,0,0,0,0
2,4,0,0,0,0,0,0,0,0,0,0,0,0
_____________________________________________________
_____________________________________________________
32,9,-1.0000,
2,4,0,0,0,0,0,0,0,0,0,0,0,0
1,5,0,0,0,0,0,0,0,0,-1,0,0,0
_____________________________________________________
_____________________________________________________
33,9,0.0000,
1,5,0,0,0,0,0,0,0,0,-1,0,0,0
1,6,0,0,0,0,0,0,0,0,-1,0,0,0
_____________________________________________________
_____________________________________________________
34,9,0.0000,
1,6,0,0,0,0,0,0,0,0,-1,0,0,0
0,7,0,0,0,0,0,0,0,0,0,0,0,0
_____________________________________________________
_____________________________________________________
35,0,0.0000,
0,7,0,0,0,0,0,0,0,0,0,0,0,0
1,6,0,0,0,0,0,0,0,0,0,0,0,0
_____________________________________________________
_____________________________________________________
36,0,0.0000,
1,6,0,0,0,0,0,0,0,0,0,0,0,0
1,5,0,0,0,0,0,0,0,0,0,0,0,0
_____________________________________________________
_____________________________________________________
37,0,0.0000,
1,5,0,0,0,0,0,0,0,0,0,0,0,0
1,4,0,0,0,0,0,0,0,0,0,0,0,0
_____________________________________________________
_____________________________________________________
38,0,0.0000,
1,4,0,0,0,0,0,0,0,0,0,0,0,0
2,3,0,0,0,0,0,0,0,0,0,0,0,0
_____________________________________________________
_____________________________________________________
39,9,-1.0000,
2,3,0,0,0,0,0,0,0,0,0,0,0,0
1,5,0,0,0,0,0,0,0,0,-1,0,0,0
_____________________________________________________
_____________________________________________________
40,9,0.0000,
1,5,0,0,0,0,0,0,0,0,-1,0,0,0
0,7,0,0,0,0,0,0,0,0,-1,0,0,0
_____________________________________________________
_____________________________________________________
41,0,0.0000,
0,7,0,0,0,0,0,0,0,0,-1,0,0,0
1,6,0,0,0,0,0,0,0,0,0,0,0,0
_____________________________________________________
_____________________________________________________
42,0,0.0000,
1,6,0,0,0,0,0,0,0,0,0,0,0,0
2,5,0,0,1,0,0,0,1,0,0,0,0,0
_____________________________________________________
_____________________________________________________
43,7,0.0000,
2,5,0,0,1,0,0,0,1,0,0,0,0,0
2,5,0,0,0,1,0,0,0,0,0,0,0,0
_____________________________________________________
_____________________________________________________
44,0,0.0000,
2,5,0,0,0,1,0,0,0,0,0,0,0,0
2,4,0,0,0,1,0,0,0,0,0,0,0,0
_____________________________________________________
_____________________________________________________
45,9,-1.0000,
2,4,0,0,0,1,0,0,0,0,0,0,0,0
2,4,0,-1,0,1,0,0,0,0,-1,1,0,0
_____________________________________________________
_____________________________________________________
46,9,0.0000,
2,4,0,-1,0,1,0,0,0,0,-1,1,0,0
1,5,1,-1,0,1,0,1,0,1,-1,1,0,0
_____________________________________________________
_____________________________________________________
47,2,0.0000,
1,5,1,-1,0,1,0,1,0,1,-1,1,0,0
0,7,1,-1,0,1,0,1,0,1,-1,1,0,0
_____________________________________________________
_____________________________________________________
48,0,0.0000,
0,7,1,-1,0,1,0,1,0,1,-1,1,0,0
0,7,1,-1,0,1,0,1,1,1,-1,1,0,0
_____________________________________________________
_____________________________________________________
49,0,0.0000,
0,7,1,-1,0,1,0,1,1,1,-1,1,0,0
0,7,1,0,1,1,0,1,1,1,0,1,0,0
_____________________________________________________
_____________________________________________________
50,0,0.0000,
0,7,1,0,1,1,0,1,1,1,0,1,0,0
1,6,1,0,1,1,0,1,1,1,0,1,0,0
_____________________________________________________
_____________________________________________________
51,7,0.0000,
1,6,1,0,1,1,0,1,1,1,0,1,0,0
0,7,1,0,0,1,0,1,0,1,0,1,0,0
_____________________________________________________
_____________________________________________________
52,0,0.0000,
0,7,1,0,0,1,0,1,0,1,0,1,0,0
1,6,1,0,0,1,0,1,0,1,0,1,0,0
_____________________________________________________
_____________________________________________________
53,6,0.0000,
1,6,1,0,0,1,0,1,0,1,0,1,0,0
1,6,0,0,0,1,0,0,0,0,0,0,0,1
_____________________________________________________
_____________________________________________________
54,12,0.0000,
1,6,0,0,0,1,0,0,0,0,0,0,0,1
1,6,0,0,0,0,0,0,0,0,0,0,0,0
_____________________________________________________
_____________________________________________________
55,0,0.0000,
1,6,0,0,0,0,0,0,0,0,0,0,0,0
1,5,0,0,0,0,0,0,0,0,0,0,0,0
_____________________________________________________
_____________________________________________________
56,0,0.0000,
1,5,0,0,0,0,0,0,0,0,0,0,0,0
2,4,0,0,0,0,0,0,0,0,0,0,0,0
_____________________________________________________
_____________________________________________________
57,9,-1.0000,
2,4,0,0,0,0,0,0,0,0,0,0,0,0
2,5,0,0,0,0,-1,1,0,0,-1,-1,1,-1
_____________________________________________________
_____________________________________________________
58,9,0.0000,
2,5,0,0,0,0,-1,1,0,0,-1,-1,1,-1
1,5,0,0,0,0,1,1,0,0,1,1,1,1
_____________________________________________________
_____________________________________________________
59,11,0.0000,
1,5,0,0,0,0,1,1,0,0,1,1,1,1
0,7,0,0,0,0,0,0,0,0,0,0,0,0
_____________________________________________________
_____________________________________________________
60,0,0.0000,
0,7,0,0,0,0,0,0,0,0,0,0,0,0
0,7,0,0,0,0,0,0,0,0,1,1,0,1
_____________________________________________________
_____________________________________________________
61,0,0.0000,
0,7,0,0,0,0,0,0,0,0,1,1,0,1
1,6,0,0,0,0,1,0,0,0,1,1,0,1
_____________________________________________________
_____________________________________________________
62,5,0.0000,
1,6,0,0,0,0,1,0,0,0,1,1,0,1
0,7,0,0,0,0,0,0,0,0,0,0,0,0
_____________________________________________________
_____________________________________________________
63,0,0.0000,
0,7,0,0,0,0,0,0,0,0,0,0,0,0
0,7,0,0,0,0,0,0,0,0,0,0,0,0
_____________________________________________________
_____________________________________________________
64,0,0.0000,
0,7,0,0,0,0,0,0,0,0,0,0,0,0
1,6,0,0,0,0,0,0,1,0,0,0,0,0
_____________________________________________________
_____________________________________________________
65,7,0.0000,
1,6,0,0,0,0,0,0,1,0,0,0,0,0
1,6,0,0,0,0,1,0,0,0,1,1,0,1
_____________________________________________________
_____________________________________________________
66,5,0.0000,
1,6,0,0,0,0,1,0,0,0,1,1,0,1
1,6,0,0,0,0,0,0,0,0,0,0,0,0
_____________________________________________________
_____________________________________________________
67,0,0.0000,
1,6,0,0,0,0,0,0,0,0,0,0,0,0
2,5,0,0,0,0,0,0,0,0,0,0,0,0
_____________________________________________________
_____________________________________________________
68,9,-1.0000,
2,5,0,0,0,0,0,0,0,0,0,0,0,0
2,5,0,0,0,0,-1,0,0,0,0,0,0,0
_____________________________________________________
_____________________________________________________
69,5,0.0000,
2,5,0,0,0,0,-1,0,0,0,0,0,0,0
2,5,0,0,0,0,0,0,0,0,0,0,0,0
_____________________________________________________
_____________________________________________________
70,9,-1.0000,
2,5,0,0,0,0,0,0,0,0,0,0,0,0
2,5,0,0,0,0,0,0,0,0,-1,0,0,0
_____________________________________________________
_____________________________________________________
71,9,0.0000,
2,5,0,0,0,0,0,0,0,0,-1,0,0,0
1,5,0,0,0,0,0,0,0,0,-1,0,0,0
_____________________________________________________
_____________________________________________________
72,9,0.0000,
1,5,0,0,0,0,0,0,0,0,-1,0,0,0
1,6,0,0,0,0,0,0,0,0,-1,0,0,0
_____________________________________________________
_____________________________________________________
73,9,0.0000,
1,6,0,0,0,0,0,0,0,0,-1,0,0,0
1,6,1,0,0,0,0,0,0,0,0,0,0,0
_____________________________________________________
_____________________________________________________
74,1,0.0000,
1,6,1,0,0,0,0,0,0,0,0,0,0,0
1,6,0,0,0,0,0,0,0,0,0,0,0,0
_____________________________________________________
_____________________________________________________
75,0,0.0000,
1,6,0,0,0,0,0,0,0,0,0,0,0,0
2,5,0,0,0,0,0,0,0,0,0,0,0,0
_____________________________________________________
_____________________________________________________
76,9,-1.0000,
2,5,0,0,0,0,0,0,0,0,0,0,0,0
2,5,0,0,0,0,0,0,0,0,-1,0,0,0
_____________________________________________________
_____________________________________________________
77,9,0.0000,
2,5,0,0,0,0,0,0,0,0,-1,0,0,0
1,5,0,0,0,0,0,0,0,0,-1,0,0,0
_____________________________________________________
_____________________________________________________
78,9,0.0000,
1,5,0,0,0,0,0,0,0,0,-1,0,0,0
0,7,0,0,0,0,0,0,0,0,0,0,0,0
_____________________________________________________
_____________________________________________________
79,0,0.0000,
0,7,0,0,0,0,0,0,0,0,0,0,0,0
0,7,0,0,0,0,0,0,0,0,0,0,0,0
_____________________________________________________
_____________________________________________________
80,0,0.0000,
0,7,0,0,0,0,0,0,0,0,0,0,0,0
0,7,0,0,0,0,0,0,0,0,0,0,0,0
_____________________________________________________
_____________________________________________________
81,0,0.0000,
0,7,0,0,0,0,0,0,0,0,0,0,0,0
0,7,0,0,0,0,0,0,0,0,0,0,0,0
_____________________________________________________
_____________________________________________________
82,0,0.0000,
0,7,0,0,0,0,0,0,0,0,0,0,0,0
0,7,0,0,0,0,0,0,0,0,0,0,0,0
_____________________________________________________
_____________________________________________________
83,0,0.0000,
0,7,0,0,0,0,0,0,0,0,0,0,0,0
1,6,0,0,0,0,0,0,0,0,0,0,0,0
_____________________________________________________
_____________________________________________________
84,0,0.0000,
1,6,0,0,0,0,0,0,0,0,0,0,0,0
1,5,0,0,0,0,0,0,0,0,0,0,0,0
_____________________________________________________
_____________________________________________________
85,0,0.0000,
1,5,0,0,0,0,0,0,0,0,0,0,0,0
1,4,0,0,0,0,0,0,0,0,0,0,0,0
_____________________________________________________
_____________________________________________________
86,0,0.0000,
1,4,0,0,0,0,0,0,0,0,0,0,0,0
2,3,0,0,0,0,0,0,0,0,0,0,0,0
_____________________________________________________
_____________________________________________________
87,9,-1.0000,
2,3,0,0,0,0,0,0,0,0,0,0,0,0
1,5,0,0,0,0,0,0,-1,0,0,0,0,0
_____________________________________________________
_____________________________________________________
88,7,0.0000,
1,5,0,0,0,0,0,0,-1,0,0,0,0,0
0,7,0,0,0,0,0,0,0,0,0,0,0,0
_____________________________________________________
_____________________________________________________
89,0,0.0000,
0,7,0,0,0,0,0,0,0,0,0,0,0,0
1,6,0,1,0,0,0,0,0,0,0,0,0,0
_____________________________________________________
_____________________________________________________
90,2,0.0000,
1,6,0,1,0,0,0,0,0,0,0,0,0,0
0,7,0,0,0,0,0,0,0,0,0,0,0,0
_____________________________________________________
_____________________________________________________
91,0,0.0000,
0,7,0,0,0,0,0,0,0,0,0,0,0,0
0,7,0,0,0,0,0,0,0,0,0,0,0,0
_____________________________________________________
_____________________________________________________
92,0,0.0000,
0,7,0,0,0,0,0,0,0,0,0,0,0,0
0,7,1,0,0,0,1,1,0,0,0,1,0,0
_____________________________________________________
_____________________________________________________
93,0,0.0000,
0,7,1,0,0,0,1,1,0,0,0,1,0,0
1,6,1,0,0,0,1,1,0,0,0,1,0,0
_____________________________________________________
_____________________________________________________
94,5,0.0000,
1,6,1,0,0,0,1,1,0,0,0,1,0,0
1,6,1,0,0,0,0,1,0,1,0,0,0,0
_____________________________________________________
_____________________________________________________
95,6,0.0000,
1,6,1,0,0,0,0,1,0,1,0,0,0,0
0,7,0,0,0,0,0,0,0,1,0,0,0,0
_____________________________________________________
_____________________________________________________
96,0,0.0000,
0,7,0,0,0,0,0,0,0,1,0,0,0,0
0,7,0,0,0,0,0,0,0,1,0,0,0,1
_____________________________________________________
_____________________________________________________
97,0,0.0000,
0,7,0,0,0,0,0,0,0,1,0,0,0,1
1,6,1,0,0,0,0,0,0,0,0,1,0,0
_____________________________________________________
_____________________________________________________
98,1,0.0000,
1,6,1,0,0,0,0,0,0,0,0,1,0,0
0,7,0,0,0,0,0,0,0,0,0,0,0,0
_____________________________________________________
_____________________________________________________
99,0,0.0000,
0,7,0,0,0,0,0,0,0,0,0,0,0,0
0,7,0,0,0,0,0,0,0,0,0,0,0,0
_____________________________________________________
_____________________________________________________
100,0,0.0000,
0,7,0,0,0,0,0,0,0,0,0,0,0,0
1,6,0,0,0,0,0,0,0,0,0,0,0,1
_____________________________________________________
_____________________________________________________
101,12,0.0000,
1,6,0,0,0,0,0,0,0,0,0,0,0,1
0,7,0,0,0,0,0,0,0,0,0,0,0,0
_____________________________________________________
_____________________________________________________
102,0,0.0000,
0,7,0,0,0,0,0,0,0,0,0,0,0,0
0,7,0,0,0,0,0,0,0,0,0,0,0,0
_____________________________________________________
_____________________________________________________
103,0,0.0000,
0,7,0,0,0,0,0,0,0,0,0,0,0,0
1,6,0,0,0,0,0,0,0,0,0,0,0,0
_____________________________________________________
_____________________________________________________
104,0,0.0000,
1,6,0,0,0,0,0,0,0,0,0,0,0,0
2,5,0,0,0,0,0,0,0,0,0,0,0,0
_____________________________________________________
_____________________________________________________
105,9,-1.0000,
2,5,0,0,0,0,0,0,0,0,0,0,0,0
1,5,0,-1,0,0,0,0,0,0,-1,0,0,0
_____________________________________________________
_____________________________________________________
106,9,0.0000,
1,5,0,-1,0,0,0,0,0,0,-1,0,0,0
1,6,0,-1,0,0,0,0,0,0,-1,0,0,0
_____________________________________________________
_____________________________________________________
107,9,0.0000,
1,6,0,-1,0,0,0,0,0,0,-1,0,0,0
1,6,0,-1,0,0,0,0,0,0,-1,0,0,0
_____________________________________________________
_____________________________________________________
108,9,0.0000,
1,6,0,-1,0,0,0,0,0,0,-1,0,0,0
0,7,0,-1,0,0,0,0,0,0,-1,0,0,0
_____________________________________________________
_____________________________________________________
109,0,0.0000,
0,7,0,-1,0,0,0,0,0,0,-1,0,0,0
0,7,0,-1,0,0,0,0,0,0,-1,0,0,0
_____________________________________________________
_____________________________________________________
110,0,0.0000,
0,7,0,-1,0,0,0,0,0,0,-1,0,0,0
0,7,0,-1,0,0,0,0,0,0,-1,0,0,0
_____________________________________________________
_____________________________________________________
111,0,0.0000,
0,7,0,-1,0,0,0,0,0,0,-1,0,0,0
1,6,0,0,0,0,1,-1,0,0,0,0,0,0
_____________________________________________________
_____________________________________________________
112,9,-1.0000,
1,6,0,0,0,0,1,-1,0,0,0,0,0,0
1,6,-1,0,0,0,1,-1,0,-1,-1,0,0,0
_____________________________________________________
_____________________________________________________
113,9,0.0000,
1,6,-1,0,0,0,1,-1,0,-1,-1,0,0,0
1,6,-1,0,0,0,1,-1,0,-1,-1,0,0,0
_____________________________________________________
_____________________________________________________
114,9,0.0000,
1,6,-1,0,0,0,1,-1,0,-1,-1,0,0,0
1,6,-1,0,0,0,1,-1,0,-1,-1,0,0,0
_____________________________________________________
_____________________________________________________
115,9,0.0000,
1,6,-1,0,0,0,1,-1,0,-1,-1,0,0,0
0,7,-1,0,0,0,1,-1,0,-1,-1,0,0,0
_____________________________________________________
_____________________________________________________
116,0,0.0000,
0,7,-1,0,0,0,1,-1,0,-1,-1,0,0,0
1,6,-1,0,0,0,1,-1,0,-1,-1,0,0,0
_____________________________________________________
_____________________________________________________
117,9,0.0000,
1,6,-1,0,0,0,1,-1,0,-1,-1,0,0,0
1,6,-1,0,0,0,1,-1,0,-1,-1,0,0,0
_____________________________________________________
_____________________________________________________
118,9,0.0000,
1,6,-1,0,0,0,1,-1,0,-1,-1,0,0,0
0,7,-1,0,0,0,0,-1,0,-1,-1,0,0,0
_____________________________________________________
_____________________________________________________
119,0,0.0000,
0,7,-1,0,0,0,0,-1,0,-1,-1,0,0,0
1,6,-1,0,0,0,0,-1,0,-1,-1,0,0,0
_____________________________________________________
_____________________________________________________
120,9,0.0000,
1,6,-1,0,0,0,0,-1,0,-1,-1,0,0,0
0,7,-1,0,0,0,0,-1,0,-1,-1,0,0,0
_____________________________________________________
_____________________________________________________
121,0,0.0000,
0,7,-1,0,0,0,0,-1,0,-1,-1,0,0,0
1,6,-1,0,0,0,0,-1,0,-1,-1,0,0,0
_____________________________________________________
_____________________________________________________
122,9,0.0000,
1,6,-1,0,0,0,0,-1,0,-1,-1,0,0,0
1,6,0,0,0,0,0,-1,0,0,0,0,0,0
_____________________________________________________
_____________________________________________________
123,10,-1.0000,
1,6,0,0,0,0,0,-1,0,0,0,0,0,0
1,6,0,-1,-1,0,0,-1,0,0,0,-1,0,0
_____________________________________________________
_____________________________________________________
124,2,0.0000,
1,6,0,-1,-1,0,0,-1,0,0,0,-1,0,0
0,7,0,-1,-1,0,0,-1,0,0,0,-1,0,0
_____________________________________________________
_____________________________________________________
125,0,0.0000,
0,7,0,-1,-1,0,0,-1,0,0,0,-1,0,0
0,7,0,0,0,0,0,0,0,0,-1,1,0,0
_____________________________________________________
_____________________________________________________
126,0,0.0000,
0,7,0,0,0,0,0,0,0,0,-1,1,0,0
0,7,0,0,0,0,0,0,0,0,1,1,0,0
_____________________________________________________
_____________________________________________________
127,0,0.0000,
0,7,0,0,0,0,0,0,0,0,1,1,0,0
1,6,0,0,0,0,0,0,0,0,1,1,0,0
_____________________________________________________
_____________________________________________________
128,9,0.0000,
1,6,0,0,0,0,0,0,0,0,1,1,0,0
0,7,0,0,0,0,0,0,0,0,0,0,0,0
_____________________________________________________
_____________________________________________________
129,0,0.0000,
0,7,0,0,0,0,0,0,0,0,0,0,0,0
0,7,0,0,0,0,0,0,0,0,0,0,0,0
_____________________________________________________
_____________________________________________________
130,0,0.0000,
0,7,0,0,0,0,0,0,0,0,0,0,0,0
1,6,0,0,0,0,0,0,0,0,0,0,0,0
_____________________________________________________
_____________________________________________________
131,0,0.0000,
1,6,0,0,0,0,0,0,0,0,0,0,0,0
2,5,0,1,0,0,0,0,0,0,0,0,0,0
_____________________________________________________
_____________________________________________________
132,2,0.0000,
2,5,0,1,0,0,0,0,0,0,0,0,0,0
2,5,0,0,0,0,0,0,0,0,0,0,0,0
_____________________________________________________
_____________________________________________________
133,9,-1.0000,
2,5,0,0,0,0,0,0,0,0,0,0,0,0
1,5,0,0,0,0,0,0,0,0,-1,-1,0,0
_____________________________________________________
_____________________________________________________
134,9,0.0000,
1,5,0,0,0,0,0,0,0,0,-1,-1,0,0
1,6,0,0,0,0,0,0,1,0,-1,-1,0,1
_____________________________________________________
_____________________________________________________
135,9,0.0000,
1,6,0,0,0,0,0,0,1,0,-1,-1,0,1
1,6,0,0,0,0,0,1,1,0,-1,-1,0,1
_____________________________________________________
_____________________________________________________
136,9,0.0000,
1,6,0,0,0,0,0,1,1,0,-1,-1,0,1
1,6,0,0,0,0,0,1,1,0,-1,-1,0,1
_____________________________________________________
_____________________________________________________
137,9,0.0000,
1,6,0,0,0,0,0,1,1,0,-1,-1,0,1
0,7,0,0,0,0,0,1,1,0,-1,-1,0,1
_____________________________________________________
_____________________________________________________
138,0,0.0000,
0,7,0,0,0,0,0,1,1,0,-1,-1,0,1
1,6,0,0,0,0,0,1,1,0,-1,-1,0,1
_____________________________________________________
_____________________________________________________
139,9,0.0000,
1,6,0,0,0,0,0,1,1,0,-1,-1,0,1
0,6,0,0,0,0,0,0,0,0,0,0,0,0
_____________________________________________________
