_____________________________________________________
0,5,0.0000,
2,5,1,1,1,1,1,1,1,1,1,1,1,1
1,5,1,1,1,1,0,1,1,0,1,1,1,1
_____________________________________________________
_____________________________________________________
1,11,0.0000,
1,5,1,1,1,1,0,1,1,0,1,1,1,1
1,6,1,1,1,1,0,1,1,0,1,1,0,1
_____________________________________________________
_____________________________________________________
2,7,0.0000,
1,6,1,1,1,1,0,1,1,0,1,1,0,1
1,6,1,1,1,1,0,1,0,0,1,1,0,0
_____________________________________________________
_____________________________________________________
3,2,0.0000,
1,6,1,1,1,1,0,1,0,0,1,1,0,0
1,6,1,1,1,1,0,1,1,0,1,1,0,1
_____________________________________________________
_____________________________________________________
4,7,0.0000,
1,6,1,1,1,1,0,1,1,0,1,1,0,1
0,7,1,1,1,1,1,1,0,1,1,1,0,0
_____________________________________________________
_____________________________________________________
5,0,0.0000,
0,7,1,1,1,1,1,1,0,1,1,1,0,0
0,7,1,1,1,1,1,1,0,1,1,1,0,0
_____________________________________________________
_____________________________________________________
6,0,0.0000,
0,7,1,1,1,1,1,1,0,1,1,1,0,0
1,6,1,1,1,1,1,1,0,1,1,1,0,0
_____________________________________________________
_____________________________________________________
7,5,0.0000,
1,6,1,1,1,1,1,1,0,1,1,1,0,0
0,7,1,1,1,1,0,1,1,0,1,1,0,1
_____________________________________________________
_____________________________________________________
8,0,0.0000,
0,7,1,1,1,1,0,1,1,0,1,1,0,1
0,7,1,1,1,1,0,1,1,0,1,1,1,1
_____________________________________________________
_____________________________________________________
9,0,0.0000,
0,7,1,1,1,1,0,1,1,0,1,1,1,1
1,6,1,1,1,1,0,1,1,0,1,1,1,1
_____________________________________________________
_____________________________________________________
10,11,0.0000,
1,6,1,1,1,1,0,1,1,0,1,1,1,1
1,6,1,1,1,1,0,1,1,0,1,1,0,1
_____________________________________________________
_____________________________________________________
11,7,0.0000,
1,6,1,1,1,1,0,1,1,0,1,1,0,1
0,7,1,1,1,1,0,1,1,0,1,1,0,1
_____________________________________________________
_____________________________________________________
12,0,0.0000,
0,7,1,1,1,1,0,1,1,0,1,1,0,1
1,6,1,1,1,1,0,1,1,0,1,1,0,1
_____________________________________________________
_____________________________________________________
13,2,0.0000,
1,6,1,1,1,1,0,1,1,0,1,1,0,1
0,7,0,1,1,0,1,1,1,1,1,1,1,1
_____________________________________________________
_____________________________________________________
14,0,0.0000,
0,7,0,1,1,0,1,1,1,1,1,1,1,1
0,7,0,1,1,0,1,1,1,1,1,1,1,1
_____________________________________________________
_____________________________________________________
15,0,0.0000,
0,7,0,1,1,0,1,1,1,1,1,1,1,1
1,6,1,1,1,0,1,1,1,1,1,1,1,1
_____________________________________________________
_____________________________________________________
16,11,0.0000,
1,6,1,1,1,0,1,1,1,1,1,1,1,1
0,7,1,1,1,0,1,1,1,1,1,1,0,1
_____________________________________________________
_____________________________________________________
17,0,0.0000,
0,7,1,1,1,0,1,1,1,1,1,1,0,1
1,6,1,1,1,0,1,1,1,1,1,1,0,1
_____________________________________________________
_____________________________________________________
18,5,0.0000,
1,6,1,1,1,0,1,1,1,1,1,1,0,1
1,6,1,1,1,0,0,1,0,1,1,1,0,1
_____________________________________________________
_____________________________________________________
19,2,0.0000,
1,6,1,1,1,0,0,1,0,1,1,1,0,1
1,6,1,0,1,0,0,1,0,1,1,1,1,1
_____________________________________________________
_____________________________________________________
20,11,0.0000,
1,6,1,0,1,0,0,1,0,1,1,1,1,1
0,7,1,1,1,0,0,1,1,1,1,1,0,1
_____________________________________________________
_____________________________________________________
21,0,0.0000,
0,7,1,1,1,0,0,1,1,1,1,1,0,1
0,7,1,1,1,0,1,1,1,1,1,1,0,1
_____________________________________________________
_____________________________________________________
22,0,0.0000,
0,7,1,1,1,0,1,1,1,1,1,1,0,1
0,7,1,1,1,0,1,1,1,1,1,1,0,1
_____________________________________________________
_____________________________________________________
23,0,0.0000,
0,7,1,1,1,0,1,1,1,1,1,1,0,1
1,6,1,1,1,0,1,1,1,1,1,1,0,1
_____________________________________________________
_____________________________________________________
24,5,0.0000,
1,6,1,1,1,0,1,1,1,1,1,1,0,1
0,7,1,1,1,0,1,1,1,1,1,1,1,1
_____________________________________________________
_____________________________________________________
25,0,0.0000,
0,7,1,1,1,0,1,1,1,1,1,1,1,1
0,7,1,1,1,0,1,1,1,1,1,1,1,1
_____________________________________________________
_____________________________________________________
26,0,0.0000,
0,7,1,1,1,0,1,1,1,1,1,1,1,1
1,6,1,1,1,0,1,1,1,1,1,1,1,1
_____________________________________________________
_____________________________________________________
27,5,0.0000,
1,6,1,1,1,0,1,1,1,1,1,1,1,1
0,7,1,1,0,1,0,1,1,1,1,0,1,1
_____________________________________________________
_____________________________________________________
28,0,0.0000,
0,7,1,1,0,1,0,1,1,1,1,0,1,1
0,7,1,1,1,1,0,1,1,1,1,1,1,1
_____________________________________________________
_____________________________________________________
29,0,0.0000,
0,7,1,1,1,1,0,1,1,1,1,1,1,1
1,6,1,1,1,1,1,1,1,1,1,1,1,1
_____________________________________________________
_____________________________________________________
30,5,0.0000,
1,6,1,1,1,1,1,1,1,1,1,1,1,1
1,6,1,1,1,1,0,1,1,1,1,0,1,1
_____________________________________________________
_____________________________________________________
31,11,0.0000,
1,6,1,1,1,1,0,1,1,1,1,0,1,1
0,7,1,1,0,0,0,1,1,1,1,1,0,1
_____________________________________________________
_____________________________________________________
32,0,0.0000,
0,7,1,1,0,0,0,1,1,1,1,1,0,1
1,6,1,1,0,0,1,1,1,1,1,1,0,1
_____________________________________________________
_____________________________________________________
33,5,0.0000,
1,6,1,1,0,0,1,1,1,1,1,1,0,1
0,7,1,1,0,1,0,1,1,1,1,0,1,1
_____________________________________________________
_____________________________________________________
34,0,0.0000,
0,7,1,1,0,1,0,1,1,1,1,0,1,1
0,7,1,1,1,1,0,1,1,1,1,1,1,1
_____________________________________________________
_____________________________________________________
35,0,0.0000,
0,7,1,1,1,1,0,1,1,1,1,1,1,1
1,6,1,1,1,1,1,1,1,1,1,1,1,1
_____________________________________________________
_____________________________________________________
36,2,0.0000,
1,6,1,1,1,1,1,1,1,1,1,1,1,1
1,6,0,0,1,1,1,0,1,1,0,1,1,1
_____________________________________________________
_____________________________________________________
37,11,0.0000,
1,6,0,0,1,1,1,0,1,1,0,1,1,1
1,6,0,0,0,0,1,0,1,1,0,1,0,1
_____________________________________________________
_____________________________________________________
38,5,0.0000,
1,6,0,0,0,0,1,0,1,1,0,1,0,1
1,6,0,0,0,0,0,0,1,1,0,1,1,1
_____________________________________________________
_____________________________________________________
39,11,0.0000,
1,6,0,0,0,0,0,0,1,1,0,1,1,1
1,6,0,0,0,0,1,0,1,1,0,1,0,1
_____________________________________________________
_____________________________________________________
40,5,0.0000,
1,6,0,0,0,0,1,0,1,1,0,1,0,1
1,6,0,0,1,1,0,0,1,1,0,0,1,1
_____________________________________________________
_____________________________________________________
41,11,0.0000,
1,6,0,0,1,1,0,0,1,1,0,0,1,1
0,7,1,0,0,0,0,1,0,1,1,1,1,1
_____________________________________________________
_____________________________________________________
42,0,0.0000,
0,7,1,0,0,0,0,1,0,1,1,1,1,1
0,7,1,1,1,1,1,1,0,1,1,1,1,1
_____________________________________________________
_____________________________________________________
43,0,0.0000,
0,7,1,1,1,1,1,1,0,1,1,1,1,1
0,7,1,1,1,1,1,1,0,1,1,1,1,1
_____________________________________________________
_____________________________________________________
44,0,0.0000,
0,7,1,1,1,1,1,1,0,1,1,1,1,1
1,6,1,1,1,1,1,1,0,1,1,1,1,1
_____________________________________________________
_____________________________________________________
45,11,0.0000,
1,6,1,1,1,1,1,1,0,1,1,1,1,1
0,7,1,1,1,1,1,1,0,1,1,1,0,1
_____________________________________________________
_____________________________________________________
46,0,0.0000,
0,7,1,1,1,1,1,1,0,1,1,1,0,1
0,7,1,1,1,1,1,1,1,1,1,1,0,1
_____________________________________________________
_____________________________________________________
47,0,0.0000,
0,7,1,1,1,1,1,1,1,1,1,1,0,1
0,7,1,1,1,1,1,1,1,1,1,1,1,1
_____________________________________________________
_____________________________________________________
48,0,0.0000,
0,7,1,1,1,1,1,1,1,1,1,1,1,1
0,7,1,1,1,1,1,1,1,1,1,1,1,1
_____________________________________________________
_____________________________________________________
49,0,0.0000,
0,7,1,1,1,1,1,1,1,1,1,1,1,1
1,6,1,1,1,1,1,1,1,1,1,1,1,1
_____________________________________________________
_____________________________________________________
50,2,0.0000,
1,6,1,1,1,1,1,1,1,1,1,1,1,1
1,6,1,0,0,1,1,1,1,1,1,1,1,1
_____________________________________________________
_____________________________________________________
51,11,0.0000,
1,6,1,0,0,1,1,1,1,1,1,1,1,1
1,6,1,0,0,1,1,1,1,1,1,1,1,1
_____________________________________________________
_____________________________________________________
52,11,0.0000,
1,6,1,0,0,1,1,1,1,1,1,1,1,1
0,7,1,0,0,1,1,1,1,1,1,1,0,1
_____________________________________________________
_____________________________________________________
53,0,0.0000,
0,7,1,0,0,1,1,1,1,1,1,1,0,1
0,7,1,1,1,1,1,1,1,1,1,1,0,1
_____________________________________________________
_____________________________________________________
54,0,0.0000,
0,7,1,1,1,1,1,1,1,1,1,1,0,1
0,7,1,1,1,1,1,1,1,1,1,1,0,1
_____________________________________________________
_____________________________________________________
55,0,0.0000,
0,7,1,1,1,1,1,1,1,1,1,1,0,1
0,7,1,1,0,1,1,1,1,1,1,1,1,1
_____________________________________________________
_____________________________________________________
56,0,0.0000,
0,7,1,1,0,1,1,1,1,1,1,1,1,1
1,6,1,1,0,1,1,1,1,1,1,1,1,1
_____________________________________________________
_____________________________________________________
57,11,0.0000,
1,6,1,1,0,1,1,1,1,1,1,1,1,1
1,6,1,1,0,1,1,0,1,0,1,1,0,1
_____________________________________________________
_____________________________________________________
58,5,0.0000,
1,6,1,1,0,1,1,0,1,0,1,1,0,1
0,7,1,1,0,1,0,0,1,0,1,0,0,1
_____________________________________________________
_____________________________________________________
59,0,0.0000,
0,7,1,1,0,1,0,0,1,0,1,0,0,1
0,7,1,1,0,1,0,0,1,0,1,0,0,1
_____________________________________________________
_____________________________________________________
60,0,0.0000,
0,7,1,1,0,1,0,0,1,0,1,0,0,1
0,7,1,1,0,1,0,0,1,0,1,0,0,1
_____________________________________________________
_____________________________________________________
61,0,0.0000,
0,7,1,1,0,1,0,0,1,0,1,0,0,1
0,7,1,1,1,1,0,0,1,0,1,0,0,1
_____________________________________________________
_____________________________________________________
62,0,0.0000,
0,7,1,1,1,1,0,0,1,0,1,0,0,1
0,7,1,1,1,1,0,0,1,0,1,0,0,1
_____________________________________________________
_____________________________________________________
63,0,0.0000,
0,7,1,1,1,1,0,0,1,0,1,0,0,1
0,7,1,1,1,1,0,0,1,0,1,0,0,1
_____________________________________________________
_____________________________________________________
64,0,0.0000,
0,7,1,1,1,1,0,0,1,0,1,0,0,1
0,7,1,1,1,1,0,0,1,0,1,1,0,1
_____________________________________________________
_____________________________________________________
65,0,0.0000,
0,7,1,1,1,1,0,0,1,0,1,1,0,1
0,7,1,1,1,1,1,0,1,0,1,1,0,1
_____________________________________________________
_____________________________________________________
66,0,0.0000,
0,7,1,1,1,1,1,0,1,0,1,1,0,1
0,7,1,1,1,1,1,0,1,0,1,1,0,1
_____________________________________________________
_____________________________________________________
67,0,0.0000,
0,7,1,1,1,1,1,0,1,0,1,1,0,1
0,7,1,1,1,1,1,0,1,0,1,1,0,1
_____________________________________________________
_____________________________________________________
68,0,0.0000,
0,7,1,1,1,1,1,0,1,0,1,1,0,1
0,7,1,1,1,1,1,0,1,0,1,1,0,1
_____________________________________________________
_____________________________________________________
69,0,0.0000,
0,7,1,1,1,1,1,0,1,0,1,1,0,1
1,6,1,1,1,1,1,1,0,1,1,1,0,1
_____________________________________________________
_____________________________________________________
70,5,0.0000,
1,6,1,1,1,1,1,1,0,1,1,1,0,1
0,7,1,1,1,1,0,1,0,1,1,1,0,1
_____________________________________________________
_____________________________________________________
71,0,0.0000,
0,7,1,1,1,1,0,1,0,1,1,1,0,1
1,6,1,1,1,1,0,1,0,1,1,1,0,1
_____________________________________________________
_____________________________________________________
72,6,0.0000,
1,6,1,1,1,1,0,1,0,1,1,1,0,1
0,7,1,1,1,1,1,0,0,1,1,1,0,1
_____________________________________________________
_____________________________________________________
73,0,0.0000,
0,7,1,1,1,1,1,0,0,1,1,1,0,1
0,7,1,1,1,1,1,1,0,1,1,1,0,1
_____________________________________________________
_____________________________________________________
74,0,0.0000,
0,7,1,1,1,1,1,1,0,1,1,1,0,1
0,7,1,1,1,1,1,1,0,1,1,1,0,1
_____________________________________________________
_____________________________________________________
75,0,0.0000,
0,7,1,1,1,1,1,1,0,1,1,1,0,1
0,7,1,1,1,1,1,1,0,1,1,1,0,1
_____________________________________________________
_____________________________________________________
76,0,0.0000,
0,7,1,1,1,1,1,1,0,1,1,1,0,1
0,7,1,1,1,1,1,1,0,1,1,1,0,1
_____________________________________________________
_____________________________________________________
77,0,0.0000,
0,7,1,1,1,1,1,1,0,1,1,1,0,1
0,7,1,1,1,1,1,1,0,1,1,1,0,1
_____________________________________________________
_____________________________________________________
78,0,0.0000,
0,7,1,1,1,1,1,1,0,1,1,1,0,1
1,6,1,1,1,1,1,1,0,1,1,1,0,1
_____________________________________________________
_____________________________________________________
79,2,0.0000,
1,6,1,1,1,1,1,1,0,1,1,1,0,1
0,7,0,0,1,1,1,1,0,1,1,1,0,1
_____________________________________________________
_____________________________________________________
80,0,0.0000,
0,7,0,0,1,1,1,1,0,1,1,1,0,1
0,7,0,0,1,1,1,1,0,1,1,1,0,1
_____________________________________________________
_____________________________________________________
81,0,0.0000,
0,7,0,0,1,1,1,1,0,1,1,1,0,1
0,7,0,0,1,1,1,1,0,1,1,1,0,1
_____________________________________________________
_____________________________________________________
82,0,0.0000,
0,7,0,0,1,1,1,1,0,1,1,1,0,1
0,7,0,0,1,1,1,1,0,1,1,1,0,1
_____________________________________________________
_____________________________________________________
83,0,0.0000,
0,7,0,0,1,1,1,1,0,1,1,1,0,1
0,7,0,0,1,0,1,1,1,1,1,1,1,0
_____________________________________________________
_____________________________________________________
84,0,0.0000,
0,7,0,0,1,0,1,1,1,1,1,1,1,0
0,7,0,0,1,0,1,1,1,1,1,1,1,0
_____________________________________________________
_____________________________________________________
85,0,0.0000,
0,7,0,0,1,0,1,1,1,1,1,1,1,0
0,7,0,0,1,0,1,1,1,1,1,1,1,0
_____________________________________________________
_____________________________________________________
86,0,0.0000,
0,7,0,0,1,0,1,1,1,1,1,1,1,0
1,6,0,0,1,0,1,1,1,1,1,1,1,0
_____________________________________________________
_____________________________________________________
87,5,0.0000,
1,6,0,0,1,0,1,1,1,1,1,1,1,0
0,7,0,0,1,0,0,1,1,1,1,1,1,0
_____________________________________________________
_____________________________________________________
88,0,0.0000,
0,7,0,0,1,0,0,1,1,1,1,1,1,0
1,6,0,0,1,0,0,1,1,1,1,1,1,1
_____________________________________________________
_____________________________________________________
89,11,0.0000,
1,6,0,0,1,0,0,1,1,1,1,1,1,1
1,6,0,1,1,1,0,1,1,1,0,1,0,1
_____________________________________________________
_____________________________________________________
90,7,0.0000,
1,6,0,1,1,1,0,1,1,1,0,1,0,1
0,7,0,1,1,1,0,1,0,1,1,0,1,1
_____________________________________________________
_____________________________________________________
91,0,0.0000,
0,7,0,1,1,1,0,1,0,1,1,0,1,1
1,6,0,1,1,1,0,1,0,1,1,0,1,1
_____________________________________________________
_____________________________________________________
92,11,0.0000,
1,6,0,1,1,1,0,1,0,1,1,0,1,1
1,6,0,1,1,1,0,1,0,1,1,0,1,1
_____________________________________________________
_____________________________________________________
93,11,0.0000,
1,6,0,1,1,1,0,1,0,1,1,0,1,1
0,7,0,1,1,1,0,1,0,1,0,0,0,1
_____________________________________________________
_____________________________________________________
94,0,0.0000,
0,7,0,1,1,1,0,1,0,1,0,0,0,1
0,7,0,1,1,1,0,1,0,1,1,0,1,1
_____________________________________________________
_____________________________________________________
95,0,0.0000,
0,7,0,1,1,1,0,1,0,1,1,0,1,1
1,6,0,1,1,1,0,1,1,1,1,1,1,1
_____________________________________________________
_____________________________________________________
96,2,0.0000,
1,6,0,1,1,1,0,1,1,1,1,1,1,1
0,7,0,0,1,0,0,1,1,1,1,1,1,0
_____________________________________________________
_____________________________________________________
97,0,0.0000,
0,7,0,0,1,0,0,1,1,1,1,1,1,0
0,7,1,1,1,0,0,1,1,0,1,1,0,0
_____________________________________________________
_____________________________________________________
98,0,0.0000,
0,7,1,1,1,0,0,1,1,0,1,1,0,0
1,6,1,1,1,0,0,1,1,0,1,1,0,0
_____________________________________________________
_____________________________________________________
99,7,0.0000,
1,6,1,1,1,0,0,1,1,0,1,1,0,0
0,7,0,1,1,0,0,1,0,0,1,1,0,0
_____________________________________________________
_____________________________________________________
100,0,0.0000,
0,7,0,1,1,0,0,1,0,0,1,1,0,0
0,7,0,1,1,0,0,1,0,0,1,1,0,0
_____________________________________________________
_____________________________________________________
101,0,0.0000,
0,7,0,1,1,0,0,1,0,0,1,1,0,0
0,7,0,1,1,0,0,1,0,0,1,1,0,0
_____________________________________________________
_____________________________________________________
102,0,0.0000,
0,7,0,1,1,0,0,1,0,0,1,1,0,0
0,7,0,1,1,0,0,1,0,0,1,1,0,0
_____________________________________________________
_____________________________________________________
103,0,0.0000,
0,7,0,1,1,0,0,1,0,0,1,1,0,0
1,6,0,1,1,0,0,1,0,0,1,1,0,0
_____________________________________________________
_____________________________________________________
104,6,0.0000,
1,6,0,1,1,0,0,1,0,0,1,1,0,0
1,6,0,1,1,0,0,0,0,0,1,1,0,0
_____________________________________________________
_____________________________________________________
105,9,0.0000,
1,6,0,1,1,0,0,0,0,0,1,1,0,0
0,7,0,1,1,0,0,0,0,0,1,1,0,0
_____________________________________________________
_____________________________________________________
106,0,0.0000,
0,7,0,1,1,0,0,0,0,0,1,1,0,0
0,7,1,1,1,0,0,0,1,0,1,1,0,0
_____________________________________________________
_____________________________________________________
107,0,0.0000,
0,7,1,1,1,0,0,0,1,0,1,1,0,0
0,7,1,1,1,0,0,1,1,0,1,1,0,0
_____________________________________________________
_____________________________________________________
108,0,0.0000,
0,7,1,1,1,0,0,1,1,0,1,1,0,0
0,7,1,1,1,0,0,1,1,0,1,1,0,0
_____________________________________________________
_____________________________________________________
109,0,0.0000,
0,7,1,1,1,0,0,1,1,0,1,1,0,0
1,6,1,1,1,0,0,1,1,0,1,1,0,0
_____________________________________________________
_____________________________________________________
110,2,0.0000,
1,6,1,1,1,0,0,1,1,0,1,1,0,0
1,6,1,0,1,0,0,1,1,0,1,1,0,0
_____________________________________________________
_____________________________________________________
111,7,0.0000,
1,6,1,0,1,0,0,1,1,0,1,1,0,0
0,7,0,0,1,1,1,1,1,0,0,0,1,1
_____________________________________________________
_____________________________________________________
112,0,0.0000,
0,7,0,0,1,1,1,1,1,0,0,0,1,1
1,6,0,0,1,1,1,1,1,0,0,0,1,1
_____________________________________________________
_____________________________________________________
113,11,0.0000,
1,6,0,0,1,1,1,1,1,0,0,0,1,1
1,6,0,0,1,1,1,1,1,0,0,1,1,1
_____________________________________________________
_____________________________________________________
114,11,0.0000,
1,6,0,0,1,1,1,1,1,0,0,1,1,1
1,6,1,0,1,0,1,0,1,0,0,1,0,1
_____________________________________________________
_____________________________________________________
115,5,0.0000,
1,6,1,0,1,0,1,0,1,0,0,1,0,1
0,7,1,0,1,0,0,0,1,0,0,1,0,1
_____________________________________________________
_____________________________________________________
116,0,0.0000,
0,7,1,0,1,0,0,0,1,0,0,1,0,1
0,7,1,0,1,0,0,0,1,0,0,1,0,1
_____________________________________________________
_____________________________________________________
117,0,0.0000,
0,7,1,0,1,0,0,0,1,0,0,1,0,1
1,6,1,0,1,0,0,0,1,0,0,1,0,1
_____________________________________________________
_____________________________________________________
118,7,0.0000,
1,6,1,0,1,0,0,0,1,0,0,1,0,1
0,7,1,0,1,0,1,0,0,0,0,1,0,1
_____________________________________________________
_____________________________________________________
119,0,0.0000,
0,7,1,0,1,0,1,0,0,0,0,1,0,1
0,7,1,0,1,0,1,0,0,0,0,1,0,1
_____________________________________________________
_____________________________________________________
120,0,0.0000,
0,7,1,0,1,0,1,0,0,0,0,1,0,1
1,6,1,0,1,0,1,0,0,0,0,1,0,1
_____________________________________________________
_____________________________________________________
121,5,0.0000,
1,6,1,0,1,0,1,0,0,0,0,1,0,1
0,7,1,0,1,0,0,0,0,0,0,1,0,1
_____________________________________________________
_____________________________________________________
122,0,0.0000,
0,7,1,0,1,0,0,0,0,0,0,1,0,1
0,7,1,0,1,0,0,0,0,0,0,1,0,1
_____________________________________________________
_____________________________________________________
123,0,0.0000,
0,7,1,0,1,0,0,0,0,0,0,1,0,1
0,7,1,0,1,0,0,0,0,0,0,1,0,1
_____________________________________________________
_____________________________________________________
124,0,0.0000,
0,7,1,0,1,0,0,0,0,0,0,1,0,1
0,7,1,0,1,0,0,0,0,0,0,1,0,1
_____________________________________________________
_____________________________________________________
125,0,0.0000,
0,7,1,0,1,0,0,0,0,0,0,1,0,1
1,6,0,0,0,0,1,0,0,1,0,0,0,0
_____________________________________________________
_____________________________________________________
126,5,0.0000,
1,6,0,0,0,0,1,0,0,1,0,0,0,0
0,7,0,0,0,0,0,0,0,1,0,0,0,1
_____________________________________________________
_____________________________________________________
127,0,0.0000,
0,7,0,0,0,0,0,0,0,1,0,0,0,1
0,7,0,1,0,0,0,0,0,1,1,0,0,1
_____________________________________________________
_____________________________________________________
128,0,0.0000,
0,7,0,1,0,0,0,0,0,1,1,0,0,1
0,7,0,1,0,0,0,0,0,1,1,0,0,1
_____________________________________________________
_____________________________________________________
129,0,0.0000,
0,7,0,1,0,0,0,0,0,1,1,0,0,1
0,7,0,1,0,0,0,0,0,1,1,0,0,1
_____________________________________________________
_____________________________________________________
130,0,0.0000,
0,7,0,1,0,0,0,0,0,1,1,0,0,1
1,6,0,1,0,0,0,0,0,1,1,0,0,1
_____________________________________________________
_____________________________________________________
131,12,0.0000,
1,6,0,1,0,0,0,0,0,1,1,0,0,1
1,6,0,0,0,0,1,0,0,1,0,1,0,0
_____________________________________________________
_____________________________________________________
132,5,0.0000,
1,6,0,0,0,0,1,0,0,1,0,1,0,0
0,7,0,1,0,1,0,0,0,1,1,1,0,1
_____________________________________________________
_____________________________________________________
133,0,0.0000,
0,7,0,1,0,1,0,0,0,1,1,1,0,1
1,6,0,1,0,1,0,0,0,1,1,1,0,1
_____________________________________________________
_____________________________________________________
134,2,0.0000,
1,6,0,1,0,1,0,0,0,1,1,1,0,1
0,7,0,0,0,1,0,0,0,1,0,1,0,0
_____________________________________________________
_____________________________________________________
135,0,0.0000,
0,7,0,0,0,1,0,0,0,1,0,1,0,0
0,7,0,0,0,1,0,0,0,1,0,1,0,0
_____________________________________________________
_____________________________________________________
136,0,0.0000,
0,7,0,0,0,1,0,0,0,1,0,1,0,0
0,7,0,0,0,1,0,0,0,1,0,1,0,0
_____________________________________________________
_____________________________________________________
137,0,0.0000,
0,7,0,0,0,1,0,0,0,1,0,1,0,0
0,7,0,0,0,1,0,0,0,1,0,1,0,0
_____________________________________________________
_____________________________________________________
138,0,0.0000,
0,7,0,0,0,1,0,0,0,1,0,1,0,0
0,7,0,0,0,1,0,0,0,1,0,1,0,0
_____________________________________________________
_____________________________________________________
139,0,0.0000,
0,7,0,0,0,1,0,0,0,1,0,1,0,0
0,7,0,0,0,0,0,0,0,0,0,0,0,0
_____________________________________________________
