_____________________________________________________
0,11,0.0000,
6,2,0,0,1,1,1,1,1,1,0,1,1,1
6,2,0,0,1,1,0,1,1,1,0,0,0,1
_____________________________________________________
_____________________________________________________
1,9,-1.0000,
6,2,0,0,1,1,0,1,1,1,0,0,0,1
6,2,0,0,1,1,0,1,1,1,-1,0,0,1
_____________________________________________________
_____________________________________________________
2,9,0.0000,
6,2,0,0,1,1,0,1,1,1,-1,0,0,1
5,2,0,0,1,1,0,1,1,1,-1,0,0,1
_____________________________________________________
_____________________________________________________
3,9,0.0000,
5,2,0,0,1,1,0,1,1,1,-1,0,0,1
4,2,0,0,1,1,0,1,1,1,-1,0,0,1
_____________________________________________________
_____________________________________________________
4,9,0.0000,
4,2,0,0,1,1,0,1,1,1,-1,0,0,1
3,1,0,0,1,1,0,1,1,1,-1,0,0,1
_____________________________________________________
_____________________________________________________
5,9,0.0000,
3,1,0,0,1,1,0,1,1,1,-1,0,0,1
2,1,0,0,1,1,0,1,1,1,-1,0,0,1
_____________________________________________________
_____________________________________________________
6,12,0.0000,
2,1,0,0,1,1,0,1,1,1,-1,0,0,1
2,1,0,0,1,1,0,1,1,1,-1,0,0,0
_____________________________________________________
_____________________________________________________
7,9,0.0000,
2,1,0,0,1,1,0,1,1,1,-1,0,0,0
2,5,0,0,1,1,0,1,1,1,-1,0,0,0
_____________________________________________________
_____________________________________________________
8,7,0.0000,
2,5,0,0,1,1,0,1,1,1,-1,0,0,0
1,5,0,0,1,1,1,1,0,1,-1,1,1,0
_____________________________________________________
_____________________________________________________
9,11,0.0000,
1,5,0,0,1,1,1,1,0,1,-1,1,1,0
0,7,0,0,1,1,0,1,0,1,-1,0,0,0
_____________________________________________________
_____________________________________________________
10,0,0.0000,
0,7,0,0,1,1,0,1,0,1,-1,0,0,0
0,7,0,0,1,1,0,1,0,1,-1,0,0,1
_____________________________________________________
_____________________________________________________
11,0,0.0000,
0,7,0,0,1,1,0,1,0,1,-1,0,0,1
1,6,0,0,1,0,0,1,0,1,0,0,0,1
_____________________________________________________
_____________________________________________________
12,6,0.0000,
1,6,0,0,1,0,0,1,0,1,0,0,0,1
0,7,0,1,1,0,0,0,0,1,0,0,0,1
_____________________________________________________
_____________________________________________________
13,0,0.0000,
0,7,0,1,1,0,0,0,0,1,0,0,0,1
0,7,0,1,0,0,0,1,0,0,1,1,0,1
_____________________________________________________
_____________________________________________________
14,0,0.0000,
0,7,0,1,0,0,0,1,0,0,1,1,0,1
0,7,0,1,0,0,0,1,0,0,1,1,0,1
_____________________________________________________
_____________________________________________________
15,0,0.0000,
0,7,0,1,0,0,0,1,0,0,1,1,0,1
0,7,0,1,0,0,1,1,0,1,1,1,0,1
_____________________________________________________
_____________________________________________________
16,0,0.0000,
0,7,0,1,0,0,1,1,0,1,1,1,0,1
1,6,0,1,0,1,1,1,0,1,1,1,0,1
_____________________________________________________
_____________________________________________________
17,5,0.0000,
1,6,0,1,0,1,1,1,0,1,1,1,0,1
1,6,1,1,0,0,1,1,0,1,1,1,0,1
_____________________________________________________
_____________________________________________________
18,5,0.0000,
1,6,1,1,0,0,1,1,0,1,1,1,0,1
1,6,1,1,0,0,0,1,0,0,1,1,0,1
_____________________________________________________
_____________________________________________________
19,2,0.0000,
1,6,1,1,0,0,0,1,0,0,1,1,0,1
0,7,1,0,0,0,0,1,1,0,1,1,0,0
_____________________________________________________
_____________________________________________________
20,0,0.0000,
0,7,1,0,0,0,0,1,1,0,1,1,0,0
0,7,1,0,0,0,0,1,1,0,1,1,0,0
_____________________________________________________
_____________________________________________________
21,0,0.0000,
0,7,1,0,0,0,0,1,1,0,1,1,0,0
0,7,1,0,1,1,1,1,1,1,1,1,0,0
_____________________________________________________
_____________________________________________________
22,0,0.0000,
0,7,1,0,1,1,1,1,1,1,1,1,0,0
0,7,1,0,1,1,1,1,1,1,1,1,0,0
_____________________________________________________
_____________________________________________________
23,0,0.0000,
0,7,1,0,1,1,1,1,1,1,1,1,0,0
0,7,1,0,1,1,1,1,1,1,1,1,0,0
_____________________________________________________
_____________________________________________________
24,0,0.0000,
0,7,1,0,1,1,1,1,1,1,1,1,0,0
0,7,1,0,1,1,1,1,1,1,1,1,0,0
_____________________________________________________
_____________________________________________________
25,0,0.0000,
0,7,1,0,1,1,1,1,1,1,1,1,0,0
0,7,1,0,1,1,1,1,0,1,1,1,0,1
_____________________________________________________
_____________________________________________________
26,0,0.0000,
0,7,1,0,1,1,1,1,0,1,1,1,0,1
1,6,1,1,1,1,1,1,0,1,1,1,0,1
_____________________________________________________
_____________________________________________________
27,5,0.0000,
1,6,1,1,1,1,1,1,0,1,1,1,0,1
1,6,1,1,0,1,1,1,1,1,1,0,1,0
_____________________________________________________
_____________________________________________________
28,5,0.0000,
1,6,1,1,0,1,1,1,1,1,1,0,1,0
0,7,1,1,0,0,0,1,1,1,0,0,1,0
_____________________________________________________
_____________________________________________________
29,0,0.0000,
0,7,1,1,0,0,0,1,1,1,0,0,1,0
0,7,1,1,0,0,0,1,1,1,0,0,1,0
_____________________________________________________
_____________________________________________________
30,0,0.0000,
0,7,1,1,0,0,0,1,1,1,0,0,1,0
1,6,1,1,0,0,0,1,1,1,0,0,1,0
_____________________________________________________
_____________________________________________________
31,11,0.0000,
1,6,1,1,0,0,0,1,1,1,0,0,1,0
0,7,1,1,0,0,0,1,1,1,0,1,0,0
_____________________________________________________
_____________________________________________________
32,0,0.0000,
0,7,1,1,0,0,0,1,1,1,0,1,0,0
0,7,1,1,0,0,0,1,1,1,0,1,0,0
_____________________________________________________
_____________________________________________________
33,0,0.0000,
0,7,1,1,0,0,0,1,1,1,0,1,0,0
1,6,1,1,0,0,0,1,1,1,0,1,0,0
_____________________________________________________
_____________________________________________________
34,7,0.0000,
1,6,1,1,0,0,0,1,1,1,0,1,0,0
0,7,1,1,0,0,0,1,0,1,1,1,0,0
_____________________________________________________
_____________________________________________________
35,0,0.0000,
0,7,1,1,0,0,0,1,0,1,1,1,0,0
0,7,1,1,0,1,1,1,0,1,1,1,0,0
_____________________________________________________
_____________________________________________________
36,0,0.0000,
0,7,1,1,0,1,1,1,0,1,1,1,0,0
1,6,1,1,0,1,1,1,0,1,1,1,0,0
_____________________________________________________
_____________________________________________________
37,5,0.0000,
1,6,1,1,0,1,1,1,0,1,1,1,0,0
0,7,1,1,0,1,1,1,0,1,1,1,0,0
_____________________________________________________
_____________________________________________________
38,0,0.0000,
0,7,1,1,0,1,1,1,0,1,1,1,0,0
1,6,1,1,0,1,1,1,0,1,1,1,0,0
_____________________________________________________
_____________________________________________________
39,5,0.0000,
1,6,1,1,0,1,1,1,0,1,1,1,0,0
0,7,1,1,0,0,0,1,0,1,1,1,0,0
_____________________________________________________
_____________________________________________________
40,0,0.0000,
0,7,1,1,0,0,0,1,0,1,1,1,0,0
0,7,1,1,0,1,1,1,0,1,1,1,0,0
_____________________________________________________
_____________________________________________________
41,0,0.0000,
0,7,1,1,0,1,1,1,0,1,1,1,0,0
1,6,0,1,0,1,1,1,1,0,0,0,0,0
_____________________________________________________
_____________________________________________________
42,7,0.0000,
1,6,0,1,0,1,1,1,1,0,0,0,0,0
0,7,0,1,0,1,1,1,0,0,0,0,0,0
_____________________________________________________
_____________________________________________________
43,0,0.0000,
0,7,0,1,0,1,1,1,0,0,0,0,0,0
1,6,1,1,0,1,1,1,0,0,1,0,0,1
_____________________________________________________
_____________________________________________________
44,5,0.0000,
1,6,1,1,0,1,1,1,0,0,1,0,0,1
1,6,1,1,0,1,0,1,0,0,1,0,0,1
_____________________________________________________
_____________________________________________________
45,6,0.0000,
1,6,1,1,0,1,0,1,0,0,1,0,0,1
0,7,0,1,0,1,1,0,0,0,0,0,0,0
_____________________________________________________
_____________________________________________________
46,0,0.0000,
0,7,0,1,0,1,1,0,0,0,0,0,0,0
0,7,0,1,0,1,1,0,0,0,0,0,0,0
_____________________________________________________
_____________________________________________________
47,0,0.0000,
0,7,0,1,0,1,1,0,0,0,0,0,0,0
0,7,0,1,0,1,1,0,0,0,1,0,0,1
_____________________________________________________
_____________________________________________________
48,0,0.0000,
0,7,0,1,0,1,1,0,0,0,1,0,0,1
0,7,1,1,0,1,1,1,1,0,1,0,0,1
_____________________________________________________
_____________________________________________________
49,0,0.0000,
0,7,1,1,0,1,1,1,1,0,1,0,0,1
1,6,1,1,0,1,1,1,1,0,1,0,0,1
_____________________________________________________
_____________________________________________________
50,7,0.0000,
1,6,1,1,0,1,1,1,1,0,1,0,0,1
1,6,1,1,0,1,1,1,0,0,1,0,0,1
_____________________________________________________
_____________________________________________________
51,5,0.0000,
1,6,1,1,0,1,1,1,0,0,1,0,0,1
0,7,1,1,0,1,0,1,0,0,1,0,0,1
_____________________________________________________
_____________________________________________________
52,0,0.0000,
0,7,1,1,0,1,0,1,0,0,1,0,0,1
0,7,1,1,0,1,0,1,0,0,1,0,0,1
_____________________________________________________
_____________________________________________________
53,0,0.0000,
0,7,1,1,0,1,0,1,0,0,1,0,0,1
1,6,1,1,0,1,0,1,0,0,1,0,0,1
_____________________________________________________
_____________________________________________________
54,6,0.0000,
1,6,1,1,0,1,0,1,0,0,1,0,0,1
1,6,1,1,0,1,0,0,1,0,1,0,0,1
_____________________________________________________
_____________________________________________________
55,7,0.0000,
1,6,1,1,0,1,0,0,1,0,1,0,0,1
0,7,1,0,1,0,1,1,0,1,0,0,0,1
_____________________________________________________
_____________________________________________________
56,0,0.0000,
0,7,1,0,1,0,1,1,0,1,0,0,0,1
0,7,1,0,0,0,1,1,0,1,0,0,0,1
_____________________________________________________
_____________________________________________________
57,0,0.0000,
0,7,1,0,0,0,1,1,0,1,0,0,0,1
0,7,1,0,0,0,1,1,0,1,0,0,0,1
_____________________________________________________
_____________________________________________________
58,0,0.0000,
0,7,1,0,0,0,1,1,0,1,0,0,0,1
1,6,1,0,0,0,1,1,0,1,0,0,0,1
_____________________________________________________
_____________________________________________________
59,5,0.0000,
1,6,1,0,0,0,1,1,0,1,0,0,0,1
1,6,1,0,0,1,0,1,0,1,1,0,0,1
_____________________________________________________
_____________________________________________________
60,6,0.0000,
1,6,1,0,0,1,0,1,0,1,1,0,0,1
0,7,0,0,0,1,0,0,0,0,1,0,0,0
_____________________________________________________
_____________________________________________________
61,0,0.0000,
0,7,0,0,0,1,0,0,0,0,1,0,0,0
0,7,0,0,0,1,0,0,0,0,1,0,0,1
_____________________________________________________
_____________________________________________________
62,0,0.0000,
0,7,0,0,0,1,0,0,0,0,1,0,0,1
1,6,1,0,0,1,0,1,0,1,1,0,0,1
_____________________________________________________
_____________________________________________________
63,6,0.0000,
1,6,1,0,0,1,0,1,0,1,1,0,0,1
1,6,0,0,0,1,0,0,0,0,1,0,0,0
_____________________________________________________
_____________________________________________________
64,9,0.0000,
1,6,0,0,0,1,0,0,0,0,1,0,0,0
1,6,0,0,0,0,0,0,0,0,0,0,0,0
_____________________________________________________
_____________________________________________________
65,0,0.0000,
1,6,0,0,0,0,0,0,0,0,0,0,0,0
1,5,0,0,0,0,0,0,0,0,0,0,0,1
_____________________________________________________
_____________________________________________________
66,12,0.0000,
1,5,0,0,0,0,0,0,0,0,0,0,0,1
0,7,0,0,0,0,0,0,0,0,1,0,0,0
_____________________________________________________
_____________________________________________________
67,0,0.0000,
0,7,0,0,0,0,0,0,0,0,1,0,0,0
0,7,0,0,0,1,0,0,0,1,1,0,0,1
_____________________________________________________
_____________________________________________________
68,0,0.0000,
0,7,0,0,0,1,0,0,0,1,1,0,0,1
1,6,1,0,0,1,0,1,0,1,1,0,0,1
_____________________________________________________
_____________________________________________________
69,6,0.0000,
1,6,1,0,0,1,0,1,0,1,1,0,0,1
1,6,0,0,0,1,0,1,0,0,1,1,0,1
_____________________________________________________
_____________________________________________________
70,6,0.0000,
1,6,0,0,0,1,0,1,0,0,1,1,0,1
1,6,0,0,0,1,0,0,0,0,1,1,0,1
_____________________________________________________
_____________________________________________________
71,12,0.0000,
1,6,0,0,0,1,0,0,0,0,1,1,0,1
1,6,0,0,0,1,0,0,0,0,1,1,0,0
_____________________________________________________
_____________________________________________________
72,9,0.0000,
1,6,0,0,0,1,0,0,0,0,1,1,0,0
1,6,0,0,0,1,1,1,0,0,1,1,0,0
_____________________________________________________
_____________________________________________________
73,6,0.0000,
1,6,0,0,0,1,1,1,0,0,1,1,0,0
0,7,0,0,0,1,0,0,0,0,1,1,0,0
_____________________________________________________
_____________________________________________________
74,0,0.0000,
0,7,0,0,0,1,0,0,0,0,1,1,0,0
0,7,0,0,0,1,0,0,0,0,1,1,0,0
_____________________________________________________
_____________________________________________________
75,0,0.0000,
0,7,0,0,0,1,0,0,0,0,1,1,0,0
1,6,0,0,0,1,0,0,0,0,1,1,0,0
_____________________________________________________
_____________________________________________________
76,9,0.0000,
1,6,0,0,0,1,0,0,0,0,1,1,0,0
1,6,0,1,0,1,1,1,0,0,0,0,0,0
_____________________________________________________
_____________________________________________________
77,5,0.0000,
1,6,0,1,0,1,1,1,0,0,0,0,0,0
1,6,0,0,0,1,0,0,0,0,0,0,0,0
_____________________________________________________
_____________________________________________________
78,0,0.0000,
1,6,0,0,0,1,0,0,0,0,0,0,0,0
2,5,0,1,0,1,1,1,0,0,1,1,0,0
_____________________________________________________
_____________________________________________________
79,5,0.0000,
2,5,0,1,0,1,1,1,0,0,1,1,0,0
2,5,0,0,0,1,0,0,0,0,1,1,0,0
_____________________________________________________
_____________________________________________________
80,9,0.0000,
2,5,0,0,0,1,0,0,0,0,1,1,0,0
1,5,0,0,0,1,0,0,0,0,0,0,0,0
_____________________________________________________
_____________________________________________________
81,0,0.0000,
1,5,0,0,0,1,0,0,0,0,0,0,0,0
1,4,0,0,0,1,0,0,0,0,0,0,0,0
_____________________________________________________
_____________________________________________________
82,0,0.0000,
1,4,0,0,0,1,0,0,0,0,0,0,0,0
2,3,0,0,0,1,0,1,0,0,0,0,0,0
_____________________________________________________
_____________________________________________________
83,6,0.0000,
2,3,0,0,0,1,0,1,0,0,0,0,0,0
1,5,0,0,0,0,0,0,0,0,0,0,1,0
_____________________________________________________
_____________________________________________________
84,11,0.0000,
1,5,0,0,0,0,0,0,0,0,0,0,1,0
1,6,0,0,0,0,0,0,0,0,0,0,0,0
_____________________________________________________
_____________________________________________________
85,0,0.0000,
1,6,0,0,0,0,0,0,0,0,0,0,0,0
1,5,0,0,0,0,0,0,0,0,0,0,1,0
_____________________________________________________
_____________________________________________________
86,11,0.0000,
1,5,0,0,0,0,0,0,0,0,0,0,1,0
1,6,1,1,0,0,0,1,0,0,0,0,0,0
_____________________________________________________
_____________________________________________________
87,6,0.0000,
1,6,1,1,0,0,0,1,0,0,0,0,0,0
0,7,1,1,0,0,0,0,0,0,0,0,1,0
_____________________________________________________
_____________________________________________________
88,0,0.0000,
0,7,1,1,0,0,0,0,0,0,0,0,1,0
0,7,1,1,0,0,0,0,0,0,1,1,1,0
_____________________________________________________
_____________________________________________________
89,0,0.0000,
0,7,1,1,0,0,0,0,0,0,1,1,1,0
0,7,1,1,0,0,1,1,0,0,1,1,1,0
_____________________________________________________
_____________________________________________________
90,0,0.0000,
0,7,1,1,0,0,1,1,0,0,1,1,1,0
0,7,1,1,0,1,1,1,0,1,1,1,1,0
_____________________________________________________
_____________________________________________________
91,0,0.0000,
0,7,1,1,0,1,1,1,0,1,1,1,1,0
0,7,1,1,0,1,1,1,0,1,1,1,1,1
_____________________________________________________
_____________________________________________________
92,0,0.0000,
0,7,1,1,0,1,1,1,0,1,1,1,1,1
0,7,1,1,0,1,1,1,0,1,1,1,0,1
_____________________________________________________
_____________________________________________________
93,0,0.0000,
0,7,1,1,0,1,1,1,0,1,1,1,0,1
1,6,1,1,0,1,1,1,0,1,0,0,0,1
_____________________________________________________
_____________________________________________________
94,5,0.0000,
1,6,1,1,0,1,1,1,0,1,0,0,0,1
0,7,1,1,0,0,0,0,0,1,0,1,1,1
_____________________________________________________
_____________________________________________________
95,0,0.0000,
0,7,1,1,0,0,0,0,0,1,0,1,1,1
0,7,1,1,0,0,0,0,0,1,1,1,1,1
_____________________________________________________
_____________________________________________________
96,0,0.0000,
0,7,1,1,0,0,0,0,0,1,1,1,1,1
0,7,1,1,0,0,0,0,0,1,1,1,1,1
_____________________________________________________
_____________________________________________________
97,0,0.0000,
0,7,1,1,0,0,0,0,0,1,1,1,1,1
1,6,1,0,0,0,0,0,1,1,0,1,0,0
_____________________________________________________
_____________________________________________________
98,7,0.0000,
1,6,1,0,0,0,0,0,1,1,0,1,0,0
0,7,0,1,1,0,0,0,0,1,0,1,0,0
_____________________________________________________
_____________________________________________________
99,0,0.0000,
0,7,0,1,1,0,0,0,0,1,0,1,0,0
0,7,0,1,1,0,0,0,0,1,0,1,0,0
_____________________________________________________
_____________________________________________________
100,0,0.0000,
0,7,0,1,1,0,0,0,0,1,0,1,0,0
0,7,0,1,1,0,0,0,0,1,0,1,0,0
_____________________________________________________
_____________________________________________________
101,0,0.0000,
0,7,0,1,1,0,0,0,0,1,0,1,0,0
0,7,0,1,1,0,0,1,0,1,0,1,1,1
_____________________________________________________
_____________________________________________________
102,0,0.0000,
0,7,0,1,1,0,0,1,0,1,0,1,1,1
1,6,1,1,1,1,0,1,0,1,0,1,1,1
_____________________________________________________
_____________________________________________________
103,11,0.0000,
1,6,1,1,1,1,0,1,0,1,0,1,1,1
0,7,0,1,1,1,0,0,0,1,0,1,0,0
_____________________________________________________
_____________________________________________________
104,0,0.0000,
0,7,0,1,1,1,0,0,0,1,0,1,0,0
1,6,0,1,1,1,0,0,0,1,1,1,0,0
_____________________________________________________
_____________________________________________________
105,2,0.0000,
1,6,0,1,1,1,0,0,0,1,1,1,0,0
1,6,0,0,0,1,0,1,0,1,1,1,1,1
_____________________________________________________
_____________________________________________________
106,11,0.0000,
1,6,0,0,0,1,0,1,0,1,1,1,1,1
1,6,0,0,0,1,0,0,0,1,1,1,0,0
_____________________________________________________
_____________________________________________________
107,9,0.0000,
1,6,0,0,0,1,0,0,0,1,1,1,0,0
0,7,0,1,1,1,0,0,0,1,0,1,0,0
_____________________________________________________
_____________________________________________________
108,0,0.0000,
0,7,0,1,1,1,0,0,0,1,0,1,0,0
0,7,1,1,1,1,0,1,0,1,0,1,1,1
_____________________________________________________
_____________________________________________________
109,0,0.0000,
0,7,1,1,1,1,0,1,0,1,0,1,1,1
0,7,1,1,1,1,0,1,0,1,0,1,1,1
_____________________________________________________
_____________________________________________________
110,0,0.0000,
0,7,1,1,1,1,0,1,0,1,0,1,1,1
0,7,1,1,1,1,0,1,0,1,0,1,1,1
_____________________________________________________
_____________________________________________________
111,0,0.0000,
0,7,1,1,1,1,0,1,0,1,0,1,1,1
0,7,1,1,0,1,0,1,0,1,1,0,1,1
_____________________________________________________
_____________________________________________________
112,0,0.0000,
0,7,1,1,0,1,0,1,0,1,1,0,1,1
0,7,1,1,0,1,0,1,0,1,1,0,0,1
_____________________________________________________
_____________________________________________________
113,0,0.0000,
0,7,1,1,0,1,0,1,0,1,1,0,0,1
0,7,1,1,1,1,0,1,0,1,1,0,0,1
_____________________________________________________
_____________________________________________________
114,0,0.0000,
0,7,1,1,1,1,0,1,0,1,1,0,0,1
1,6,1,1,1,1,0,1,0,1,1,0,0,1
_____________________________________________________
_____________________________________________________
115,2,0.0000,
1,6,1,1,1,1,0,1,0,1,1,0,0,1
1,6,1,0,1,0,0,1,0,1,1,0,0,1
_____________________________________________________
_____________________________________________________
116,6,0.0000,
1,6,1,0,1,0,0,1,0,1,1,0,0,1
0,7,1,0,1,0,0,0,0,1,1,0,0,1
_____________________________________________________
_____________________________________________________
117,0,0.0000,
0,7,1,0,1,0,0,0,0,1,1,0,0,1
0,7,1,0,1,0,0,0,0,1,1,0,0,1
_____________________________________________________
_____________________________________________________
118,0,0.0000,
0,7,1,0,1,0,0,0,0,1,1,0,0,1
0,7,1,0,1,0,0,0,0,1,1,0,1,1
_____________________________________________________
_____________________________________________________
119,0,0.0000,
0,7,1,0,1,0,0,0,0,1,1,0,1,1
0,7,1,0,1,0,0,1,0,1,1,0,1,1
_____________________________________________________
_____________________________________________________
120,0,0.0000,
0,7,1,0,1,0,0,1,0,1,1,0,1,1
1,6,1,0,1,0,0,1,0,1,1,0,1,1
_____________________________________________________
_____________________________________________________
121,11,0.0000,
1,6,1,0,1,0,0,1,0,1,1,0,1,1
0,7,1,0,1,0,0,1,0,1,1,0,0,1
_____________________________________________________
_____________________________________________________
122,0,0.0000,
0,7,1,0,1,0,0,1,0,1,1,0,0,1
1,6,1,0,1,0,0,1,0,1,1,0,0,1
_____________________________________________________
_____________________________________________________
123,6,0.0000,
1,6,1,0,1,0,0,1,0,1,1,0,0,1
0,7,1,0,1,0,0,0,0,1,1,0,0,1
_____________________________________________________
_____________________________________________________
124,0,0.0000,
0,7,1,0,1,0,0,0,0,1,1,0,0,1
0,7,1,0,1,0,0,0,0,1,1,0,1,1
_____________________________________________________
_____________________________________________________
125,0,0.0000,
0,7,1,0,1,0,0,0,0,1,1,0,1,1
1,6,1,0,1,0,0,0,1,1,1,0,0,0
_____________________________________________________
_____________________________________________________
126,7,0.0000,
1,6,1,0,1,0,0,0,1,1,1,0,0,0
1,6,1,1,0,0,0,0,0,1,0,0,0,0
_____________________________________________________
_____________________________________________________
127,2,0.0000,
1,6,1,1,0,0,0,0,0,1,0,0,0,0
0,7,1,0,0,0,0,0,0,0,0,0,0,0
_____________________________________________________
_____________________________________________________
128,0,0.0000,
0,7,1,0,0,0,0,0,0,0,0,0,0,0
0,7,1,0,0,0,0,0,0,0,0,0,0,0
_____________________________________________________
_____________________________________________________
129,0,0.0000,
0,7,1,0,0,0,0,0,0,0,0,0,0,0
1,6,1,0,0,0,0,0,0,0,0,0,0,0
_____________________________________________________
_____________________________________________________
130,1,0.0000,
1,6,1,0,0,0,0,0,0,0,0,0,0,0
0,7,0,0,0,0,0,0,0,0,0,0,0,0
_____________________________________________________
_____________________________________________________
131,0,0.0000,
0,7,0,0,0,0,0,0,0,0,0,0,0,0
1,6,0,0,0,0,0,0,1,0,1,0,0,0
_____________________________________________________
_____________________________________________________
132,7,0.0000,
1,6,0,0,0,0,0,0,1,0,1,0,0,0
1,6,0,0,0,0,0,0,0,0,0,0,0,0
_____________________________________________________
_____________________________________________________
133,0,0.0000,
1,6,0,0,0,0,0,0,0,0,0,0,0,0
1,5,0,0,0,0,0,0,0,0,0,0,0,0
_____________________________________________________
_____________________________________________________
134,0,0.0000,
1,5,0,0,0,0,0,0,0,0,0,0,0,0
1,4,0,0,0,0,0,0,1,0,1,0,0,0
_____________________________________________________
_____________________________________________________
135,7,0.0000,
1,4,0,0,0,0,0,0,1,0,1,0,0,0
0,7,0,0,0,0,0,0,0,0,0,0,0,0
_____________________________________________________
_____________________________________________________
136,0,0.0000,
0,7,0,0,0,0,0,0,0,0,0,0,0,0
0,7,0,0,0,0,0,0,0,1,1,0,0,0
_____________________________________________________
_____________________________________________________
137,0,0.0000,
0,7,0,0,0,0,0,0,0,1,1,0,0,0
1,6,0,1,1,0,0,0,1,1,1,0,0,0
_____________________________________________________
_____________________________________________________
138,7,0.0000,
1,6,0,1,1,0,0,0,1,1,1,0,0,0
0,7,0,1,0,0,0,0,0,1,0,0,0,0
_____________________________________________________
_____________________________________________________
139,0,0.0000,
0,7,0,1,0,0,0,0,0,1,0,0,0,0
0,7,0,0,0,0,0,0,0,0,0,0,0,0
_____________________________________________________
