_____________________________________________________
0,7,0.0000,
1,6,1,1,1,1,1,1,1,1,0,0,1,0
1,6,0,1,1,1,1,1,0,1,0,0,1,0
_____________________________________________________
_____________________________________________________
1,5,0.0000,
1,6,0,1,1,1,1,1,0,1,0,0,1,0
0,7,0,1,1,1,0,1,0,1,0,0,1,0
_____________________________________________________
_____________________________________________________
2,0,0.0000,
0,7,0,1,1,1,0,1,0,1,0,0,1,0
1,6,0,1,1,1,0,1,0,1,0,0,1,0
_____________________________________________________
_____________________________________________________
3,11,0.0000,
1,6,0,1,1,1,0,1,0,1,0,0,1,0
0,7,0,1,1,1,0,1,0,1,0,0,0,0
_____________________________________________________
_____________________________________________________
4,0,0.0000,
0,7,0,1,1,1,0,1,0,1,0,0,0,0
0,7,0,1,0,1,0,1,0,1,0,0,0,0
_____________________________________________________
_____________________________________________________
5,0,0.0000,
0,7,0,1,0,1,0,1,0,1,0,0,0,0
0,7,0,1,0,1,1,1,0,1,0,0,0,0
_____________________________________________________
_____________________________________________________
6,0,0.0000,
0,7,0,1,0,1,1,1,0,1,0,0,0,0
0,7,0,1,0,1,1,1,0,1,0,0,0,0
_____________________________________________________
_____________________________________________________
7,0,0.0000,
0,7,0,1,0,1,1,1,0,1,0,0,0,0
1,6,0,1,0,1,1,1,0,1,0,0,0,0
_____________________________________________________
_____________________________________________________
8,5,0.0000,
1,6,0,1,0,1,1,1,0,1,0,0,0,0
1,6,0,1,0,1,0,1,0,1,0,0,0,0
_____________________________________________________
_____________________________________________________
9,6,0.0000,
1,6,0,1,0,1,0,1,0,1,0,0,0,0
0,7,0,0,0,1,0,0,0,1,0,0,0,0
_____________________________________________________
_____________________________________________________
10,0,0.0000,
0,7,0,0,0,1,0,0,0,1,0,0,0,0
1,6,0,0,0,1,1,0,0,1,0,0,0,0
_____________________________________________________
_____________________________________________________
11,5,0.0000,
1,6,0,0,0,1,1,0,0,1,0,0,0,0
0,7,0,0,1,1,0,0,0,1,0,0,0,1
_____________________________________________________
_____________________________________________________
12,0,0.0000,
0,7,0,0,1,1,0,0,0,1,0,0,0,1
0,7,0,0,1,1,0,0,0,1,1,1,0,1
_____________________________________________________
_____________________________________________________
13,0,0.0000,
0,7,0,0,1,1,0,0,0,1,1,1,0,1
1,6,1,0,1,0,0,0,1,0,1,1,1,0
_____________________________________________________
_____________________________________________________
14,11,0.0000,
1,6,1,0,1,0,0,0,1,0,1,1,1,0
1,6,0,0,1,0,0,0,1,0,1,1,0,0
_____________________________________________________
_____________________________________________________
15,7,0.0000,
1,6,0,0,1,0,0,0,1,0,1,1,0,0
0,7,0,1,1,0,0,0,0,0,0,0,0,0
_____________________________________________________
_____________________________________________________
16,0,0.0000,
0,7,0,1,1,0,0,0,0,0,0,0,0,0
0,7,0,1,1,0,0,0,0,0,0,0,0,0
_____________________________________________________
_____________________________________________________
17,0,0.0000,
0,7,0,1,1,0,0,0,0,0,0,0,0,0
0,7,0,1,1,0,0,0,0,0,0,0,0,0
_____________________________________________________
_____________________________________________________
18,0,0.0000,
0,7,0,1,1,0,0,0,0,0,0,0,0,0
0,7,0,1,1,0,0,0,0,0,0,0,0,1
_____________________________________________________
_____________________________________________________
19,0,0.0000,
0,7,0,1,1,0,0,0,0,0,0,0,0,1
1,6,0,1,1,0,0,0,0,0,0,0,0,1
_____________________________________________________
_____________________________________________________
20,2,0.0000,
1,6,0,1,1,0,0,0,0,0,0,0,0,1
0,7,1,0,1,0,0,0,0,0,1,1,1,1
_____________________________________________________
_____________________________________________________
21,0,0.0000,
0,7,1,0,1,0,0,0,0,0,1,1,1,1
0,7,1,1,1,0,0,0,1,0,1,1,1,1
_____________________________________________________
_____________________________________________________
22,0,0.0000,
0,7,1,1,1,0,0,0,1,0,1,1,1,1
0,7,1,1,1,0,0,0,1,1,1,1,1,1
_____________________________________________________
_____________________________________________________
23,0,0.0000,
0,7,1,1,1,0,0,0,1,1,1,1,1,1
1,6,1,1,1,0,0,0,1,1,1,1,1,1
_____________________________________________________
_____________________________________________________
24,11,0.0000,
1,6,1,1,1,0,0,0,1,1,1,1,1,1
1,6,0,1,1,0,1,1,1,1,1,1,0,1
_____________________________________________________
_____________________________________________________
25,5,0.0000,
1,6,0,1,1,0,1,1,1,1,1,1,0,1
1,6,0,1,1,0,0,0,1,1,1,1,0,1
_____________________________________________________
_____________________________________________________
26,2,0.0000,
1,6,0,1,1,0,0,0,1,1,1,1,0,1
0,7,1,0,1,0,0,0,1,1,1,1,1,1
_____________________________________________________
_____________________________________________________
27,0,0.0000,
0,7,1,0,1,0,0,0,1,1,1,1,1,1
1,6,1,1,0,1,1,1,1,1,1,0,0,1
_____________________________________________________
_____________________________________________________
28,5,0.0000,
1,6,1,1,0,1,1,1,1,1,1,0,0,1
0,7,1,1,0,1,0,1,1,1,1,0,0,0
_____________________________________________________
_____________________________________________________
29,0,0.0000,
0,7,1,1,0,1,0,1,1,1,1,0,0,0
0,7,1,1,0,1,0,1,1,1,1,0,0,0
_____________________________________________________
_____________________________________________________
30,0,0.0000,
0,7,1,1,0,1,0,1,1,1,1,0,0,0
1,6,1,1,0,1,0,1,1,1,1,0,0,0
_____________________________________________________
_____________________________________________________
31,7,0.0000,
1,6,1,1,0,1,0,1,1,1,1,0,0,0
1,6,1,1,0,1,0,1,0,1,1,0,0,0
_____________________________________________________
_____________________________________________________
32,6,0.0000,
1,6,1,1,0,1,0,1,0,1,1,0,0,0
0,7,0,1,1,1,0,0,1,1,1,0,1,0
_____________________________________________________
_____________________________________________________
33,0,0.0000,
0,7,0,1,1,1,0,0,1,1,1,0,1,0
0,7,0,1,1,1,0,0,1,1,1,0,1,0
_____________________________________________________
_____________________________________________________
34,0,0.0000,
0,7,0,1,1,1,0,0,1,1,1,0,1,0
1,6,0,1,1,1,0,0,1,1,1,0,1,0
_____________________________________________________
_____________________________________________________
35,11,0.0000,
1,6,0,1,1,1,0,0,1,1,1,0,1,0
1,6,0,1,0,1,0,0,1,1,1,0,0,0
_____________________________________________________
_____________________________________________________
36,7,0.0000,
1,6,0,1,0,1,0,0,1,1,1,0,0,0
0,7,0,1,0,1,0,0,1,1,1,0,0,0
_____________________________________________________
_____________________________________________________
37,0,0.0000,
0,7,0,1,0,1,0,0,1,1,1,0,0,0
0,7,0,1,0,1,0,0,1,1,1,0,0,0
_____________________________________________________
_____________________________________________________
38,0,0.0000,
0,7,0,1,0,1,0,0,1,1,1,0,0,0
0,7,0,1,0,1,0,0,1,1,1,0,0,0
_____________________________________________________
_____________________________________________________
39,0,0.0000,
0,7,0,1,0,1,0,0,1,1,1,0,0,0
1,6,0,1,0,1,0,0,1,1,1,0,0,0
_____________________________________________________
_____________________________________________________
40,7,0.0000,
1,6,0,1,0,1,0,0,1,1,1,0,0,0
0,7,0,1,0,1,1,0,0,1,1,0,0,1
_____________________________________________________
_____________________________________________________
41,0,0.0000,
0,7,0,1,0,1,1,0,0,1,1,0,0,1
1,6,1,1,1,0,1,0,1,1,1,0,1,0
_____________________________________________________
_____________________________________________________
42,5,0.0000,
1,6,1,1,1,0,1,0,1,1,1,0,1,0
0,7,1,1,1,0,0,0,1,0,1,0,0,0
_____________________________________________________
_____________________________________________________
43,0,0.0000,
0,7,1,1,1,0,0,0,1,0,1,0,0,0
0,7,1,1,1,1,0,1,1,0,0,0,0,0
_____________________________________________________
_____________________________________________________
44,0,0.0000,
0,7,1,1,1,1,0,1,1,0,0,0,0,0
0,7,1,0,1,1,0,1,1,0,0,0,0,0
_____________________________________________________
_____________________________________________________
45,0,0.0000,
0,7,1,0,1,1,0,1,1,0,0,0,0,0
1,6,1,0,1,1,0,1,1,0,0,0,0,0
_____________________________________________________
_____________________________________________________
46,7,0.0000,
1,6,1,0,1,1,0,1,1,0,0,0,0,0
1,6,0,0,1,1,0,1,0,0,0,0,0,0
_____________________________________________________
_____________________________________________________
47,6,0.0000,
1,6,0,0,1,1,0,1,0,0,0,0,0,0
1,6,0,0,1,0,0,1,0,0,0,0,0,0
_____________________________________________________
_____________________________________________________
48,6,0.0000,
1,6,0,0,1,0,0,1,0,0,0,0,0,0
0,7,0,0,1,0,0,0,0,0,0,0,0,0
_____________________________________________________
_____________________________________________________
49,0,0.0000,
0,7,0,0,1,0,0,0,0,0,0,0,0,0
0,7,0,0,1,0,0,0,0,0,0,0,0,0
_____________________________________________________
_____________________________________________________
50,0,0.0000,
0,7,0,0,1,0,0,0,0,0,0,0,0,0
0,7,0,0,0,0,0,0,0,0,0,0,0,0
_____________________________________________________
_____________________________________________________
51,0,0.0000,
0,7,0,0,0,0,0,0,0,0,0,0,0,0
0,7,0,0,0,0,0,0,0,0,0,0,0,0
_____________________________________________________
_____________________________________________________
52,0,0.0000,
0,7,0,0,0,0,0,0,0,0,0,0,0,0
0,7,0,0,0,1,0,1,0,0,0,0,0,0
_____________________________________________________
_____________________________________________________
53,0,0.0000,
0,7,0,0,0,1,0,1,0,0,0,0,0,0
0,7,0,0,0,1,0,1,0,0,0,0,0,0
_____________________________________________________
_____________________________________________________
54,0,0.0000,
0,7,0,0,0,1,0,1,0,0,0,0,0,0
0,7,1,0,0,1,0,0,1,0,0,0,0,0
_____________________________________________________
_____________________________________________________
55,0,0.0000,
0,7,1,0,0,1,0,0,1,0,0,0,0,0
0,7,0,0,0,1,0,0,0,0,0,0,0,1
_____________________________________________________
_____________________________________________________
56,0,0.0000,
0,7,0,0,0,1,0,0,0,0,0,0,0,1
0,7,0,0,0,1,0,0,0,0,1,0,0,1
_____________________________________________________
_____________________________________________________
57,0,0.0000,
0,7,0,0,0,1,0,0,0,0,1,0,0,1
1,6,1,0,0,1,0,1,0,1,1,0,0,1
_____________________________________________________
_____________________________________________________
58,6,0.0000,
1,6,1,0,0,1,0,1,0,1,1,0,0,1
1,6,0,0,0,1,0,0,0,0,1,0,0,1
_____________________________________________________
_____________________________________________________
59,12,0.0000,
1,6,0,0,0,1,0,0,0,0,1,0,0,1
1,6,0,0,0,1,0,0,0,0,0,0,0,0
_____________________________________________________
_____________________________________________________
60,0,0.0000,
1,6,0,0,0,1,0,0,0,0,0,0,0,0
2,5,0,1,0,1,0,0,0,0,0,0,0,0
_____________________________________________________
_____________________________________________________
61,2,0.0000,
2,5,0,1,0,1,0,0,0,0,0,0,0,0
2,5,0,0,0,1,0,0,1,0,0,0,1,1
_____________________________________________________
_____________________________________________________
62,11,0.0000,
2,5,0,0,0,1,0,0,1,0,0,0,1,1
1,5,0,0,0,1,0,0,0,0,1,0,0,1
_____________________________________________________
_____________________________________________________
63,12,0.0000,
1,5,0,0,0,1,0,0,0,0,1,0,0,1
1,6,0,0,0,1,0,0,0,0,0,0,0,0
_____________________________________________________
_____________________________________________________
64,0,0.0000,
1,6,0,0,0,1,0,0,0,0,0,0,0,0
2,5,0,0,0,1,1,0,0,0,0,0,0,0
_____________________________________________________
_____________________________________________________
65,5,0.0000,
2,5,0,0,0,1,1,0,0,0,0,0,0,0
2,5,0,1,0,1,0,0,0,0,0,0,0,1
_____________________________________________________
_____________________________________________________
66,12,0.0000,
2,5,0,1,0,1,0,0,0,0,0,0,0,1
1,5,0,1,0,1,0,0,0,0,0,0,0,0
_____________________________________________________
_____________________________________________________
67,2,0.0000,
1,5,0,1,0,1,0,0,0,0,0,0,0,0
0,7,0,0,0,1,0,0,0,0,0,0,0,0
_____________________________________________________
_____________________________________________________
68,0,0.0000,
0,7,0,0,0,1,0,0,0,0,0,0,0,0
1,6,0,0,0,1,0,1,1,1,0,0,1,1
_____________________________________________________
_____________________________________________________
69,11,0.0000,
1,6,0,0,0,1,0,1,1,1,0,0,1,1
0,7,0,1,1,0,1,0,0,1,1,0,0,1
_____________________________________________________
_____________________________________________________
70,0,0.0000,
0,7,0,1,1,0,1,0,0,1,1,0,0,1
0,7,0,1,1,0,1,0,0,1,1,0,0,1
_____________________________________________________
_____________________________________________________
71,0,0.0000,
0,7,0,1,1,0,1,0,0,1,1,0,0,1
1,6,0,1,1,0,1,0,0,1,1,0,0,1
_____________________________________________________
_____________________________________________________
72,5,0.0000,
1,6,0,1,1,0,1,0,0,1,1,0,0,1
0,7,0,1,1,0,0,0,0,1,1,0,1,1
_____________________________________________________
_____________________________________________________
73,0,0.0000,
0,7,0,1,1,0,0,0,0,1,1,0,1,1
1,6,0,1,1,0,0,0,0,1,1,0,1,1
_____________________________________________________
_____________________________________________________
74,11,0.0000,
1,6,0,1,1,0,0,0,0,1,1,0,1,1
1,6,0,1,1,0,0,0,0,1,1,0,0,1
_____________________________________________________
_____________________________________________________
75,2,0.0000,
1,6,0,1,1,0,0,0,0,1,1,0,0,1
1,6,0,0,0,1,0,0,1,1,1,0,0,0
_____________________________________________________
_____________________________________________________
76,7,0.0000,
1,6,0,0,0,1,0,0,1,1,1,0,0,0
1,6,0,0,0,0,0,0,0,1,1,0,0,0
_____________________________________________________
_____________________________________________________
77,9,0.0000,
1,6,0,0,0,0,0,0,0,1,1,0,0,0
0,7,0,0,0,0,0,0,0,1,0,0,1,0
_____________________________________________________
_____________________________________________________
78,0,0.0000,
0,7,0,0,0,0,0,0,0,1,0,0,1,0
0,7,0,0,0,0,0,0,0,1,1,0,1,0
_____________________________________________________
_____________________________________________________
79,0,0.0000,
0,7,0,0,0,0,0,0,0,1,1,0,1,0
1,6,0,0,0,0,0,0,0,1,1,0,1,0
_____________________________________________________
_____________________________________________________
80,11,0.0000,
1,6,0,0,0,0,0,0,0,1,1,0,1,0
0,7,0,0,0,0,0,0,0,1,1,0,0,0
_____________________________________________________
_____________________________________________________
81,0,0.0000,
0,7,0,0,0,0,0,0,0,1,1,0,0,0
1,6,0,0,0,0,0,0,1,1,1,0,0,0
_____________________________________________________
_____________________________________________________
82,7,0.0000,
1,6,0,0,0,0,0,0,1,1,1,0,0,0
1,6,0,0,0,0,0,0,0,1,1,0,0,0
_____________________________________________________
_____________________________________________________
83,9,0.0000,
1,6,0,0,0,0,0,0,0,1,1,0,0,0
1,6,0,0,1,1,0,0,1,1,1,0,1,0
_____________________________________________________
_____________________________________________________
84,11,0.0000,
1,6,0,0,1,1,0,0,1,1,1,0,1,0
1,6,0,0,0,1,0,0,1,1,1,0,0,0
_____________________________________________________
_____________________________________________________
85,7,0.0000,
1,6,0,0,0,1,0,0,1,1,1,0,0,0
1,6,0,0,0,0,0,0,1,1,1,0,0,0
_____________________________________________________
_____________________________________________________
86,7,0.0000,
1,6,0,0,0,0,0,0,1,1,1,0,0,0
1,6,0,0,0,0,0,0,0,0,1,0,0,0
_____________________________________________________
_____________________________________________________
87,9,0.0000,
1,6,0,0,0,0,0,0,0,0,1,0,0,0
0,7,0,0,0,1,0,0,1,1,0,0,0,0
_____________________________________________________
_____________________________________________________
88,0,0.0000,
0,7,0,0,0,1,0,0,1,1,0,0,0,0
1,6,0,0,0,1,1,0,1,1,0,1,0,0
_____________________________________________________
_____________________________________________________
89,5,0.0000,
1,6,0,0,0,1,1,0,1,1,0,1,0,0
1,6,0,0,0,0,0,0,0,0,0,0,0,0
_____________________________________________________
_____________________________________________________
90,0,0.0000,
1,6,0,0,0,0,0,0,0,0,0,0,0,0
2,5,0,0,0,0,0,0,0,0,0,0,0,0
_____________________________________________________
_____________________________________________________
91,9,-1.0000,
2,5,0,0,0,0,0,0,0,0,0,0,0,0
1,5,0,0,0,0,0,0,0,0,1,0,0,0
_____________________________________________________
_____________________________________________________
92,9,0.0000,
1,5,0,0,0,0,0,0,0,0,1,0,0,0
0,7,0,0,0,0,0,0,0,0,0,0,0,0
_____________________________________________________
_____________________________________________________
93,0,0.0000,
0,7,0,0,0,0,0,0,0,0,0,0,0,0
1,6,0,0,0,0,0,0,0,1,0,0,0,0
_____________________________________________________
_____________________________________________________
94,8,0.0000,
1,6,0,0,0,0,0,0,0,1,0,0,0,0
1,6,0,0,0,0,0,0,0,0,0,0,0,0
_____________________________________________________
_____________________________________________________
95,0,0.0000,
1,6,0,0,0,0,0,0,0,0,0,0,0,0
1,5,1,1,0,1,0,1,1,1,0,0,0,0
_____________________________________________________
_____________________________________________________
96,7,0.0000,
1,5,1,1,0,1,0,1,1,1,0,0,0,0
1,6,1,1,0,0,0,1,0,0,0,0,0,0
_____________________________________________________
_____________________________________________________
97,6,0.0000,
1,6,1,1,0,0,0,1,0,0,0,0,0,0
0,7,1,0,0,1,0,0,0,0,0,0,0,1
_____________________________________________________
_____________________________________________________
98,0,0.0000,
0,7,1,0,0,1,0,0,0,0,0,0,0,1
1,6,1,0,0,1,0,0,0,0,0,0,0,1
_____________________________________________________
_____________________________________________________
99,12,0.0000,
1,6,1,0,0,1,0,0,0,0,0,0,0,1
0,7,0,0,0,0,1,0,0,0,0,0,0,0
_____________________________________________________
_____________________________________________________
100,0,0.0000,
0,7,0,0,0,0,1,0,0,0,0,0,0,0
1,6,1,0,0,1,1,1,0,1,0,1,1,1
_____________________________________________________
_____________________________________________________
101,11,0.0000,
1,6,1,0,0,1,1,1,0,1,0,1,1,1
1,6,1,0,0,1,1,1,1,0,1,1,0,1
_____________________________________________________
_____________________________________________________
102,5,0.0000,
1,6,1,0,0,1,1,1,1,0,1,1,0,1
1,6,1,0,0,1,0,1,1,0,1,1,0,1
_____________________________________________________
_____________________________________________________
103,7,0.0000,
1,6,1,0,0,1,0,1,1,0,1,1,0,1
1,6,1,0,0,1,0,1,0,0,1,1,0,1
_____________________________________________________
_____________________________________________________
104,6,0.0000,
1,6,1,0,0,1,0,1,0,0,1,1,0,1
1,6,1,0,0,1,0,0,0,1,1,1,1,1
_____________________________________________________
_____________________________________________________
105,11,0.0000,
1,6,1,0,0,1,0,0,0,1,1,1,1,1
0,7,1,0,0,1,0,0,0,0,1,1,0,1
_____________________________________________________
_____________________________________________________
106,0,0.0000,
0,7,1,0,0,1,0,0,0,0,1,1,0,1
0,7,1,0,0,1,0,0,0,0,1,1,0,1
_____________________________________________________
_____________________________________________________
107,0,0.0000,
0,7,1,0,0,1,0,0,0,0,1,1,0,1
0,7,1,0,0,1,1,0,0,0,1,1,0,1
_____________________________________________________
_____________________________________________________
108,0,0.0000,
0,7,1,0,0,1,1,0,0,0,1,1,0,1
0,7,1,0,0,1,1,1,0,0,1,1,0,1
_____________________________________________________
_____________________________________________________
109,0,0.0000,
0,7,1,0,0,1,1,1,0,0,1,1,0,1
1,6,1,0,0,1,1,1,0,0,1,1,0,1
_____________________________________________________
_____________________________________________________
110,5,0.0000,
1,6,1,0,0,1,1,1,0,0,1,1,0,1
1,6,1,0,0,1,0,1,0,0,1,1,0,1
_____________________________________________________
_____________________________________________________
111,6,0.0000,
1,6,1,0,0,1,0,1,0,0,1,1,0,1
0,7,0,0,0,0,0,0,0,0,0,1,0,0
_____________________________________________________
_____________________________________________________
112,0,0.0000,
0,7,0,0,0,0,0,0,0,0,0,1,0,0
0,7,0,0,0,0,0,0,0,0,0,1,1,0
_____________________________________________________
_____________________________________________________
113,0,0.0000,
0,7,0,0,0,0,0,0,0,0,0,1,1,0
0,7,0,0,0,0,0,1,1,0,0,1,1,0
_____________________________________________________
_____________________________________________________
114,0,0.0000,
0,7,0,0,0,0,0,1,1,0,0,1,1,0
0,7,0,0,0,0,0,1,1,0,0,1,1,0
_____________________________________________________
_____________________________________________________
115,0,0.0000,
0,7,0,0,0,0,0,1,1,0,0,1,1,0
1,6,0,0,0,0,0,1,1,0,0,1,1,0
_____________________________________________________
_____________________________________________________
116,11,0.0000,
1,6,0,0,0,0,0,1,1,0,0,1,1,0
1,6,0,0,0,0,0,0,0,0,0,1,0,0
_____________________________________________________
_____________________________________________________
117,10,0.0000,
1,6,0,0,0,0,0,0,0,0,0,1,0,0
1,6,0,0,0,0,0,0,0,0,0,0,0,0
_____________________________________________________
_____________________________________________________
118,0,0.0000,
1,6,0,0,0,0,0,0,0,0,0,0,0,0
1,5,1,1,0,0,0,0,0,1,0,0,0,0
_____________________________________________________
_____________________________________________________
119,2,0.0000,
1,5,1,1,0,0,0,0,0,1,0,0,0,0
0,7,1,0,0,1,0,0,0,1,0,0,0,0
_____________________________________________________
_____________________________________________________
120,0,0.0000,
0,7,1,0,0,1,0,0,0,1,0,0,0,0
0,7,1,0,0,1,0,0,0,1,0,1,0,0
_____________________________________________________
_____________________________________________________
121,0,0.0000,
0,7,1,0,0,1,0,0,0,1,0,1,0,0
0,7,1,0,0,1,0,0,0,1,0,1,0,0
_____________________________________________________
_____________________________________________________
122,0,0.0000,
0,7,1,0,0,1,0,0,0,1,0,1,0,0
1,6,1,0,0,1,0,0,0,1,0,1,0,0
_____________________________________________________
_____________________________________________________
123,10,0.0000,
1,6,1,0,0,1,0,0,0,1,0,1,0,0
0,7,1,0,0,1,0,0,0,1,0,0,0,0
_____________________________________________________
_____________________________________________________
124,0,0.0000,
0,7,1,0,0,1,0,0,0,1,0,0,0,0
1,6,1,0,0,1,0,0,0,1,0,0,0,0
_____________________________________________________
_____________________________________________________
125,8,0.0000,
1,6,1,0,0,1,0,0,0,1,0,0,0,0
0,7,0,0,0,0,0,0,0,0,0,0,1,0
_____________________________________________________
_____________________________________________________
126,0,0.0000,
0,7,0,0,0,0,0,0,0,0,0,0,1,0
0,7,0,0,0,0,0,0,0,0,0,0,1,0
_____________________________________________________
_____________________________________________________
127,0,0.0000,
0,7,0,0,0,0,0,0,0,0,0,0,1,0
0,7,0,0,0,0,0,0,1,0,1,0,1,1
_____________________________________________________
_____________________________________________________
128,0,0.0000,
0,7,0,0,0,0,0,0,1,0,1,0,1,1
0,7,0,0,0,0,1,0,1,0,1,1,1,1
_____________________________________________________
_____________________________________________________
129,0,0.0000,
0,7,0,0,0,0,1,0,1,0,1,1,1,1
1,6,0,0,0,1,1,0,1,0,0,1,1,0
_____________________________________________________
_____________________________________________________
130,11,0.0000,
1,6,0,0,0,1,1,0,1,0,0,1,1,0
0,7,0,0,0,1,1,0,1,0,0,1,0,0
_____________________________________________________
_____________________________________________________
131,0,0.0000,
0,7,0,0,0,1,1,0,1,0,0,1,0,0
0,7,0,0,0,1,1,0,1,0,0,1,0,0
_____________________________________________________
_____________________________________________________
132,0,0.0000,
0,7,0,0,0,1,1,0,1,0,0,1,0,0
1,6,0,0,0,1,1,0,1,0,1,1,0,1
_____________________________________________________
_____________________________________________________
133,5,0.0000,
1,6,0,0,0,1,1,0,1,0,1,1,0,1
0,7,0,0,0,1,0,0,0,0,1,1,0,1
_____________________________________________________
_____________________________________________________
134,0,0.0000,
0,7,0,0,0,1,0,0,0,0,1,1,0,1
0,7,0,0,0,1,0,0,0,0,1,1,0,1
_____________________________________________________
_____________________________________________________
135,0,0.0000,
0,7,0,0,0,1,0,0,0,0,1,1,0,1
0,7,0,0,0,1,0,0,0,0,1,1,0,1
_____________________________________________________
_____________________________________________________
136,0,0.0000,
0,7,0,0,0,1,0,0,0,0,1,1,0,1
0,7,0,0,0,1,0,0,0,0,1,1,0,1
_____________________________________________________
_____________________________________________________
137,0,0.0000,
0,7,0,0,0,1,0,0,0,0,1,1,0,1
1,6,0,0,0,1,0,0,0,0,1,1,0,1
_____________________________________________________
_____________________________________________________
138,12,0.0000,
1,6,0,0,0,1,0,0,0,0,1,1,0,1
1,6,0,0,0,1,0,0,0,0,0,1,0,0
_____________________________________________________
_____________________________________________________
139,10,0.0000,
1,6,0,0,0,1,0,0,0,0,0,1,0,0
0,6,0,0,0,0,0,0,0,0,0,0,0,0
_____________________________________________________
