_____________________________________________________
0,11,0.0000,
3,5,1,1,1,1,1,1,1,1,1,1,1,1
2,5,0,1,1,1,1,1,1,1,1,1,0,1
_____________________________________________________
_____________________________________________________
1,5,0.0000,
2,5,0,1,1,1,1,1,1,1,1,1,0,1
1,4,0,1,1,1,0,1,1,1,0,1,0,1
_____________________________________________________
_____________________________________________________
2,7,0.0000,
1,4,0,1,1,1,0,1,1,1,0,1,0,1
0,7,0,1,1,1,0,1,0,1,0,1,0,1
_____________________________________________________
_____________________________________________________
3,0,0.0000,
0,7,0,1,1,1,0,1,0,1,0,1,0,1
1,6,0,1,1,1,0,1,0,1,0,1,0,1
_____________________________________________________
_____________________________________________________
4,6,0.0000,
1,6,0,1,1,1,0,1,0,1,0,1,0,1
0,7,1,1,1,0,0,0,0,1,0,1,1,0
_____________________________________________________
_____________________________________________________
5,0,0.0000,
0,7,1,1,1,0,0,0,0,1,0,1,1,0
1,6,1,1,1,0,0,0,1,1,0,1,1,0
_____________________________________________________
_____________________________________________________
6,11,0.0000,
1,6,1,1,1,0,0,0,1,1,0,1,1,0
1,6,0,1,1,0,0,0,1,1,1,1,0,0
_____________________________________________________
_____________________________________________________
7,2,0.0000,
1,6,0,1,1,0,0,0,1,1,1,1,0,0
0,7,1,0,1,0,1,0,1,1,1,1,1,0
_____________________________________________________
_____________________________________________________
8,0,0.0000,
0,7,1,0,1,0,1,0,1,1,1,1,1,0
0,7,1,0,1,0,1,0,1,1,1,1,1,0
_____________________________________________________
_____________________________________________________
9,0,0.0000,
0,7,1,0,1,0,1,0,1,1,1,1,1,0
0,7,1,0,1,0,1,0,1,1,1,1,1,0
_____________________________________________________
_____________________________________________________
10,0,0.0000,
0,7,1,0,1,0,1,0,1,1,1,1,1,0
0,7,1,0,1,0,1,0,1,1,1,1,1,0
_____________________________________________________
_____________________________________________________
11,0,0.0000,
0,7,1,0,1,0,1,0,1,1,1,1,1,0
0,7,1,0,1,0,1,0,1,1,1,1,1,0
_____________________________________________________
_____________________________________________________
12,0,0.0000,
0,7,1,0,1,0,1,0,1,1,1,1,1,0
0,7,1,0,1,0,1,0,1,1,1,1,1,0
_____________________________________________________
_____________________________________________________
13,0,0.0000,
0,7,1,0,1,0,1,0,1,1,1,1,1,0
1,6,1,1,1,1,1,1,0,0,1,1,0,1
_____________________________________________________
_____________________________________________________
14,5,0.0000,
1,6,1,1,1,1,1,1,0,0,1,1,0,1
0,7,1,1,0,1,0,1,0,0,1,1,0,1
_____________________________________________________
_____________________________________________________
15,0,0.0000,
0,7,1,1,0,1,0,1,0,0,1,1,0,1
1,6,1,1,0,1,0,1,0,0,1,1,0,1
_____________________________________________________
_____________________________________________________
16,6,0.0000,
1,6,1,1,0,1,0,1,0,0,1,1,0,1
0,7,1,1,0,1,0,0,0,0,1,1,0,1
_____________________________________________________
_____________________________________________________
17,0,0.0000,
0,7,1,1,0,1,0,0,0,0,1,1,0,1
1,6,1,1,0,1,0,0,0,0,1,1,0,1
_____________________________________________________
_____________________________________________________
18,2,0.0000,
1,6,1,1,0,1,0,0,0,0,1,1,0,1
1,6,0,0,0,1,0,0,0,0,1,1,0,1
_____________________________________________________
_____________________________________________________
19,12,0.0000,
1,6,0,0,0,1,0,0,0,0,1,1,0,1
1,6,0,0,0,1,0,1,1,1,1,1,0,1
_____________________________________________________
_____________________________________________________
20,7,0.0000,
1,6,0,0,0,1,0,1,1,1,1,1,0,1
1,6,0,0,0,1,0,1,0,0,1,1,0,1
_____________________________________________________
_____________________________________________________
21,6,0.0000,
1,6,0,0,0,1,0,1,0,0,1,1,0,1
1,6,0,0,0,1,0,0,0,0,1,1,0,1
_____________________________________________________
_____________________________________________________
22,12,0.0000,
1,6,0,0,0,1,0,0,0,0,1,1,0,1
0,7,0,1,0,1,0,0,0,0,1,1,0,0
_____________________________________________________
_____________________________________________________
23,0,0.0000,
0,7,0,1,0,1,0,0,0,0,1,1,0,0
0,7,1,1,0,1,0,0,0,0,1,1,0,0
_____________________________________________________
_____________________________________________________
24,0,0.0000,
0,7,1,1,0,1,0,0,0,0,1,1,0,0
1,6,1,1,0,1,0,1,0,1,1,1,0,0
_____________________________________________________
_____________________________________________________
25,2,0.0000,
1,6,1,1,0,1,0,1,0,1,1,1,0,0
1,6,0,0,0,1,0,1,1,1,1,1,0,0
_____________________________________________________
_____________________________________________________
26,7,0.0000,
1,6,0,0,0,1,0,1,1,1,1,1,0,0
1,6,1,1,0,1,0,1,0,0,1,1,0,0
_____________________________________________________
_____________________________________________________
27,2,0.0000,
1,6,1,1,0,1,0,1,0,0,1,1,0,0
0,7,1,0,1,1,1,1,0,1,1,1,1,1
_____________________________________________________
_____________________________________________________
28,0,0.0000,
0,7,1,0,1,1,1,1,0,1,1,1,1,1
0,7,1,0,1,1,1,1,0,1,1,1,1,1
_____________________________________________________
_____________________________________________________
29,0,0.0000,
0,7,1,0,1,1,1,1,0,1,1,1,1,1
1,6,1,0,1,1,1,1,0,1,1,1,1,1
_____________________________________________________
_____________________________________________________
30,11,0.0000,
1,6,1,0,1,1,1,1,0,1,1,1,1,1
1,6,1,0,1,0,1,1,0,1,1,1,0,1
_____________________________________________________
_____________________________________________________
31,5,0.0000,
1,6,1,0,1,0,1,1,0,1,1,1,0,1
1,6,1,0,1,0,1,1,0,1,1,1,0,1
_____________________________________________________
_____________________________________________________
32,5,0.0000,
1,6,1,0,1,0,1,1,0,1,1,1,0,1
0,7,1,0,0,1,0,0,0,1,1,1,1,1
_____________________________________________________
_____________________________________________________
33,0,0.0000,
0,7,1,0,0,1,0,0,0,1,1,1,1,1
0,7,1,0,0,1,0,0,0,1,1,1,1,1
_____________________________________________________
_____________________________________________________
34,0,0.0000,
0,7,1,0,0,1,0,0,0,1,1,1,1,1
1,6,1,0,0,1,0,0,0,1,1,1,1,1
_____________________________________________________
_____________________________________________________
35,11,0.0000,
1,6,1,0,0,1,0,0,0,1,1,1,1,1
0,7,1,0,0,0,0,0,0,1,1,1,0,1
_____________________________________________________
_____________________________________________________
36,0,0.0000,
0,7,1,0,0,0,0,0,0,1,1,1,0,1
0,7,1,0,0,0,0,1,0,1,1,1,1,1
_____________________________________________________
_____________________________________________________
37,0,0.0000,
0,7,1,0,0,0,0,1,0,1,1,1,1,1
0,7,1,0,1,1,1,1,0,1,1,1,1,1
_____________________________________________________
_____________________________________________________
38,0,0.0000,
0,7,1,0,1,1,1,1,0,1,1,1,1,1
1,6,1,0,1,1,1,1,0,1,1,1,1,1
_____________________________________________________
_____________________________________________________
39,11,0.0000,
1,6,1,0,1,1,1,1,0,1,1,1,1,1
1,6,1,0,1,0,1,1,1,1,1,1,0,1
_____________________________________________________
_____________________________________________________
40,5,0.0000,
1,6,1,0,1,0,1,1,1,1,1,1,0,1
1,6,1,0,1,0,1,1,1,1,1,1,1,1
_____________________________________________________
_____________________________________________________
41,5,0.0000,
1,6,1,0,1,0,1,1,1,1,1,1,1,1
1,6,0,1,1,1,1,1,0,1,1,1,0,0
_____________________________________________________
_____________________________________________________
42,5,0.0000,
1,6,0,1,1,1,1,1,0,1,1,1,0,0
0,7,0,1,1,1,0,1,0,1,1,1,0,0
_____________________________________________________
_____________________________________________________
43,0,0.0000,
0,7,0,1,1,1,0,1,0,1,1,1,0,0
1,6,0,1,1,1,0,1,0,1,1,1,0,0
_____________________________________________________
_____________________________________________________
44,9,0.0000,
1,6,0,1,1,1,0,1,0,1,1,1,0,0
1,6,0,1,0,0,0,1,0,1,0,1,0,0
_____________________________________________________
_____________________________________________________
45,6,0.0000,
1,6,0,1,0,0,0,1,0,1,0,1,0,0
1,6,0,1,0,0,0,0,0,1,1,1,0,0
_____________________________________________________
_____________________________________________________
46,9,0.0000,
1,6,0,1,0,0,0,0,0,1,1,1,0,0
0,7,0,1,0,0,0,1,0,1,0,1,0,0
_____________________________________________________
_____________________________________________________
47,0,0.0000,
0,7,0,1,0,0,0,1,0,1,0,1,0,0
1,6,0,1,0,0,0,1,0,1,1,1,0,0
_____________________________________________________
_____________________________________________________
48,6,0.0000,
1,6,0,1,0,0,0,1,0,1,1,1,0,0
1,6,0,1,1,1,0,0,0,1,1,1,0,0
_____________________________________________________
_____________________________________________________
49,2,0.0000,
1,6,0,1,1,1,0,0,0,1,1,1,0,0
1,6,0,0,1,1,0,0,0,1,1,1,0,0
_____________________________________________________
_____________________________________________________
50,9,0.0000,
1,6,0,0,1,1,0,0,0,1,1,1,0,0
0,7,1,0,0,0,0,0,1,1,0,1,0,1
_____________________________________________________
_____________________________________________________
51,0,0.0000,
0,7,1,0,0,0,0,0,1,1,0,1,0,1
0,7,1,0,0,1,0,0,1,1,1,1,0,1
_____________________________________________________
_____________________________________________________
52,0,0.0000,
0,7,1,0,0,1,0,0,1,1,1,1,0,1
0,7,1,0,1,1,0,0,1,1,1,1,0,1
_____________________________________________________
_____________________________________________________
53,0,0.0000,
0,7,1,0,1,1,0,0,1,1,1,1,0,1
0,7,1,0,1,1,0,0,1,1,1,1,0,1
_____________________________________________________
_____________________________________________________
54,0,0.0000,
0,7,1,0,1,1,0,0,1,1,1,1,0,1
1,6,1,0,1,1,0,0,1,1,1,1,0,1
_____________________________________________________
_____________________________________________________
55,7,0.0000,
1,6,1,0,1,1,0,0,1,1,1,1,0,1
1,6,0,0,0,0,0,1,0,0,0,1,0,0
_____________________________________________________
_____________________________________________________
56,6,0.0000,
1,6,0,0,0,0,0,1,0,0,0,1,0,0
0,7,0,0,0,0,0,0,1,0,0,1,1,0
_____________________________________________________
_____________________________________________________
57,0,0.0000,
0,7,0,0,0,0,0,0,1,0,0,1,1,0
0,7,1,0,0,0,0,0,1,0,0,1,1,1
_____________________________________________________
_____________________________________________________
58,0,0.0000,
0,7,1,0,0,0,0,0,1,0,0,1,1,1
1,6,1,0,0,0,1,1,1,0,0,1,1,1
_____________________________________________________
_____________________________________________________
59,11,0.0000,
1,6,1,0,0,0,1,1,1,0,0,1,1,1
1,6,1,0,0,0,1,1,0,0,0,1,0,1
_____________________________________________________
_____________________________________________________
60,5,0.0000,
1,6,1,0,0,0,1,1,0,0,0,1,0,1
1,6,1,0,0,0,0,0,0,0,0,1,0,1
_____________________________________________________
_____________________________________________________
61,12,0.0000,
1,6,1,0,0,0,0,0,0,0,0,1,0,1
1,6,0,0,1,1,1,1,0,0,1,1,0,0
_____________________________________________________
_____________________________________________________
62,5,0.0000,
1,6,0,0,1,1,1,1,0,0,1,1,0,0
1,6,0,0,1,1,0,0,0,0,1,1,0,0
_____________________________________________________
_____________________________________________________
63,9,0.0000,
1,6,0,0,1,1,0,0,0,0,1,1,0,0
0,7,0,0,0,0,0,0,0,0,0,1,0,0
_____________________________________________________
_____________________________________________________
64,0,0.0000,
0,7,0,0,0,0,0,0,0,0,0,1,0,0
1,6,0,0,0,0,0,0,0,0,0,1,0,0
_____________________________________________________
_____________________________________________________
65,10,0.0000,
1,6,0,0,0,0,0,0,0,0,0,1,0,0
0,7,0,0,0,0,0,0,1,0,0,0,1,0
_____________________________________________________
_____________________________________________________
66,0,0.0000,
0,7,0,0,0,0,0,0,1,0,0,0,1,0
0,7,1,0,0,0,0,0,1,0,0,0,1,1
_____________________________________________________
_____________________________________________________
67,0,0.0000,
0,7,1,0,0,0,0,0,1,0,0,0,1,1
1,6,1,0,0,0,0,0,1,0,0,1,1,1
_____________________________________________________
_____________________________________________________
68,11,0.0000,
1,6,1,0,0,0,0,0,1,0,0,1,1,1
0,7,1,0,0,0,1,1,0,0,0,1,0,1
_____________________________________________________
_____________________________________________________
69,0,0.0000,
0,7,1,0,0,0,1,1,0,0,0,1,0,1
0,7,1,1,1,1,0,1,1,1,0,1,0,1
_____________________________________________________
_____________________________________________________
70,0,0.0000,
0,7,1,1,1,1,0,1,1,1,0,1,0,1
1,6,1,1,1,1,0,1,1,1,0,1,0,1
_____________________________________________________
_____________________________________________________
71,7,0.0000,
1,6,1,1,1,1,0,1,1,1,0,1,0,1
1,6,1,1,1,1,0,0,0,1,0,1,0,1
_____________________________________________________
_____________________________________________________
72,2,0.0000,
1,6,1,1,1,1,0,0,0,1,0,1,0,1
0,7,0,1,1,1,0,0,0,1,0,1,0,1
_____________________________________________________
_____________________________________________________
73,0,0.0000,
0,7,0,1,1,1,0,0,0,1,0,1,0,1
1,6,1,1,1,1,0,0,0,1,0,1,0,1
_____________________________________________________
_____________________________________________________
74,2,0.0000,
1,6,1,1,1,1,0,0,0,1,0,1,0,1
0,7,0,0,0,1,0,0,1,1,0,0,0,0
_____________________________________________________
_____________________________________________________
75,0,0.0000,
0,7,0,0,0,1,0,0,1,1,0,0,0,0
1,6,1,1,1,1,0,1,1,1,0,1,0,1
_____________________________________________________
_____________________________________________________
76,7,0.0000,
1,6,1,1,1,1,0,1,1,1,0,1,0,1
0,7,1,1,1,1,0,0,0,1,0,1,0,1
_____________________________________________________
_____________________________________________________
77,0,0.0000,
0,7,1,1,1,1,0,0,0,1,0,1,0,1
1,6,1,1,1,1,0,0,0,1,0,1,0,1
_____________________________________________________
_____________________________________________________
78,2,0.0000,
1,6,1,1,1,1,0,0,0,1,0,1,0,1
0,7,1,1,1,1,0,0,1,1,0,1,0,1
_____________________________________________________
_____________________________________________________
79,0,0.0000,
0,7,1,1,1,1,0,0,1,1,0,1,0,1
0,7,1,1,1,1,0,1,1,1,0,1,0,1
_____________________________________________________
_____________________________________________________
80,0,0.0000,
0,7,1,1,1,1,0,1,1,1,0,1,0,1
1,6,1,1,1,1,0,1,1,1,0,1,0,1
_____________________________________________________
_____________________________________________________
81,7,0.0000,
1,6,1,1,1,1,0,1,1,1,0,1,0,1
0,7,1,1,1,1,0,0,1,1,0,1,0,1
_____________________________________________________
_____________________________________________________
82,0,0.0000,
0,7,1,1,1,1,0,0,1,1,0,1,0,1
0,7,1,1,1,1,0,1,1,1,0,1,0,1
_____________________________________________________
_____________________________________________________
83,0,0.0000,
0,7,1,1,1,1,0,1,1,1,0,1,0,1
1,6,0,1,0,1,1,1,0,1,1,0,1,0
_____________________________________________________
_____________________________________________________
84,5,0.0000,
1,6,0,1,0,1,1,1,0,1,1,0,1,0
1,6,0,1,1,1,0,1,1,1,1,1,1,0
_____________________________________________________
_____________________________________________________
85,11,0.0000,
1,6,0,1,1,1,0,1,1,1,1,1,1,0
1,6,0,1,1,1,0,0,1,1,1,1,0,0
_____________________________________________________
_____________________________________________________
86,7,0.0000,
1,6,0,1,1,1,0,0,1,1,1,1,0,0
1,6,0,1,0,1,0,0,0,1,1,0,0,0
_____________________________________________________
_____________________________________________________
87,9,0.0000,
1,6,0,1,0,1,0,0,0,1,1,0,0,0
0,7,0,1,0,0,0,0,0,1,0,0,0,0
_____________________________________________________
_____________________________________________________
88,0,0.0000,
0,7,0,1,0,0,0,0,0,1,0,0,0,0
1,6,0,1,0,0,1,1,0,1,0,0,1,0
_____________________________________________________
_____________________________________________________
89,11,0.0000,
1,6,0,1,0,0,1,1,0,1,0,0,1,0
0,7,0,1,0,0,0,0,0,1,0,0,0,0
_____________________________________________________
_____________________________________________________
90,0,0.0000,
0,7,0,1,0,0,0,0,0,1,0,0,0,0
1,6,0,1,0,0,0,0,0,1,0,0,1,0
_____________________________________________________
_____________________________________________________
91,11,0.0000,
1,6,0,1,0,0,0,0,0,1,0,0,1,0
0,7,0,1,0,0,0,0,0,1,0,0,0,0
_____________________________________________________
_____________________________________________________
92,0,0.0000,
0,7,0,1,0,0,0,0,0,1,0,0,0,0
1,6,0,1,0,0,0,0,0,1,0,0,0,0
_____________________________________________________
_____________________________________________________
93,2,0.0000,
1,6,0,1,0,0,0,0,0,1,0,0,0,0
0,7,0,0,0,1,0,0,0,0,1,0,0,0
_____________________________________________________
_____________________________________________________
94,0,0.0000,
0,7,0,0,0,1,0,0,0,0,1,0,0,0
0,7,0,1,0,1,0,0,0,1,1,0,1,0
_____________________________________________________
_____________________________________________________
95,0,0.0000,
0,7,0,1,0,1,0,0,0,1,1,0,1,0
0,7,0,1,0,1,1,1,0,1,1,0,1,0
_____________________________________________________
_____________________________________________________
96,0,0.0000,
0,7,0,1,0,1,1,1,0,1,1,0,1,0
0,7,0,1,0,1,1,1,0,1,1,0,1,0
_____________________________________________________
_____________________________________________________
97,0,0.0000,
0,7,0,1,0,1,1,1,0,1,1,0,1,0
1,6,0,1,0,0,1,0,0,0,1,1,1,1
_____________________________________________________
_____________________________________________________
98,11,0.0000,
1,6,0,1,0,0,1,0,0,0,1,1,1,1
1,6,1,1,0,0,1,0,0,1,1,1,0,1
_____________________________________________________
_____________________________________________________
99,5,0.0000,
1,6,1,1,0,0,1,0,0,1,1,1,0,1
1,6,1,0,0,0,0,0,0,1,1,0,1,1
_____________________________________________________
_____________________________________________________
100,11,0.0000,
1,6,1,0,0,0,0,0,0,1,1,0,1,1
1,6,1,0,0,0,0,0,0,1,1,0,0,1
_____________________________________________________
_____________________________________________________
101,12,0.0000,
1,6,1,0,0,0,0,0,0,1,1,0,0,1
1,6,1,0,0,0,0,0,0,1,1,0,0,0
_____________________________________________________
_____________________________________________________
102,9,0.0000,
1,6,1,0,0,0,0,0,0,1,1,0,0,0
1,6,1,0,0,0,0,0,0,1,0,0,0,0
_____________________________________________________
_____________________________________________________
103,8,0.0000,
1,6,1,0,0,0,0,0,0,1,0,0,0,0
0,7,0,0,0,0,0,0,0,0,1,1,0,0
_____________________________________________________
_____________________________________________________
104,0,0.0000,
0,7,0,0,0,0,0,0,0,0,1,1,0,0
1,6,0,1,0,0,1,0,0,0,1,1,0,0
_____________________________________________________
_____________________________________________________
105,5,0.0000,
1,6,0,1,0,0,1,0,0,0,1,1,0,0
1,6,0,0,0,0,0,0,0,1,1,0,1,0
_____________________________________________________
_____________________________________________________
106,11,0.0000,
1,6,0,0,0,0,0,0,0,1,1,0,1,0
1,6,1,0,0,0,0,0,0,1,1,0,0,1
_____________________________________________________
_____________________________________________________
107,12,0.0000,
1,6,1,0,0,0,0,0,0,1,1,0,0,1
0,7,1,0,0,0,0,0,0,1,1,0,0,0
_____________________________________________________
_____________________________________________________
108,0,0.0000,
0,7,1,0,0,0,0,0,0,1,1,0,0,0
0,7,1,0,0,0,0,0,0,1,1,1,0,0
_____________________________________________________
_____________________________________________________
109,0,0.0000,
0,7,1,0,0,0,0,0,0,1,1,1,0,0
0,7,1,1,0,0,1,0,0,1,1,1,0,0
_____________________________________________________
_____________________________________________________
110,0,0.0000,
0,7,1,1,0,0,1,0,0,1,1,1,0,0
1,6,1,1,0,0,1,0,0,1,1,1,0,0
_____________________________________________________
_____________________________________________________
111,5,0.0000,
1,6,1,1,0,0,1,0,0,1,1,1,0,0
0,7,1,0,0,0,1,0,0,1,0,0,1,0
_____________________________________________________
_____________________________________________________
112,0,0.0000,
0,7,1,0,0,0,1,0,0,1,0,0,1,0
1,6,1,0,0,0,1,0,0,1,0,0,1,0
_____________________________________________________
_____________________________________________________
113,11,0.0000,
1,6,1,0,0,0,1,0,0,1,0,0,1,0
0,7,1,0,0,0,0,0,0,1,0,0,0,0
_____________________________________________________
_____________________________________________________
114,0,0.0000,
0,7,1,0,0,0,0,0,0,1,0,0,0,0
0,7,1,0,0,0,0,0,0,1,0,0,0,0
_____________________________________________________
_____________________________________________________
115,0,0.0000,
0,7,1,0,0,0,0,0,0,1,0,0,0,0
1,6,1,0,0,0,1,0,0,1,0,0,1,0
_____________________________________________________
_____________________________________________________
116,11,0.0000,
1,6,1,0,0,0,1,0,0,1,0,0,1,0
0,7,1,0,0,0,0,0,0,1,0,0,0,0
_____________________________________________________
_____________________________________________________
117,0,0.0000,
0,7,1,0,0,0,0,0,0,1,0,0,0,0
0,7,1,0,0,0,0,0,0,1,0,0,0,0
_____________________________________________________
_____________________________________________________
118,0,0.0000,
0,7,1,0,0,0,0,0,0,1,0,0,0,0
0,7,1,0,0,0,0,0,0,1,0,0,0,0
_____________________________________________________
_____________________________________________________
119,0,0.0000,
0,7,1,0,0,0,0,0,0,1,0,0,0,0
0,7,1,0,0,0,1,0,0,1,1,0,1,1
_____________________________________________________
_____________________________________________________
120,0,0.0000,
0,7,1,0,0,0,1,0,0,1,1,0,1,1
0,7,1,1,0,0,1,0,0,1,1,0,1,1
_____________________________________________________
_____________________________________________________
121,0,0.0000,
0,7,1,1,0,0,1,0,0,1,1,0,1,1
1,6,1,1,0,0,1,0,0,1,1,0,1,1
_____________________________________________________
_____________________________________________________
122,11,0.0000,
1,6,1,1,0,0,1,0,0,1,1,0,1,1
1,6,1,1,0,0,0,0,0,1,1,0,0,1
_____________________________________________________
_____________________________________________________
123,2,0.0000,
1,6,1,1,0,0,0,0,0,1,1,0,0,1
1,6,1,0,0,0,0,0,0,1,0,0,0,0
_____________________________________________________
_____________________________________________________
124,8,0.0000,
1,6,1,0,0,0,0,0,0,1,0,0,0,0
0,7,1,0,0,0,0,0,1,0,0,0,0,0
_____________________________________________________
_____________________________________________________
125,0,0.0000,
0,7,1,0,0,0,0,0,1,0,0,0,0,0
0,7,0,0,1,0,0,0,0,1,0,0,1,0
_____________________________________________________
_____________________________________________________
126,0,0.0000,
0,7,0,0,1,0,0,0,0,1,0,0,1,0
0,7,0,1,1,0,0,0,0,1,0,0,1,0
_____________________________________________________
_____________________________________________________
127,0,0.0000,
0,7,0,1,1,0,0,0,0,1,0,0,1,0
1,6,0,1,1,0,0,0,0,1,0,0,1,0
_____________________________________________________
_____________________________________________________
128,11,0.0000,
1,6,0,1,1,0,0,0,0,1,0,0,1,0
0,7,0,1,0,1,0,0,1,0,0,0,0,0
_____________________________________________________
_____________________________________________________
129,0,0.0000,
0,7,0,1,0,1,0,0,1,0,0,0,0,0
0,7,0,1,0,1,0,0,1,0,0,0,0,0
_____________________________________________________
_____________________________________________________
130,0,0.0000,
0,7,0,1,0,1,0,0,1,0,0,0,0,0
1,6,0,1,0,1,0,0,1,0,0,0,1,0
_____________________________________________________
_____________________________________________________
131,7,0.0000,
1,6,0,1,0,1,0,0,1,0,0,0,1,0
1,6,0,1,1,1,0,0,0,1,0,0,1,0
_____________________________________________________
_____________________________________________________
132,11,0.0000,
1,6,0,1,1,1,0,0,0,1,0,0,1,0
1,6,0,1,0,1,0,0,0,0,0,0,0,0
_____________________________________________________
_____________________________________________________
133,2,0.0000,
1,6,0,1,0,1,0,0,0,0,0,0,0,0
0,7,0,1,0,1,0,1,0,0,0,0,0,0
_____________________________________________________
_____________________________________________________
134,0,0.0000,
0,7,0,1,0,1,0,1,0,0,0,0,0,0
0,7,1,1,0,1,1,1,0,0,0,0,0,0
_____________________________________________________
_____________________________________________________
135,0,0.0000,
0,7,1,1,0,1,1,1,0,0,0,0,0,0
1,6,1,1,1,1,1,1,0,1,1,1,1,1
_____________________________________________________
_____________________________________________________
136,11,0.0000,
1,6,1,1,1,1,1,1,0,1,1,1,1,1
1,6,1,1,0,1,1,1,0,0,1,1,0,1
_____________________________________________________
_____________________________________________________
137,5,0.0000,
1,6,1,1,0,1,1,1,0,0,1,1,0,1
0,7,0,1,0,1,0,0,0,0,1,1,0,1
_____________________________________________________
_____________________________________________________
138,0,0.0000,
0,7,0,1,0,1,0,0,0,0,1,1,0,1
1,6,0,1,0,1,0,0,0,0,1,1,0,1
_____________________________________________________
_____________________________________________________
139,2,0.0000,
1,6,0,1,0,1,0,0,0,0,1,1,0,1
0,6,0,0,0,0,0,0,0,0,0,0,0,0
_____________________________________________________
