_____________________________________________________
0,12,0.0000,
3,5,0,0,1,0,0,0,0,0,1,0,0,1
2,5,0,0,1,0,0,0,0,0,1,0,0,0
_____________________________________________________
_____________________________________________________
1,9,0.0000,
2,5,0,0,1,0,0,0,0,0,1,0,0,0
1,4,0,0,1,0,0,0,0,0,0,0,0,0
_____________________________________________________
_____________________________________________________
2,3,0.0000,
1,4,0,0,1,0,0,0,0,0,0,0,0,0
0,7,0,0,0,0,0,0,0,0,0,0,0,0
_____________________________________________________
_____________________________________________________
3,0,0.0000,
0,7,0,0,0,0,0,0,0,0,0,0,0,0
1,6,0,0,0,0,0,0,0,0,0,0,0,0
_____________________________________________________
_____________________________________________________
4,0,0.0000,
1,6,0,0,0,0,0,0,0,0,0,0,0,0
1,5,0,0,0,0,0,0,0,0,0,0,0,0
_____________________________________________________
_____________________________________________________
5,0,0.0000,
1,5,0,0,0,0,0,0,0,0,0,0,0,0
2,4,0,1,0,1,1,1,0,1,0,0,0,0
_____________________________________________________
_____________________________________________________
6,5,0.0000,
2,4,0,1,0,1,1,1,0,1,0,0,0,0
1,5,0,0,0,0,0,0,0,0,0,0,0,0
_____________________________________________________
_____________________________________________________
7,0,0.0000,
1,5,0,0,0,0,0,0,0,0,0,0,0,0
2,4,0,0,0,0,0,0,0,0,0,0,0,0
_____________________________________________________
_____________________________________________________
8,9,-1.0000,
2,4,0,0,0,0,0,0,0,0,0,0,0,0
2,5,0,0,0,0,0,0,0,0,-1,0,0,0
_____________________________________________________
_____________________________________________________
9,9,0.0000,
2,5,0,0,0,0,0,0,0,0,-1,0,0,0
1,5,0,0,0,0,0,0,0,0,-1,1,1,0
_____________________________________________________
_____________________________________________________
10,9,0.0000,
1,5,0,0,0,0,0,0,0,0,-1,1,1,0
0,7,1,0,0,0,0,0,1,0,-1,1,1,0
_____________________________________________________
_____________________________________________________
11,0,0.0000,
0,7,1,0,0,0,0,0,1,0,-1,1,1,0
0,7,1,0,0,0,0,0,1,0,-1,1,1,0
_____________________________________________________
_____________________________________________________
12,0,0.0000,
0,7,1,0,0,0,0,0,1,0,-1,1,1,0
0,7,1,0,0,0,0,0,0,0,0,0,1,0
_____________________________________________________
_____________________________________________________
13,0,0.0000,
0,7,1,0,0,0,0,0,0,0,0,0,1,0
1,6,0,0,0,0,0,1,0,1,1,0,1,1
_____________________________________________________
_____________________________________________________
14,11,0.0000,
1,6,0,0,0,0,0,1,0,1,1,0,1,1
1,6,0,0,0,0,0,0,0,0,0,0,0,0
_____________________________________________________
_____________________________________________________
15,0,0.0000,
1,6,0,0,0,0,0,0,0,0,0,0,0,0
1,5,0,0,0,0,0,0,1,0,0,0,0,0
_____________________________________________________
_____________________________________________________
16,7,0.0000,
1,5,0,0,0,0,0,0,1,0,0,0,0,0
1,6,0,0,0,0,0,1,0,1,1,0,1,1
_____________________________________________________
_____________________________________________________
17,11,0.0000,
1,6,0,0,0,0,0,1,0,1,1,0,1,1
1,6,0,0,0,0,0,0,0,1,1,0,1,1
_____________________________________________________
_____________________________________________________
18,11,0.0000,
1,6,0,0,0,0,0,0,0,1,1,0,1,1
0,7,0,0,0,0,0,0,0,0,0,0,0,0
_____________________________________________________
_____________________________________________________
19,0,0.0000,
0,7,0,0,0,0,0,0,0,0,0,0,0,0
0,7,0,0,0,0,0,0,0,0,0,0,0,0
_____________________________________________________
_____________________________________________________
20,0,0.0000,
0,7,0,0,0,0,0,0,0,0,0,0,0,0
1,6,0,0,0,0,0,0,0,0,0,0,0,0
_____________________________________________________
_____________________________________________________
21,0,0.0000,
1,6,0,0,0,0,0,0,0,0,0,0,0,0
2,5,0,0,0,0,0,0,0,0,0,1,0,0
_____________________________________________________
_____________________________________________________
22,10,0.0000,
2,5,0,0,0,0,0,0,0,0,0,1,0,0
2,5,0,0,0,0,0,0,0,0,0,0,0,0
_____________________________________________________
_____________________________________________________
23,9,-1.0000,
2,5,0,0,0,0,0,0,0,0,0,0,0,0
2,5,0,0,0,0,0,-1,0,-1,-1,0,-1,-1
_____________________________________________________
_____________________________________________________
24,9,0.0000,
2,5,0,0,0,0,0,-1,0,-1,-1,0,-1,-1
2,5,0,0,0,0,1,-1,0,-1,-1,0,-1,-1
_____________________________________________________
_____________________________________________________
25,9,0.0000,
2,5,0,0,0,0,1,-1,0,-1,-1,0,-1,-1
1,5,0,0,0,0,1,-1,0,-1,-1,0,-1,-1
_____________________________________________________
_____________________________________________________
26,9,0.0000,
1,5,0,0,0,0,1,-1,0,-1,-1,0,-1,-1
0,7,0,0,0,0,1,-1,0,1,1,1,1,1
_____________________________________________________
_____________________________________________________
27,0,0.0000,
0,7,0,0,0,0,1,-1,0,1,1,1,1,1
0,7,0,0,1,0,1,1,0,0,1,0,0,1
_____________________________________________________
_____________________________________________________
28,0,0.0000,
0,7,0,0,1,0,1,1,0,0,1,0,0,1
0,7,0,0,1,0,1,1,0,0,1,0,0,1
_____________________________________________________
_____________________________________________________
29,0,0.0000,
0,7,0,0,1,0,1,1,0,0,1,0,0,1
0,7,0,0,1,0,1,1,0,0,1,0,0,1
_____________________________________________________
_____________________________________________________
30,0,0.0000,
0,7,0,0,1,0,1,1,0,0,1,0,0,1
1,6,0,0,1,0,1,1,0,0,1,0,0,1
_____________________________________________________
_____________________________________________________
31,5,0.0000,
1,6,0,0,1,0,1,1,0,0,1,0,0,1
1,6,0,0,1,0,0,0,0,0,1,0,0,1
_____________________________________________________
_____________________________________________________
32,12,0.0000,
1,6,0,0,1,0,0,0,0,0,1,0,0,1
0,7,0,0,0,0,1,1,0,0,0,0,0,0
_____________________________________________________
_____________________________________________________
33,0,0.0000,
0,7,0,0,0,0,1,1,0,0,0,0,0,0
0,7,0,0,0,0,1,1,0,0,0,0,0,0
_____________________________________________________
_____________________________________________________
34,0,0.0000,
0,7,0,0,0,0,1,1,0,0,0,0,0,0
1,6,0,0,0,0,1,1,0,0,0,0,0,0
_____________________________________________________
_____________________________________________________
35,5,0.0000,
1,6,0,0,0,0,1,1,0,0,0,0,0,0
0,7,0,0,0,0,0,0,0,0,0,1,1,0
_____________________________________________________
_____________________________________________________
36,0,0.0000,
0,7,0,0,0,0,0,0,0,0,0,1,1,0
0,7,0,0,0,1,0,0,0,0,0,1,1,0
_____________________________________________________
_____________________________________________________
37,0,0.0000,
0,7,0,0,0,1,0,0,0,0,0,1,1,0
0,7,0,0,0,1,0,0,0,0,0,1,1,0
_____________________________________________________
_____________________________________________________
38,0,0.0000,
0,7,0,0,0,1,0,0,0,0,0,1,1,0
0,7,0,0,0,1,0,0,0,0,0,1,1,0
_____________________________________________________
_____________________________________________________
39,0,0.0000,
0,7,0,0,0,1,0,0,0,0,0,1,1,0
0,7,0,0,0,1,0,0,0,0,0,1,1,0
_____________________________________________________
_____________________________________________________
40,0,0.0000,
0,7,0,0,0,1,0,0,0,0,0,1,1,0
0,7,1,0,1,1,0,0,0,0,1,0,0,1
_____________________________________________________
_____________________________________________________
41,0,0.0000,
0,7,1,0,1,1,0,0,0,0,1,0,0,1
1,6,0,1,1,1,0,1,0,0,0,0,0,0
_____________________________________________________
_____________________________________________________
42,6,0.0000,
1,6,0,1,1,1,0,1,0,0,0,0,0,0
0,7,0,0,0,0,0,0,0,0,0,0,0,0
_____________________________________________________
_____________________________________________________
43,0,0.0000,
0,7,0,0,0,0,0,0,0,0,0,0,0,0
1,6,1,0,0,0,1,0,1,1,0,0,0,1
_____________________________________________________
_____________________________________________________
44,5,0.0000,
1,6,1,0,0,0,1,0,1,1,0,0,0,1
1,6,1,0,0,0,0,0,0,1,1,0,1,0
_____________________________________________________
_____________________________________________________
45,11,0.0000,
1,6,1,0,0,0,0,0,0,1,1,0,1,0
1,6,1,0,0,0,0,0,0,1,0,0,0,0
_____________________________________________________
_____________________________________________________
46,8,0.0000,
1,6,1,0,0,0,0,0,0,1,0,0,0,0
1,6,0,0,0,0,0,0,0,0,0,0,0,0
_____________________________________________________
_____________________________________________________
47,0,0.0000,
1,6,0,0,0,0,0,0,0,0,0,0,0,0
2,5,1,0,0,0,0,0,0,1,0,0,0,0
_____________________________________________________
_____________________________________________________
48,8,0.0000,
2,5,1,0,0,0,0,0,0,1,0,0,0,0
2,5,0,0,0,0,0,0,0,0,0,0,0,0
_____________________________________________________
_____________________________________________________
49,9,-1.0000,
2,5,0,0,0,0,0,0,0,0,0,0,0,0
1,5,0,0,0,0,0,0,0,0,-1,0,-1,0
_____________________________________________________
_____________________________________________________
50,9,0.0000,
1,5,0,0,0,0,0,0,0,0,-1,0,-1,0
0,7,0,0,0,0,0,0,0,0,-1,0,-1,0
_____________________________________________________
_____________________________________________________
51,0,0.0000,
0,7,0,0,0,0,0,0,0,0,-1,0,-1,0
1,6,0,0,0,0,0,0,0,0,-1,0,-1,0
_____________________________________________________
_____________________________________________________
52,9,0.0000,
1,6,0,0,0,0,0,0,0,0,-1,0,-1,0
0,7,0,0,0,0,0,0,0,0,-1,0,-1,0
_____________________________________________________
_____________________________________________________
53,0,0.0000,
0,7,0,0,0,0,0,0,0,0,-1,0,-1,0
0,7,0,0,0,0,0,0,0,0,-1,0,-1,0
_____________________________________________________
_____________________________________________________
54,0,0.0000,
0,7,0,0,0,0,0,0,0,0,-1,0,-1,0
1,6,0,0,0,1,0,0,0,0,-1,0,-1,0
_____________________________________________________
_____________________________________________________
55,9,0.0000,
1,6,0,0,0,1,0,0,0,0,-1,0,-1,0
0,7,-1,0,0,0,-1,0,0,0,-1,0,0,0
_____________________________________________________
_____________________________________________________
56,0,0.0000,
0,7,-1,0,0,0,-1,0,0,0,-1,0,0,0
0,7,-1,1,0,0,-1,1,1,0,-1,0,0,0
_____________________________________________________
_____________________________________________________
57,0,0.0000,
0,7,-1,1,0,0,-1,1,1,0,-1,0,0,0
1,6,-1,1,0,0,-1,1,1,0,-1,0,0,0
_____________________________________________________
_____________________________________________________
58,9,0.0000,
1,6,-1,1,0,0,-1,1,1,0,-1,0,0,0
1,6,-1,1,0,0,-1,1,1,0,-1,0,0,0
_____________________________________________________
_____________________________________________________
59,9,0.0000,
1,6,-1,1,0,0,-1,1,1,0,-1,0,0,0
1,6,-1,1,0,0,-1,1,1,0,-1,0,0,0
_____________________________________________________
_____________________________________________________
60,9,0.0000,
1,6,-1,1,0,0,-1,1,1,0,-1,0,0,0
1,6,-1,1,0,0,-1,1,1,0,-1,0,0,0
_____________________________________________________
_____________________________________________________
61,9,0.0000,
1,6,-1,1,0,0,-1,1,1,0,-1,0,0,0
1,6,-1,1,0,0,0,1,1,0,0,0,0,0
_____________________________________________________
_____________________________________________________
62,7,0.0000,
1,6,-1,1,0,0,0,1,1,0,0,0,0,0
0,7,0,0,0,0,0,1,0,0,0,0,0,0
_____________________________________________________
_____________________________________________________
63,0,0.0000,
0,7,0,0,0,0,0,1,0,0,0,0,0,0
0,7,0,0,0,0,0,1,0,0,0,0,0,0
_____________________________________________________
_____________________________________________________
64,0,0.0000,
0,7,0,0,0,0,0,1,0,0,0,0,0,0
0,7,0,0,0,0,0,0,0,0,0,0,0,0
_____________________________________________________
_____________________________________________________
65,0,0.0000,
0,7,0,0,0,0,0,0,0,0,0,0,0,0
1,6,0,1,0,0,0,0,1,0,0,0,0,1
_____________________________________________________
_____________________________________________________
66,7,0.0000,
1,6,0,1,0,0,0,0,1,0,0,0,0,1
0,7,0,0,0,0,0,0,0,0,0,0,0,1
_____________________________________________________
_____________________________________________________
67,0,0.0000,
0,7,0,0,0,0,0,0,0,0,0,0,0,1
1,6,1,0,0,0,1,0,0,0,1,0,0,1
_____________________________________________________
_____________________________________________________
68,5,0.0000,
1,6,1,0,0,0,1,0,0,0,1,0,0,1
1,6,0,0,0,0,0,0,0,0,0,0,0,1
_____________________________________________________
_____________________________________________________
69,12,0.0000,
1,6,0,0,0,0,0,0,0,0,0,0,0,1
1,6,0,0,0,0,0,0,0,0,0,0,0,1
_____________________________________________________
_____________________________________________________
70,12,0.0000,
1,6,0,0,0,0,0,0,0,0,0,0,0,1
0,7,0,0,0,0,0,1,0,0,0,0,0,0
_____________________________________________________
_____________________________________________________
71,0,0.0000,
0,7,0,0,0,0,0,1,0,0,0,0,0,0
0,7,0,0,0,1,0,1,0,0,0,0,0,0
_____________________________________________________
_____________________________________________________
72,0,0.0000,
0,7,0,0,0,1,0,1,0,0,0,0,0,0
1,6,0,0,0,1,0,1,0,0,0,0,0,0
_____________________________________________________
_____________________________________________________
73,6,0.0000,
1,6,0,0,0,1,0,1,0,0,0,0,0,0
1,6,0,0,0,0,0,0,0,0,0,0,0,0
_____________________________________________________
_____________________________________________________
74,0,0.0000,
1,6,0,0,0,0,0,0,0,0,0,0,0,0
2,5,0,0,0,0,0,0,0,0,0,0,0,0
_____________________________________________________
_____________________________________________________
75,0,0.0000,
2,5,0,0,0,0,0,0,0,0,0,0,0,0
2,4,0,0,0,0,0,0,0,0,0,0,0,0
_____________________________________________________
_____________________________________________________
76,9,-1.0000,
2,4,0,0,0,0,0,0,0,0,0,0,0,0
1,4,-1,0,0,0,0,0,0,0,-1,0,-1,0
_____________________________________________________
_____________________________________________________
77,9,0.0000,
1,4,-1,0,0,0,0,0,0,0,-1,0,-1,0
1,6,-1,0,0,0,0,0,0,0,-1,0,-1,1
_____________________________________________________
_____________________________________________________
78,9,0.0000,
1,6,-1,0,0,0,0,0,0,0,-1,0,-1,1
1,6,-1,0,0,0,0,0,0,0,-1,0,-1,1
_____________________________________________________
_____________________________________________________
79,9,0.0000,
1,6,-1,0,0,0,0,0,0,0,-1,0,-1,1
0,7,0,0,0,0,0,0,0,0,0,0,0,1
_____________________________________________________
_____________________________________________________
80,0,0.0000,
0,7,0,0,0,0,0,0,0,0,0,0,0,1
0,7,0,0,0,0,0,0,0,0,0,0,0,1
_____________________________________________________
_____________________________________________________
81,0,0.0000,
0,7,0,0,0,0,0,0,0,0,0,0,0,1
1,6,0,0,0,0,0,0,0,0,0,0,0,1
_____________________________________________________
_____________________________________________________
82,12,0.0000,
1,6,0,0,0,0,0,0,0,0,0,0,0,1
0,7,0,0,0,0,0,0,0,0,0,0,0,0
_____________________________________________________
_____________________________________________________
83,0,0.0000,
0,7,0,0,0,0,0,0,0,0,0,0,0,0
0,7,1,0,0,0,0,0,1,0,0,0,0,0
_____________________________________________________
_____________________________________________________
84,0,0.0000,
0,7,1,0,0,0,0,0,1,0,0,0,0,0
0,7,1,0,0,0,0,0,0,0,0,0,0,0
_____________________________________________________
_____________________________________________________
85,0,0.0000,
0,7,1,0,0,0,0,0,0,0,0,0,0,0
0,7,0,0,0,0,1,0,0,0,0,0,0,0
_____________________________________________________
_____________________________________________________
86,0,0.0000,
0,7,0,0,0,0,1,0,0,0,0,0,0,0
0,7,0,0,1,0,1,0,0,0,0,0,0,0
_____________________________________________________
_____________________________________________________
87,0,0.0000,
0,7,0,0,1,0,1,0,0,0,0,0,0,0
0,7,0,0,1,0,1,0,0,0,1,0,0,1
_____________________________________________________
_____________________________________________________
88,0,0.0000,
0,7,0,0,1,0,1,0,0,0,1,0,0,1
1,6,0,0,1,1,0,0,0,0,1,0,0,1
_____________________________________________________
_____________________________________________________
89,12,0.0000,
1,6,0,0,1,1,0,0,0,0,1,0,0,1
0,7,0,0,0,1,0,0,0,0,0,0,0,0
_____________________________________________________
_____________________________________________________
90,0,0.0000,
0,7,0,0,0,1,0,0,0,0,0,0,0,0
0,7,0,0,0,1,0,0,0,0,0,1,0,1
_____________________________________________________
_____________________________________________________
91,0,0.0000,
0,7,0,0,0,1,0,0,0,0,0,1,0,1
1,6,0,0,0,1,0,0,0,1,1,1,0,1
_____________________________________________________
_____________________________________________________
92,12,0.0000,
1,6,0,0,0,1,0,0,0,1,1,1,0,1
1,6,0,0,0,1,0,0,0,1,0,1,0,0
_____________________________________________________
_____________________________________________________
93,8,0.0000,
1,6,0,0,0,1,0,0,0,1,0,1,0,0
1,6,0,0,0,1,0,0,0,1,1,1,0,1
_____________________________________________________
_____________________________________________________
94,12,0.0000,
1,6,0,0,0,1,0,0,0,1,1,1,0,1
1,6,0,0,0,1,0,0,0,1,0,1,0,0
_____________________________________________________
_____________________________________________________
95,10,0.0000,
1,6,0,0,0,1,0,0,0,1,0,1,0,0
0,7,0,0,0,1,0,0,0,0,0,0,0,0
_____________________________________________________
_____________________________________________________
96,0,0.0000,
0,7,0,0,0,1,0,0,0,0,0,0,0,0
0,7,0,0,1,1,1,0,0,0,0,0,0,0
_____________________________________________________
_____________________________________________________
97,0,0.0000,
0,7,0,0,1,1,1,0,0,0,0,0,0,0
1,6,0,0,0,0,0,0,0,1,0,0,0,0
_____________________________________________________
_____________________________________________________
98,8,0.0000,
1,6,0,0,0,0,0,0,0,1,0,0,0,0
0,7,0,0,0,0,0,0,0,0,1,0,1,0
_____________________________________________________
_____________________________________________________
99,0,0.0000,
0,7,0,0,0,0,0,0,0,0,1,0,1,0
1,6,0,0,0,0,1,0,0,0,1,0,1,0
_____________________________________________________
_____________________________________________________
100,11,0.0000,
1,6,0,0,0,0,1,0,0,0,1,0,1,0
0,7,0,0,0,0,0,0,0,0,0,0,0,0
_____________________________________________________
_____________________________________________________
101,0,0.0000,
0,7,0,0,0,0,0,0,0,0,0,0,0,0
1,6,0,0,0,0,0,0,0,0,0,0,0,0
_____________________________________________________
_____________________________________________________
102,0,0.0000,
1,6,0,0,0,0,0,0,0,0,0,0,0,0
2,5,0,1,0,0,0,1,1,1,0,0,0,0
_____________________________________________________
_____________________________________________________
103,7,0.0000,
2,5,0,1,0,0,0,1,1,1,0,0,0,0
2,5,0,0,0,0,0,0,0,1,0,0,0,0
_____________________________________________________
_____________________________________________________
104,0,0.0000,
2,5,0,0,0,0,0,0,0,1,0,0,0,0
3,4,0,0,0,0,0,0,0,1,0,0,0,1
_____________________________________________________
_____________________________________________________
105,12,0.0000,
3,4,0,0,0,0,0,0,0,1,0,0,0,1
3,4,0,0,0,0,0,0,0,1,0,0,0,0
_____________________________________________________
_____________________________________________________
106,9,-1.0000,
3,4,0,0,0,0,0,0,0,1,0,0,0,0
2,4,0,0,0,0,-1,0,0,1,-1,1,-1,0
_____________________________________________________
_____________________________________________________
107,5,0.0000,
2,4,0,0,0,0,-1,0,0,1,-1,1,-1,0
2,4,1,0,0,0,-1,0,0,1,-1,1,-1,0
_____________________________________________________
_____________________________________________________
108,5,0.0000,
2,4,1,0,0,0,-1,0,0,1,-1,1,-1,0
1,5,1,0,0,0,-1,0,0,1,-1,1,-1,0
_____________________________________________________
_____________________________________________________
109,5,0.0000,
1,5,1,0,0,0,-1,0,0,1,-1,1,-1,0
0,7,1,0,0,0,-1,0,0,1,-1,1,-1,0
_____________________________________________________
_____________________________________________________
110,0,0.0000,
0,7,1,0,0,0,-1,0,0,1,-1,1,-1,0
1,6,1,0,0,1,-1,0,0,1,-1,1,-1,0
_____________________________________________________
_____________________________________________________
111,5,0.0000,
1,6,1,0,0,1,-1,0,0,1,-1,1,-1,0
0,7,1,0,1,0,1,1,0,-1,1,0,0,0
_____________________________________________________
_____________________________________________________
112,0,0.0000,
0,7,1,0,1,0,1,1,0,-1,1,0,0,0
0,7,1,0,1,0,1,1,0,-1,1,0,0,0
_____________________________________________________
_____________________________________________________
113,0,0.0000,
0,7,1,0,1,0,1,1,0,-1,1,0,0,0
0,7,1,0,1,0,1,1,0,-1,1,0,0,0
_____________________________________________________
_____________________________________________________
114,0,0.0000,
0,7,1,0,1,0,1,1,0,-1,1,0,0,0
0,7,1,0,0,0,0,1,1,-1,1,1,1,0
_____________________________________________________
_____________________________________________________
115,0,0.0000,
0,7,1,0,0,0,0,1,1,-1,1,1,1,0
0,7,0,0,0,0,0,1,1,-1,1,1,1,0
_____________________________________________________
_____________________________________________________
116,0,0.0000,
0,7,0,0,0,0,0,1,1,-1,1,1,1,0
0,7,0,0,0,0,0,1,1,-1,1,1,0,0
_____________________________________________________
_____________________________________________________
117,0,0.0000,
0,7,0,0,0,0,0,1,1,-1,1,1,0,0
0,7,0,0,0,0,0,1,0,1,1,0,0,0
_____________________________________________________
_____________________________________________________
118,0,0.0000,
0,7,0,0,0,0,0,1,0,1,1,0,0,0
0,7,0,0,0,0,0,1,0,1,1,0,1,0
_____________________________________________________
_____________________________________________________
119,0,0.0000,
0,7,0,0,0,0,0,1,0,1,1,0,1,0
1,6,0,0,0,0,0,1,1,1,1,1,1,0
_____________________________________________________
_____________________________________________________
120,11,0.0000,
1,6,0,0,0,0,0,1,1,1,1,1,1,0
1,6,0,0,0,0,0,1,0,1,1,0,0,0
_____________________________________________________
_____________________________________________________
121,6,0.0000,
1,6,0,0,0,0,0,1,0,1,1,0,0,0
1,6,0,0,0,0,1,0,0,1,1,0,1,0
_____________________________________________________
_____________________________________________________
122,11,0.0000,
1,6,0,0,0,0,1,0,0,1,1,0,1,0
1,6,1,0,1,0,1,0,0,1,1,0,0,0
_____________________________________________________
_____________________________________________________
123,5,0.0000,
1,6,1,0,1,0,1,0,0,1,1,0,0,0
1,6,0,0,0,0,0,0,0,1,1,1,1,0
_____________________________________________________
_____________________________________________________
124,11,0.0000,
1,6,0,0,0,0,0,0,0,1,1,1,1,0
1,6,0,0,0,0,0,0,0,1,1,0,0,0
_____________________________________________________
_____________________________________________________
125,9,0.0000,
1,6,0,0,0,0,0,0,0,1,1,0,0,0
1,6,1,0,0,0,0,0,1,0,0,0,1,0
_____________________________________________________
_____________________________________________________
126,11,0.0000,
1,6,1,0,0,0,0,0,1,0,0,0,1,0
0,7,0,0,0,0,0,0,0,0,0,0,0,0
_____________________________________________________
_____________________________________________________
127,0,0.0000,
0,7,0,0,0,0,0,0,0,0,0,0,0,0
0,7,0,0,0,0,0,0,0,0,0,0,0,0
_____________________________________________________
_____________________________________________________
128,0,0.0000,
0,7,0,0,0,0,0,0,0,0,0,0,0,0
0,7,0,0,0,0,0,0,0,0,0,0,0,0
_____________________________________________________
_____________________________________________________
129,0,0.0000,
0,7,0,0,0,0,0,0,0,0,0,0,0,0
0,7,0,0,0,0,0,1,0,0,0,0,0,0
_____________________________________________________
_____________________________________________________
130,0,0.0000,
0,7,0,0,0,0,0,1,0,0,0,0,0,0
0,7,0,0,0,0,1,1,0,0,0,0,0,0
_____________________________________________________
_____________________________________________________
131,0,0.0000,
0,7,0,0,0,0,1,1,0,0,0,0,0,0
1,6,0,0,0,0,1,1,0,0,0,0,0,0
_____________________________________________________
_____________________________________________________
132,5,0.0000,
1,6,0,0,0,0,1,1,0,0,0,0,0,0
1,6,0,0,0,0,0,0,0,0,0,0,0,0
_____________________________________________________
_____________________________________________________
133,0,0.0000,
1,6,0,0,0,0,0,0,0,0,0,0,0,0
2,5,0,0,0,0,0,1,0,0,0,0,0,0
_____________________________________________________
_____________________________________________________
134,6,0.0000,
2,5,0,0,0,0,0,1,0,0,0,0,0,0
2,5,0,0,0,0,0,0,0,0,0,0,0,0
_____________________________________________________
_____________________________________________________
135,9,-1.0000,
2,5,0,0,0,0,0,0,0,0,0,0,0,0
2,5,0,1,0,0,0,0,0,0,1,0,0,0
_____________________________________________________
_____________________________________________________
136,2,0.0000,
2,5,0,1,0,0,0,0,0,0,1,0,0,0
1,5,0,0,0,0,0,0,0,1,0,0,0,1
_____________________________________________________
_____________________________________________________
137,12,0.0000,
1,5,0,0,0,0,0,0,0,1,0,0,0,1
0,7,0,0,0,0,0,0,1,1,0,0,0,0
_____________________________________________________
_____________________________________________________
138,0,0.0000,
0,7,0,0,0,0,0,0,1,1,0,0,0,0
1,6,0,0,0,0,0,0,1,1,0,0,0,0
_____________________________________________________
_____________________________________________________
139,7,0.0000,
1,6,0,0,0,0,0,0,1,1,0,0,0,0
0,6,0,0,0,0,0,0,0,0,0,0,0,0
_____________________________________________________
