_____________________________________________________
0,9,-1.0000,
3,4,0,0,0,1,0,0,0,1,0,0,0,0
2,4,0,0,0,1,0,0,0,1,-1,0,0,0
_____________________________________________________
_____________________________________________________
1,9,0.0000,
2,4,0,0,0,1,0,0,0,1,-1,0,0,0
2,4,0,0,0,1,0,0,0,1,-1,0,0,0
_____________________________________________________
_____________________________________________________
2,9,0.0000,
2,4,0,0,0,1,0,0,0,1,-1,0,0,0
1,5,0,0,0,1,0,0,0,1,-1,0,0,0
_____________________________________________________
_____________________________________________________
3,9,0.0000,
1,5,0,0,0,1,0,0,0,1,-1,0,0,0
0,7,0,0,0,1,0,0,0,1,-1,0,0,0
_____________________________________________________
_____________________________________________________
4,0,0.0000,
0,7,0,0,0,1,0,0,0,1,-1,0,0,0
0,7,0,0,0,1,0,0,0,1,-1,0,0,0
_____________________________________________________
_____________________________________________________
5,0,0.0000,
0,7,0,0,0,1,0,0,0,1,-1,0,0,0
1,6,0,0,0,1,0,0,0,1,-1,0,0,0
_____________________________________________________
_____________________________________________________
6,9,0.0000,
1,6,0,0,0,1,0,0,0,1,-1,0,0,0
1,6,0,0,0,1,0,0,0,1,-1,0,0,0
_____________________________________________________
_____________________________________________________
7,9,0.0000,
1,6,0,0,0,1,0,0,0,1,-1,0,0,0
0,7,0,0,0,1,0,0,0,1,-1,0,0,0
_____________________________________________________
_____________________________________________________
8,0,0.0000,
0,7,0,0,0,1,0,0,0,1,-1,0,0,0
1,6,0,0,0,1,0,0,0,1,-1,0,0,0
_____________________________________________________
_____________________________________________________
9,9,0.0000,
1,6,0,0,0,1,0,0,0,1,-1,0,0,0
0,7,0,0,0,1,0,0,0,1,-1,0,0,0
_____________________________________________________
_____________________________________________________
10,0,0.0000,
0,7,0,0,0,1,0,0,0,1,-1,0,0,0
0,7,0,0,0,1,0,0,0,1,-1,0,0,0
_____________________________________________________
_____________________________________________________
11,0,0.0000,
0,7,0,0,0,1,0,0,0,1,-1,0,0,0
1,6,0,0,0,1,0,0,0,1,-1,0,0,0
_____________________________________________________
_____________________________________________________
12,9,0.0000,
1,6,0,0,0,1,0,0,0,1,-1,0,0,0
0,7,0,0,0,1,0,0,0,1,-1,0,0,0
_____________________________________________________
_____________________________________________________
13,0,0.0000,
0,7,0,0,0,1,0,0,0,1,-1,0,0,0
1,6,0,1,-1,-1,0,0,1,0,1,0,0,0
_____________________________________________________
_____________________________________________________
14,7,0.0000,
1,6,0,1,-1,-1,0,0,1,0,1,0,0,0
1,6,0,0,-1,-1,0,0,0,0,1,0,0,0
_____________________________________________________
_____________________________________________________
15,9,0.0000,
1,6,0,0,-1,-1,0,0,0,0,1,0,0,0
0,7,0,0,-1,-1,0,0,0,0,0,0,0,0
_____________________________________________________
_____________________________________________________
16,0,0.0000,
0,7,0,0,-1,-1,0,0,0,0,0,0,0,0
0,7,0,0,-1,-1,0,0,0,0,0,0,0,0
_____________________________________________________
_____________________________________________________
17,0,0.0000,
0,7,0,0,-1,-1,0,0,0,0,0,0,0,0
1,6,0,0,-1,-1,0,0,0,0,0,0,0,0
_____________________________________________________
_____________________________________________________
18,9,-1.0000,
1,6,0,0,-1,-1,0,0,0,0,0,0,0,0
0,7,0,0,-1,-1,0,0,0,0,-1,0,0,0
_____________________________________________________
_____________________________________________________
19,0,0.0000,
0,7,0,0,-1,-1,0,0,0,0,-1,0,0,0
1,6,0,1,-1,-1,0,0,1,0,-1,0,0,0
_____________________________________________________
_____________________________________________________
20,9,0.0000,
1,6,0,1,-1,-1,0,0,1,0,-1,0,0,0
1,6,0,1,-1,-1,0,0,1,0,-1,0,0,0
_____________________________________________________
_____________________________________________________
21,9,0.0000,
1,6,0,1,-1,-1,0,0,1,0,-1,0,0,0
1,6,0,1,-1,-1,0,0,0,0,-1,0,0,0
_____________________________________________________
_____________________________________________________
22,9,0.0000,
1,6,0,1,-1,-1,0,0,0,0,-1,0,0,0
1,6,0,0,-1,-1,0,0,0,0,-1,0,0,0
_____________________________________________________
_____________________________________________________
23,9,0.0000,
1,6,0,0,-1,-1,0,0,0,0,-1,0,0,0
1,6,0,0,-1,-1,0,0,0,0,-1,0,0,0
_____________________________________________________
_____________________________________________________
24,9,0.0000,
1,6,0,0,-1,-1,0,0,0,0,-1,0,0,0
1,6,0,1,-1,-1,0,0,1,0,-1,0,0,0
_____________________________________________________
_____________________________________________________
25,9,0.0000,
1,6,0,1,-1,-1,0,0,1,0,-1,0,0,0
0,7,0,1,0,0,0,0,1,0,-1,0,0,0
_____________________________________________________
_____________________________________________________
26,0,0.0000,
0,7,0,1,0,0,0,0,1,0,-1,0,0,0
0,7,0,1,0,0,0,0,0,0,-1,0,0,0
_____________________________________________________
_____________________________________________________
27,0,0.0000,
0,7,0,1,0,0,0,0,0,0,-1,0,0,0
0,7,0,0,0,-1,-1,0,0,0,0,-1,0,0
_____________________________________________________
_____________________________________________________
28,0,0.0000,
0,7,0,0,0,-1,-1,0,0,0,0,-1,0,0
1,6,0,0,0,-1,-1,0,0,0,0,-1,0,0
_____________________________________________________
_____________________________________________________
29,5,0.0000,
1,6,0,0,0,-1,-1,0,0,0,0,-1,0,0
0,7,0,0,0,-1,-1,0,0,0,0,-1,0,0
_____________________________________________________
_____________________________________________________
30,0,0.0000,
0,7,0,0,0,-1,-1,0,0,0,0,-1,0,0
1,6,0,0,0,-1,-1,0,0,0,0,-1,0,0
_____________________________________________________
_____________________________________________________
31,5,0.0000,
1,6,0,0,0,-1,-1,0,0,0,0,-1,0,0
1,6,0,0,0,-1,-1,0,0,0,0,-1,0,0
_____________________________________________________
_____________________________________________________
32,5,0.0000,
1,6,0,0,0,-1,-1,0,0,0,0,-1,0,0
0,7,0,0,0,-1,-1,0,0,0,0,-1,0,0
_____________________________________________________
_____________________________________________________
33,0,0.0000,
0,7,0,0,0,-1,-1,0,0,0,0,-1,0,0
1,6,0,0,0,-1,-1,0,0,0,0,-1,0,0
_____________________________________________________
_____________________________________________________
34,5,0.0000,
1,6,0,0,0,-1,-1,0,0,0,0,-1,0,0
1,6,0,0,0,-1,-1,0,0,0,0,-1,0,0
_____________________________________________________
_____________________________________________________
35,5,0.0000,
1,6,0,0,0,-1,-1,0,0,0,0,-1,0,0
1,6,0,0,1,-1,-1,0,1,0,0,-1,0,0
_____________________________________________________
_____________________________________________________
36,5,0.0000,
1,6,0,0,1,-1,-1,0,1,0,0,-1,0,0
0,7,0,1,1,-1,-1,0,1,0,0,-1,0,0
_____________________________________________________
_____________________________________________________
37,0,0.0000,
0,7,0,1,1,-1,-1,0,1,0,0,-1,0,0
1,6,0,1,0,-1,-1,0,0,0,0,-1,0,0
_____________________________________________________
_____________________________________________________
38,5,0.0000,
1,6,0,1,0,-1,-1,0,0,0,0,-1,0,0
1,6,0,0,0,-1,-1,0,0,0,0,-1,0,0
_____________________________________________________
_____________________________________________________
39,5,0.0000,
1,6,0,0,0,-1,-1,0,0,0,0,-1,0,0
0,7,0,0,0,-1,-1,0,0,0,0,-1,0,0
_____________________________________________________
_____________________________________________________
40,0,0.0000,
0,7,0,0,0,-1,-1,0,0,0,0,-1,0,0
0,7,0,0,0,-1,-1,0,0,0,0,-1,0,0
_____________________________________________________
_____________________________________________________
41,0,0.0000,
0,7,0,0,0,-1,-1,0,0,0,0,-1,0,0
0,7,0,0,0,0,0,0,-1,0,-1,-1,0,0
_____________________________________________________
_____________________________________________________
42,0,0.0000,
0,7,0,0,0,0,0,0,-1,0,-1,-1,0,0
1,6,0,0,0,0,0,0,-1,0,-1,-1,0,0
_____________________________________________________
_____________________________________________________
43,9,0.0000,
1,6,0,0,0,0,0,0,-1,0,-1,-1,0,0
0,7,0,0,0,0,0,0,-1,0,-1,-1,0,0
_____________________________________________________
_____________________________________________________
44,0,0.0000,
0,7,0,0,0,0,0,0,-1,0,-1,-1,0,0
0,7,0,0,0,0,0,0,-1,0,-1,-1,0,0
_____________________________________________________
_____________________________________________________
45,0,0.0000,
0,7,0,0,0,0,0,0,-1,0,-1,-1,0,0
0,7,0,0,0,0,0,0,-1,0,-1,-1,0,0
_____________________________________________________
_____________________________________________________
46,0,0.0000,
0,7,0,0,0,0,0,0,-1,0,-1,-1,0,0
0,7,0,0,0,0,0,0,-1,0,-1,-1,0,0
_____________________________________________________
_____________________________________________________
47,0,0.0000,
0,7,0,0,0,0,0,0,-1,0,-1,-1,0,0
1,6,0,0,0,0,0,0,-1,0,-1,-1,0,0
_____________________________________________________
_____________________________________________________
48,9,0.0000,
1,6,0,0,0,0,0,0,-1,0,-1,-1,0,0
1,6,0,0,0,0,0,0,-1,0,-1,-1,0,0
_____________________________________________________
_____________________________________________________
49,9,0.0000,
1,6,0,0,0,0,0,0,-1,0,-1,-1,0,0
0,7,0,0,0,0,0,0,-1,0,-1,-1,0,0
_____________________________________________________
_____________________________________________________
50,0,0.0000,
0,7,0,0,0,0,0,0,-1,0,-1,-1,0,0
1,6,0,0,1,0,0,1,-1,1,-1,-1,0,0
_____________________________________________________
_____________________________________________________
51,10,0.0000,
1,6,0,0,1,0,0,1,-1,1,-1,-1,0,0
1,6,0,0,1,0,0,1,-1,1,-1,-1,0,0
_____________________________________________________
_____________________________________________________
52,10,0.0000,
1,6,0,0,1,0,0,1,-1,1,-1,-1,0,0
1,6,0,0,1,0,0,1,-1,1,-1,-1,0,0
_____________________________________________________
_____________________________________________________
53,10,0.0000,
1,6,0,0,1,0,0,1,-1,1,-1,-1,0,0
1,6,0,0,1,0,0,1,-1,1,-1,-1,0,0
_____________________________________________________
_____________________________________________________
54,10,0.0000,
1,6,0,0,1,0,0,1,-1,1,-1,-1,0,0
1,6,0,0,1,0,0,1,-1,1,-1,-1,0,0
_____________________________________________________
_____________________________________________________
55,10,0.0000,
1,6,0,0,1,0,0,1,-1,1,-1,-1,0,0
1,6,0,1,0,0,-1,-1,1,0,0,0,0,0
_____________________________________________________
_____________________________________________________
56,5,0.0000,
1,6,0,1,0,0,-1,-1,1,0,0,0,0,0
0,7,0,1,0,0,-1,-1,1,0,0,0,0,0
_____________________________________________________
_____________________________________________________
57,0,0.0000,
0,7,0,1,0,0,-1,-1,1,0,0,0,0,0
1,6,0,0,0,0,-1,-1,1,0,0,0,0,0
_____________________________________________________
_____________________________________________________
58,5,0.0000,
1,6,0,0,0,0,-1,-1,1,0,0,0,0,0
1,6,0,0,0,0,-1,-1,1,0,0,0,0,0
_____________________________________________________
_____________________________________________________
59,5,0.0000,
1,6,0,0,0,0,-1,-1,1,0,0,0,0,0
0,7,0,0,0,0,-1,-1,1,0,0,0,0,0
_____________________________________________________
_____________________________________________________
60,0,0.0000,
0,7,0,0,0,0,-1,-1,1,0,0,0,0,0
0,7,0,0,0,0,-1,-1,1,0,0,0,0,0
_____________________________________________________
_____________________________________________________
61,0,0.0000,
0,7,0,0,0,0,-1,-1,1,0,0,0,0,0
0,7,0,0,0,0,-1,-1,1,0,0,0,0,1
_____________________________________________________
_____________________________________________________
62,0,0.0000,
0,7,0,0,0,0,-1,-1,1,0,0,0,0,1
1,6,1,0,0,0,-1,-1,1,0,0,1,0,1
_____________________________________________________
_____________________________________________________
63,5,0.0000,
1,6,1,0,0,0,-1,-1,1,0,0,1,0,1
0,7,1,0,0,0,-1,-1,1,0,0,1,0,1
_____________________________________________________
_____________________________________________________
64,0,0.0000,
0,7,1,0,0,0,-1,-1,1,0,0,1,0,1
1,6,1,0,0,0,-1,-1,1,0,0,1,0,1
_____________________________________________________
_____________________________________________________
65,5,0.0000,
1,6,1,0,0,0,-1,-1,1,0,0,1,0,1
0,7,1,0,0,0,-1,-1,0,0,0,1,0,1
_____________________________________________________
_____________________________________________________
66,0,0.0000,
0,7,1,0,0,0,-1,-1,0,0,0,1,0,1
1,6,0,0,0,0,-1,-1,0,0,0,0,0,0
_____________________________________________________
_____________________________________________________
67,5,0.0000,
1,6,0,0,0,0,-1,-1,0,0,0,0,0,0
1,6,0,0,0,0,-1,-1,0,0,0,0,0,0
_____________________________________________________
_____________________________________________________
68,5,0.0000,
1,6,0,0,0,0,-1,-1,0,0,0,0,0,0
0,7,0,0,0,0,-1,-1,0,0,0,0,0,0
_____________________________________________________
_____________________________________________________
69,0,0.0000,
0,7,0,0,0,0,-1,-1,0,0,0,0,0,0
1,6,0,0,-1,0,0,0,0,0,1,0,0,-1
_____________________________________________________
_____________________________________________________
70,12,0.0000,
1,6,0,0,-1,0,0,0,0,0,1,0,0,-1
1,6,0,0,-1,0,1,0,0,0,1,0,0,-1
_____________________________________________________
_____________________________________________________
71,12,0.0000,
1,6,0,0,-1,0,1,0,0,0,1,0,0,-1
0,7,0,0,-1,0,1,0,0,0,1,0,0,-1
_____________________________________________________
_____________________________________________________
72,0,0.0000,
0,7,0,0,-1,0,1,0,0,0,1,0,0,-1
1,6,0,0,-1,0,1,0,0,0,1,0,0,-1
_____________________________________________________
_____________________________________________________
73,12,0.0000,
1,6,0,0,-1,0,1,0,0,0,1,0,0,-1
1,6,0,0,-1,0,0,0,0,0,0,0,0,-1
_____________________________________________________
_____________________________________________________
74,12,0.0000,
1,6,0,0,-1,0,0,0,0,0,0,0,0,-1
1,6,0,0,-1,0,0,0,0,0,0,0,0,-1
_____________________________________________________
_____________________________________________________
75,12,0.0000,
1,6,0,0,-1,0,0,0,0,0,0,0,0,-1
1,6,0,0,-1,0,0,0,0,0,0,0,0,-1
_____________________________________________________
_____________________________________________________
76,12,0.0000,
1,6,0,0,-1,0,0,0,0,0,0,0,0,-1
1,6,0,0,-1,0,0,0,0,0,0,0,0,-1
_____________________________________________________
_____________________________________________________
77,12,0.0000,
1,6,0,0,-1,0,0,0,0,0,0,0,0,-1
0,7,0,0,-1,0,0,0,0,0,0,0,0,-1
_____________________________________________________
_____________________________________________________
78,0,0.0000,
0,7,0,0,-1,0,0,0,0,0,0,0,0,-1
1,6,0,0,-1,0,0,0,0,0,0,1,0,-1
_____________________________________________________
_____________________________________________________
79,12,0.0000,
1,6,0,0,-1,0,0,0,0,0,0,1,0,-1
1,6,1,0,-1,1,0,0,0,0,0,1,0,-1
_____________________________________________________
_____________________________________________________
80,12,0.0000,
1,6,1,0,-1,1,0,0,0,0,0,1,0,-1
0,7,1,0,-1,1,0,0,0,0,0,1,0,-1
_____________________________________________________
_____________________________________________________
81,0,0.0000,
0,7,1,0,-1,1,0,0,0,0,0,1,0,-1
0,7,1,0,-1,1,0,0,0,0,0,1,0,-1
_____________________________________________________
_____________________________________________________
82,0,0.0000,
0,7,1,0,-1,1,0,0,0,0,0,1,0,-1
1,6,1,0,-1,1,0,0,0,0,0,0,0,-1
_____________________________________________________
_____________________________________________________
83,12,0.0000,
1,6,1,0,-1,1,0,0,0,0,0,0,0,-1
0,7,0,0,0,-1,0,-1,0,-1,0,0,0,-1
_____________________________________________________
_____________________________________________________
84,0,0.0000,
0,7,0,0,0,-1,0,-1,0,-1,0,0,0,-1
0,7,0,0,0,-1,0,-1,0,-1,0,0,0,-1
_____________________________________________________
_____________________________________________________
85,0,0.0000,
0,7,0,0,0,-1,0,-1,0,-1,0,0,0,-1
0,7,0,0,0,-1,0,-1,0,-1,0,0,0,-1
_____________________________________________________
_____________________________________________________
86,0,0.0000,
0,7,0,0,0,-1,0,-1,0,-1,0,0,0,-1
1,6,0,0,0,-1,0,-1,0,-1,0,0,0,-1
_____________________________________________________
_____________________________________________________
87,12,0.0000,
1,6,0,0,0,-1,0,-1,0,-1,0,0,0,-1
0,7,0,0,0,-1,0,-1,0,-1,0,0,0,-1
_____________________________________________________
_____________________________________________________
88,0,0.0000,
0,7,0,0,0,-1,0,-1,0,-1,0,0,0,-1
1,6,0,0,0,-1,0,-1,0,-1,0,0,0,-1
_____________________________________________________
_____________________________________________________
89,12,0.0000,
1,6,0,0,0,-1,0,-1,0,-1,0,0,0,-1
0,7,0,0,0,-1,0,-1,0,-1,0,0,0,-1
_____________________________________________________
_____________________________________________________
90,0,0.0000,
0,7,0,0,0,-1,0,-1,0,-1,0,0,0,-1
0,7,0,0,0,-1,0,-1,0,-1,0,0,0,-1
_____________________________________________________
_____________________________________________________
91,0,0.0000,
0,7,0,0,0,-1,0,-1,0,-1,0,0,0,-1
0,7,0,0,0,-1,0,-1,0,-1,0,0,0,-1
_____________________________________________________
_____________________________________________________
92,0,0.0000,
0,7,0,0,0,-1,0,-1,0,-1,0,0,0,-1
1,6,0,0,0,-1,0,-1,0,-1,0,0,0,-1
_____________________________________________________
_____________________________________________________
93,12,0.0000,
1,6,0,0,0,-1,0,-1,0,-1,0,0,0,-1
1,6,0,0,0,-1,0,-1,0,-1,0,0,0,-1
_____________________________________________________
_____________________________________________________
94,12,0.0000,
1,6,0,0,0,-1,0,-1,0,-1,0,0,0,-1
0,7,0,0,0,-1,0,-1,0,-1,0,0,1,-1
_____________________________________________________
_____________________________________________________
95,0,0.0000,
0,7,0,0,0,-1,0,-1,0,-1,0,0,1,-1
1,6,1,0,0,-1,0,-1,0,-1,0,0,1,-1
_____________________________________________________
_____________________________________________________
96,12,0.0000,
1,6,1,0,0,-1,0,-1,0,-1,0,0,1,-1
0,7,1,0,0,-1,0,-1,0,-1,0,0,1,-1
_____________________________________________________
_____________________________________________________
97,0,0.0000,
0,7,1,0,0,-1,0,-1,0,-1,0,0,1,-1
0,7,0,0,0,0,0,0,0,0,1,0,0,0
_____________________________________________________
_____________________________________________________
98,0,0.0000,
0,7,0,0,0,0,0,0,0,0,1,0,0,0
1,6,0,0,0,0,0,0,0,0,0,0,0,0
_____________________________________________________
_____________________________________________________
99,0,0.0000,
1,6,0,0,0,0,0,0,0,0,0,0,0,0
1,5,0,0,0,0,0,0,0,0,0,0,0,0
_____________________________________________________
_____________________________________________________
100,0,0.0000,
1,5,0,0,0,0,0,0,0,0,0,0,0,0
1,4,0,0,0,0,0,0,0,0,0,0,0,0
_____________________________________________________
_____________________________________________________
101,0,0.0000,
1,4,0,0,0,0,0,0,0,0,0,0,0,0
1,3,0,0,0,0,0,0,0,0,0,0,0,0
_____________________________________________________
_____________________________________________________
102,0,0.0000,
1,3,0,0,0,0,0,0,0,0,0,0,0,0
1,2,0,0,0,0,0,0,0,0,0,0,0,0
_____________________________________________________
_____________________________________________________
103,9,-1.0000,
1,2,0,0,0,0,0,0,0,0,0,0,0,0
1,6,0,0,0,0,0,0,0,0,-1,0,0,0
_____________________________________________________
_____________________________________________________
104,9,0.0000,
1,6,0,0,0,0,0,0,0,0,-1,0,0,0
1,6,0,0,0,0,0,0,0,0,-1,1,0,0
_____________________________________________________
_____________________________________________________
105,9,0.0000,
1,6,0,0,0,0,0,0,0,0,-1,1,0,0
0,7,0,0,1,0,0,0,0,0,-1,1,0,0
_____________________________________________________
_____________________________________________________
106,0,0.0000,
0,7,0,0,1,0,0,0,0,0,-1,1,0,0
0,7,0,0,1,0,0,0,0,0,-1,1,0,0
_____________________________________________________
_____________________________________________________
107,0,0.0000,
0,7,0,0,1,0,0,0,0,0,-1,1,0,0
1,6,0,0,1,0,0,0,0,0,1,1,0,0
_____________________________________________________
_____________________________________________________
108,9,0.0000,
1,6,0,0,1,0,0,0,0,0,1,1,0,0
1,6,0,0,1,0,0,0,0,0,0,1,0,0
_____________________________________________________
_____________________________________________________
109,3,0.0000,
1,6,0,0,1,0,0,0,0,0,0,1,0,0
0,7,0,0,0,0,0,0,0,0,0,0,0,0
_____________________________________________________
_____________________________________________________
110,0,0.0000,
0,7,0,0,0,0,0,0,0,0,0,0,0,0
1,6,0,0,0,0,0,0,0,0,0,0,0,0
_____________________________________________________
_____________________________________________________
111,0,0.0000,
1,6,0,0,0,0,0,0,0,0,0,0,0,0
2,5,0,-1,0,0,-1,-1,0,0,0,0,0,0
_____________________________________________________
_____________________________________________________
112,2,0.0000,
2,5,0,-1,0,0,-1,-1,0,0,0,0,0,0
2,5,0,-1,0,0,-1,-1,0,0,0,0,0,0
_____________________________________________________
_____________________________________________________
113,2,0.0000,
2,5,0,-1,0,0,-1,-1,0,0,0,0,0,0
1,5,0,-1,0,0,-1,-1,0,0,0,0,0,1
_____________________________________________________
_____________________________________________________
114,2,0.0000,
1,5,0,-1,0,0,-1,-1,0,0,0,0,0,1
1,6,0,-1,0,0,-1,-1,1,0,0,1,0,1
_____________________________________________________
_____________________________________________________
115,2,0.0000,
1,6,0,-1,0,0,-1,-1,1,0,0,1,0,1
0,7,0,-1,0,0,-1,-1,1,0,0,1,0,1
_____________________________________________________
_____________________________________________________
116,0,0.0000,
0,7,0,-1,0,0,-1,-1,1,0,0,1,0,1
0,7,0,-1,0,0,-1,-1,1,0,0,1,0,1
_____________________________________________________
_____________________________________________________
117,0,0.0000,
0,7,0,-1,0,0,-1,-1,1,0,0,1,0,1
0,7,0,-1,0,0,-1,-1,1,0,0,1,0,1
_____________________________________________________
_____________________________________________________
118,0,0.0000,
0,7,0,-1,0,0,-1,-1,1,0,0,1,0,1
0,7,0,-1,1,0,-1,-1,1,0,0,1,0,0
_____________________________________________________
_____________________________________________________
119,0,0.0000,
0,7,0,-1,1,0,-1,-1,1,0,0,1,0,0
0,7,0,-1,1,0,-1,-1,0,0,0,0,0,0
_____________________________________________________
_____________________________________________________
120,0,0.0000,
0,7,0,-1,1,0,-1,-1,0,0,0,0,0,0
1,6,0,-1,1,0,-1,-1,0,0,0,0,0,0
_____________________________________________________
_____________________________________________________
121,2,0.0000,
1,6,0,-1,1,0,-1,-1,0,0,0,0,0,0
1,6,0,-1,1,0,-1,-1,0,0,0,0,0,1
_____________________________________________________
_____________________________________________________
122,2,0.0000,
1,6,0,-1,1,0,-1,-1,0,0,0,0,0,1
1,6,0,-1,1,0,-1,-1,1,0,0,1,0,1
_____________________________________________________
_____________________________________________________
123,5,0.0000,
1,6,0,-1,1,0,-1,-1,1,0,0,1,0,1
0,7,0,-1,1,0,-1,-1,1,0,0,1,0,0
_____________________________________________________
_____________________________________________________
124,0,0.0000,
0,7,0,-1,1,0,-1,-1,1,0,0,1,0,0
1,6,0,-1,1,0,-1,-1,0,0,0,0,0,0
_____________________________________________________
_____________________________________________________
125,2,0.0000,
1,6,0,-1,1,0,-1,-1,0,0,0,0,0,0
0,7,1,0,0,0,0,0,0,0,0,0,0,1
_____________________________________________________
_____________________________________________________
126,0,0.0000,
0,7,1,0,0,0,0,0,0,0,0,0,0,1
1,6,1,0,0,0,0,0,0,0,0,0,0,1
_____________________________________________________
_____________________________________________________
127,12,0.0000,
1,6,1,0,0,0,0,0,0,0,0,0,0,1
0,7,1,0,0,0,0,0,0,0,0,0,0,0
_____________________________________________________
_____________________________________________________
128,0,0.0000,
0,7,1,0,0,0,0,0,0,0,0,0,0,0
1,6,1,0,0,0,0,0,0,0,0,0,0,0
_____________________________________________________
_____________________________________________________
129,1,0.0000,
1,6,1,0,0,0,0,0,0,0,0,0,0,0
0,7,0,0,0,0,0,0,0,0,0,1,0,0
_____________________________________________________
_____________________________________________________
130,0,0.0000,
0,7,0,0,0,0,0,0,0,0,0,1,0,0
0,7,0,0,0,0,0,1,0,0,0,1,0,0
_____________________________________________________
_____________________________________________________
131,0,0.0000,
0,7,0,0,0,0,0,1,0,0,0,1,0,0
1,6,0,0,0,0,0,1,0,0,0,1,0,0
_____________________________________________________
_____________________________________________________
132,6,0.0000,
1,6,0,0,0,0,0,1,0,0,0,1,0,0
1,6,0,0,0,0,0,0,0,1,0,0,0,0
_____________________________________________________
_____________________________________________________
133,8,0.0000,
1,6,0,0,0,0,0,0,0,1,0,0,0,0
0,7,0,0,0,0,0,0,0,0,0,0,0,0
_____________________________________________________
_____________________________________________________
134,0,0.0000,
0,7,0,0,0,0,0,0,0,0,0,0,0,0
1,6,0,0,0,0,0,0,1,0,0,0,0,0
_____________________________________________________
_____________________________________________________
135,7,0.0000,
1,6,0,0,0,0,0,0,1,0,0,0,0,0
0,7,0,0,0,0,0,0,0,0,0,0,0,0
_____________________________________________________
_____________________________________________________
136,0,0.0000,
0,7,0,0,0,0,0,0,0,0,0,0,0,0
0,7,0,0,0,0,0,0,0,0,0,0,0,0
_____________________________________________________
_____________________________________________________
137,0,0.0000,
0,7,0,0,0,0,0,0,0,0,0,0,0,0
0,7,0,0,0,0,0,0,0,0,0,0,0,0
_____________________________________________________
_____________________________________________________
138,0,0.0000,
0,7,0,0,0,0,0,0,0,0,0,0,0,0
0,7,0,0,0,0,0,0,0,0,0,0,0,0
_____________________________________________________
_____________________________________________________
139,0,0.0000,
0,7,0,0,0,0,0,0,0,0,0,0,0,0
0,7,0,0,0,0,0,0,0,0,0,0,0,0
_____________________________________________________
