_____________________________________________________
0,5,0.0000,
1,6,0,1,0,1,1,0,0,0,1,1,0,0
1,6,0,1,0,0,0,0,0,0,1,1,0,0
_____________________________________________________
_____________________________________________________
1,2,0.0000,
1,6,0,1,0,0,0,0,0,0,1,1,0,0
1,6,0,0,0,0,0,0,0,0,0,0,0,0
_____________________________________________________
_____________________________________________________
2,0,0.0000,
1,6,0,0,0,0,0,0,0,0,0,0,0,0
1,5,0,0,0,0,0,0,0,0,0,0,0,0
_____________________________________________________
_____________________________________________________
3,0,0.0000,
1,5,0,0,0,0,0,0,0,0,0,0,0,0
1,4,0,0,0,0,0,0,0,0,0,0,0,0
_____________________________________________________
_____________________________________________________
4,0,0.0000,
1,4,0,0,0,0,0,0,0,0,0,0,0,0
2,3,0,0,1,0,0,0,0,0,0,0,0,0
_____________________________________________________
_____________________________________________________
5,3,0.0000,
2,3,0,0,1,0,0,0,0,0,0,0,0,0
2,5,0,0,0,0,0,0,0,0,0,0,0,0
_____________________________________________________
_____________________________________________________
6,9,-1.0000,
2,5,0,0,0,0,0,0,0,0,0,0,0,0
2,5,0,-1,0,0,0,0,0,0,0,0,0,0
_____________________________________________________
_____________________________________________________
7,2,0.0000,
2,5,0,-1,0,0,0,0,0,0,0,0,0,0
2,5,0,0,0,0,0,0,0,0,0,0,0,0
_____________________________________________________
_____________________________________________________
8,9,-1.0000,
2,5,0,0,0,0,0,0,0,0,0,0,0,0
2,5,0,-1,0,0,0,0,0,0,-1,-1,0,0
_____________________________________________________
_____________________________________________________
9,9,0.0000,
2,5,0,-1,0,0,0,0,0,0,-1,-1,0,0
2,5,0,-1,0,0,0,0,0,0,-1,-1,0,0
_____________________________________________________
_____________________________________________________
10,9,0.0000,
2,5,0,-1,0,0,0,0,0,0,-1,-1,0,0
2,5,0,-1,0,0,0,0,0,0,-1,-1,0,0
_____________________________________________________
_____________________________________________________
11,9,0.0000,
2,5,0,-1,0,0,0,0,0,0,-1,-1,0,0
2,5,0,-1,0,0,0,0,0,0,0,0,0,0
_____________________________________________________
_____________________________________________________
12,2,0.0000,
2,5,0,-1,0,0,0,0,0,0,0,0,0,0
1,5,0,0,0,0,0,0,0,0,0,0,0,0
_____________________________________________________
_____________________________________________________
13,0,0.0000,
1,5,0,0,0,0,0,0,0,0,0,0,0,0
1,4,0,0,0,0,0,0,0,0,0,0,0,0
_____________________________________________________
_____________________________________________________
14,0,0.0000,
1,4,0,0,0,0,0,0,0,0,0,0,0,0
1,3,0,0,0,0,0,0,0,0,0,0,0,0
_____________________________________________________
_____________________________________________________
15,1,-1.0000,
1,3,0,0,0,0,0,0,0,0,0,0,0,0
1,6,-1,0,0,0,0,0,0,0,0,0,0,0
_____________________________________________________
_____________________________________________________
16,1,0.0000,
1,6,-1,0,0,0,0,0,0,0,0,0,0,0
1,6,-1,0,0,0,0,0,0,0,0,0,0,0
_____________________________________________________
_____________________________________________________
17,1,0.0000,
1,6,-1,0,0,0,0,0,0,0,0,0,0,0
0,7,-1,0,0,0,0,0,0,0,0,0,0,0
_____________________________________________________
_____________________________________________________
18,0,0.0000,
0,7,-1,0,0,0,0,0,0,0,0,0,0,0
1,6,-1,0,0,0,0,0,0,0,0,0,0,0
_____________________________________________________
_____________________________________________________
19,1,0.0000,
1,6,-1,0,0,0,0,0,0,0,0,0,0,0
0,7,-1,0,0,0,0,0,0,0,0,0,0,0
_____________________________________________________
_____________________________________________________
20,0,0.0000,
0,7,-1,0,0,0,0,0,0,0,0,0,0,0
1,6,-1,0,0,0,0,0,0,0,0,0,0,0
_____________________________________________________
_____________________________________________________
21,1,0.0000,
1,6,-1,0,0,0,0,0,0,0,0,0,0,0
0,7,-1,0,0,0,0,0,0,0,0,0,0,0
_____________________________________________________
_____________________________________________________
22,0,0.0000,
0,7,-1,0,0,0,0,0,0,0,0,0,0,0
1,6,-1,0,0,0,0,0,0,0,0,0,0,0
_____________________________________________________
_____________________________________________________
23,1,0.0000,
1,6,-1,0,0,0,0,0,0,0,0,0,0,0
0,7,-1,0,0,0,0,0,0,1,0,0,0,0
_____________________________________________________
_____________________________________________________
24,0,0.0000,
0,7,-1,0,0,0,0,0,0,1,0,0,0,0
1,6,-1,0,0,1,0,0,1,1,0,0,0,0
_____________________________________________________
_____________________________________________________
25,1,0.0000,
1,6,-1,0,0,1,0,0,1,1,0,0,0,0
0,7,-1,0,0,1,0,0,0,0,0,0,0,0
_____________________________________________________
_____________________________________________________
26,0,0.0000,
0,7,-1,0,0,1,0,0,0,0,0,0,0,0
0,7,-1,0,0,0,0,0,0,0,0,0,0,0
_____________________________________________________
_____________________________________________________
27,0,0.0000,
0,7,-1,0,0,0,0,0,0,0,0,0,0,0
0,7,0,0,0,0,-1,0,0,0,0,0,0,0
_____________________________________________________
_____________________________________________________
28,0,0.0000,
0,7,0,0,0,0,-1,0,0,0,0,0,0,0
0,7,0,0,0,0,-1,0,0,0,0,0,0,0
_____________________________________________________
_____________________________________________________
29,0,0.0000,
0,7,0,0,0,0,-1,0,0,0,0,0,0,0
0,7,0,0,0,0,-1,0,0,0,0,0,0,0
_____________________________________________________
_____________________________________________________
30,0,0.0000,
0,7,0,0,0,0,-1,0,0,0,0,0,0,0
1,6,0,0,0,0,-1,0,0,0,0,0,0,0
_____________________________________________________
_____________________________________________________
31,5,0.0000,
1,6,0,0,0,0,-1,0,0,0,0,0,0,0
1,6,0,0,0,0,-1,0,0,0,0,0,0,0
_____________________________________________________
_____________________________________________________
32,5,0.0000,
1,6,0,0,0,0,-1,0,0,0,0,0,0,0
0,7,0,0,0,0,-1,0,0,0,0,0,0,0
_____________________________________________________
_____________________________________________________
33,0,0.0000,
0,7,0,0,0,0,-1,0,0,0,0,0,0,0
0,7,0,0,0,0,-1,0,0,0,0,0,0,0
_____________________________________________________
_____________________________________________________
34,0,0.0000,
0,7,0,0,0,0,-1,0,0,0,0,0,0,0
0,7,0,0,0,0,-1,0,0,0,0,0,0,0
_____________________________________________________
_____________________________________________________
35,0,0.0000,
0,7,0,0,0,0,-1,0,0,0,0,0,0,0
1,6,0,0,0,0,-1,0,0,0,0,0,0,0
_____________________________________________________
_____________________________________________________
36,5,0.0000,
1,6,0,0,0,0,-1,0,0,0,0,0,0,0
1,6,0,0,0,0,-1,1,1,0,0,1,0,0
_____________________________________________________
_____________________________________________________
37,5,0.0000,
1,6,0,0,0,0,-1,1,1,0,0,1,0,0
0,7,0,0,0,0,-1,1,0,0,0,0,0,0
_____________________________________________________
_____________________________________________________
38,0,0.0000,
0,7,0,0,0,0,-1,1,0,0,0,0,0,0
0,7,0,0,0,0,-1,0,0,0,0,0,0,0
_____________________________________________________
_____________________________________________________
39,0,0.0000,
0,7,0,0,0,0,-1,0,0,0,0,0,0,0
0,7,0,0,0,0,-1,1,1,0,0,1,0,0
_____________________________________________________
_____________________________________________________
40,0,0.0000,
0,7,0,0,0,0,-1,1,1,0,0,1,0,0
0,7,0,0,0,0,-1,1,1,0,0,0,0,0
_____________________________________________________
_____________________________________________________
41,0,0.0000,
0,7,0,0,0,0,-1,1,1,0,0,0,0,0
1,6,0,0,0,-1,-1,0,-1,0,0,0,0,0
_____________________________________________________
_____________________________________________________
42,5,0.0000,
1,6,0,0,0,-1,-1,0,-1,0,0,0,0,0
1,6,0,0,0,-1,-1,0,-1,0,0,0,0,0
_____________________________________________________
_____________________________________________________
43,5,0.0000,
1,6,0,0,0,-1,-1,0,-1,0,0,0,0,0
1,6,0,0,0,-1,-1,0,-1,0,0,0,0,0
_____________________________________________________
_____________________________________________________
44,5,0.0000,
1,6,0,0,0,-1,-1,0,-1,0,0,0,0,0
1,6,0,0,0,-1,-1,0,-1,0,0,0,0,0
_____________________________________________________
_____________________________________________________
45,5,0.0000,
1,6,0,0,0,-1,-1,0,-1,0,0,0,0,0
1,6,0,0,0,-1,-1,0,-1,0,0,0,0,1
_____________________________________________________
_____________________________________________________
46,5,0.0000,
1,6,0,0,0,-1,-1,0,-1,0,0,0,0,1
1,6,0,0,0,-1,-1,0,-1,0,0,0,0,1
_____________________________________________________
_____________________________________________________
47,5,0.0000,
1,6,0,0,0,-1,-1,0,-1,0,0,0,0,1
0,7,0,0,1,-1,-1,1,-1,1,0,1,0,1
_____________________________________________________
_____________________________________________________
48,0,0.0000,
0,7,0,0,1,-1,-1,1,-1,1,0,1,0,1
1,6,0,0,1,-1,0,1,0,1,0,1,0,1
_____________________________________________________
_____________________________________________________
49,6,0.0000,
1,6,0,0,1,-1,0,1,0,1,0,1,0,1
0,7,0,0,0,0,0,0,0,0,0,0,0,1
_____________________________________________________
_____________________________________________________
50,0,0.0000,
0,7,0,0,0,0,0,0,0,0,0,0,0,1
1,6,0,0,0,0,0,0,0,0,0,0,0,1
_____________________________________________________
_____________________________________________________
51,12,0.0000,
1,6,0,0,0,0,0,0,0,0,0,0,0,1
0,7,0,0,0,0,0,0,0,0,0,0,0,0
_____________________________________________________
_____________________________________________________
52,0,0.0000,
0,7,0,0,0,0,0,0,0,0,0,0,0,0
1,6,0,1,0,0,0,0,0,0,0,0,1,0
_____________________________________________________
_____________________________________________________
53,11,0.0000,
1,6,0,1,0,0,0,0,0,0,0,0,1,0
0,7,0,0,0,0,0,0,0,0,0,0,0,0
_____________________________________________________
_____________________________________________________
54,0,0.0000,
0,7,0,0,0,0,0,0,0,0,0,0,0,0
0,7,0,0,0,0,0,0,0,0,0,0,0,0
_____________________________________________________
_____________________________________________________
55,0,0.0000,
0,7,0,0,0,0,0,0,0,0,0,0,0,0
0,7,0,0,0,0,0,0,0,0,0,0,0,0
_____________________________________________________
_____________________________________________________
56,0,0.0000,
0,7,0,0,0,0,0,0,0,0,0,0,0,0
1,6,0,0,0,0,0,0,0,0,0,0,0,0
_____________________________________________________
_____________________________________________________
57,0,0.0000,
1,6,0,0,0,0,0,0,0,0,0,0,0,0
2,5,0,0,0,0,0,0,0,0,0,0,0,0
_____________________________________________________
_____________________________________________________
58,9,-1.0000,
2,5,0,0,0,0,0,0,0,0,0,0,0,0
2,5,0,-1,0,-1,0,0,0,0,-1,0,0,0
_____________________________________________________
_____________________________________________________
59,9,0.0000,
2,5,0,-1,0,-1,0,0,0,0,-1,0,0,0
2,5,0,-1,0,-1,0,0,0,0,-1,0,0,0
_____________________________________________________
_____________________________________________________
60,9,0.0000,
2,5,0,-1,0,-1,0,0,0,0,-1,0,0,0
2,5,0,-1,0,-1,0,0,0,0,-1,0,0,0
_____________________________________________________
_____________________________________________________
61,9,0.0000,
2,5,0,-1,0,-1,0,0,0,0,-1,0,0,0
1,5,0,-1,0,-1,0,0,0,0,-1,0,0,0
_____________________________________________________
_____________________________________________________
62,9,0.0000,
1,5,0,-1,0,-1,0,0,0,0,-1,0,0,0
1,6,0,-1,0,-1,0,0,0,0,-1,0,0,0
_____________________________________________________
_____________________________________________________
63,9,0.0000,
1,6,0,-1,0,-1,0,0,0,0,-1,0,0,0
1,6,0,-1,0,-1,0,0,0,0,-1,0,0,0
_____________________________________________________
_____________________________________________________
64,9,0.0000,
1,6,0,-1,0,-1,0,0,0,0,-1,0,0,0
1,6,0,-1,0,-1,0,0,0,0,-1,0,0,0
_____________________________________________________
_____________________________________________________
65,9,0.0000,
1,6,0,-1,0,-1,0,0,0,0,-1,0,0,0
0,7,0,-1,0,-1,0,0,0,0,-1,0,0,0
_____________________________________________________
_____________________________________________________
66,0,0.0000,
0,7,0,-1,0,-1,0,0,0,0,-1,0,0,0
0,7,0,-1,0,-1,0,0,0,0,-1,0,0,0
_____________________________________________________
_____________________________________________________
67,0,0.0000,
0,7,0,-1,0,-1,0,0,0,0,-1,0,0,0
0,7,0,-1,1,-1,0,0,0,0,-1,0,0,0
_____________________________________________________
_____________________________________________________
68,0,0.0000,
0,7,0,-1,1,-1,0,0,0,0,-1,0,0,0
0,7,0,0,1,0,0,0,0,0,0,0,0,0
_____________________________________________________
_____________________________________________________
69,0,0.0000,
0,7,0,0,1,0,0,0,0,0,0,0,0,0
0,7,0,0,0,0,0,0,0,1,1,0,1,0
_____________________________________________________
_____________________________________________________
70,0,0.0000,
0,7,0,0,0,0,0,0,0,1,1,0,1,0
0,7,0,0,0,0,1,1,0,1,1,0,1,0
_____________________________________________________
_____________________________________________________
71,0,0.0000,
0,7,0,0,0,0,1,1,0,1,1,0,1,0
0,7,0,0,0,0,1,1,0,1,1,0,0,0
_____________________________________________________
_____________________________________________________
72,0,0.0000,
0,7,0,0,0,0,1,1,0,1,1,0,0,0
1,6,0,0,0,0,0,0,0,0,0,0,0,0
_____________________________________________________
_____________________________________________________
73,0,0.0000,
1,6,0,0,0,0,0,0,0,0,0,0,0,0
2,5,0,0,0,0,0,0,0,0,0,0,0,0
_____________________________________________________
_____________________________________________________
74,9,-1.0000,
2,5,0,0,0,0,0,0,0,0,0,0,0,0
2,5,0,0,0,0,-1,-1,0,-1,-1,0,-1,0
_____________________________________________________
_____________________________________________________
75,9,0.0000,
2,5,0,0,0,0,-1,-1,0,-1,-1,0,-1,0
1,5,0,0,0,0,-1,-1,0,-1,-1,0,0,0
_____________________________________________________
_____________________________________________________
76,9,0.0000,
1,5,0,0,0,0,-1,-1,0,-1,-1,0,0,0
1,6,0,0,0,0,0,0,0,0,0,0,0,0
_____________________________________________________
_____________________________________________________
77,0,0.0000,
1,6,0,0,0,0,0,0,0,0,0,0,0,0
1,5,0,0,0,0,0,0,0,0,0,0,0,0
_____________________________________________________
_____________________________________________________
78,0,0.0000,
1,5,0,0,0,0,0,0,0,0,0,0,0,0
2,4,0,0,0,0,0,0,0,0,0,0,0,0
_____________________________________________________
_____________________________________________________
79,9,-1.0000,
2,4,0,0,0,0,0,0,0,0,0,0,0,0
2,5,0,0,0,0,-1,-1,0,-1,-1,0,-1,0
_____________________________________________________
_____________________________________________________
80,9,0.0000,
2,5,0,0,0,0,-1,-1,0,-1,-1,0,-1,0
1,5,0,0,0,0,-1,-1,0,-1,-1,0,-1,0
_____________________________________________________
_____________________________________________________
81,9,0.0000,
1,5,0,0,0,0,-1,-1,0,-1,-1,0,-1,0
1,6,0,0,0,0,-1,-1,0,-1,-1,0,-1,0
_____________________________________________________
_____________________________________________________
82,9,0.0000,
1,6,0,0,0,0,-1,-1,0,-1,-1,0,-1,0
1,6,0,0,0,0,-1,-1,0,-1,0,0,0,0
_____________________________________________________
_____________________________________________________
83,5,0.0000,
1,6,0,0,0,0,-1,-1,0,-1,0,0,0,0
1,6,1,0,0,0,0,0,0,1,0,0,0,0
_____________________________________________________
_____________________________________________________
84,8,0.0000,
1,6,1,0,0,0,0,0,0,1,0,0,0,0
1,6,0,0,0,0,0,0,0,0,0,0,0,0
_____________________________________________________
_____________________________________________________
85,0,0.0000,
1,6,0,0,0,0,0,0,0,0,0,0,0,0
2,5,0,0,0,0,0,0,0,0,0,0,0,0
_____________________________________________________
_____________________________________________________
86,9,-1.0000,
2,5,0,0,0,0,0,0,0,0,0,0,0,0
1,5,0,0,0,0,0,-1,-1,1,-1,0,0,0
_____________________________________________________
_____________________________________________________
87,9,0.0000,
1,5,0,0,0,0,0,-1,-1,1,-1,0,0,0
1,6,1,0,0,0,0,-1,-1,1,-1,0,0,0
_____________________________________________________
_____________________________________________________
88,9,0.0000,
1,6,1,0,0,0,0,-1,-1,1,-1,0,0,0
0,7,1,0,0,0,0,1,1,1,1,0,0,0
_____________________________________________________
_____________________________________________________
89,0,0.0000,
0,7,1,0,0,0,0,1,1,1,1,0,0,0
0,7,1,0,0,0,0,1,1,1,1,0,0,0
_____________________________________________________
_____________________________________________________
90,0,0.0000,
0,7,1,0,0,0,0,1,1,1,1,0,0,0
1,6,1,0,0,0,0,1,1,1,1,0,0,0
_____________________________________________________
_____________________________________________________
91,7,0.0000,
1,6,1,0,0,0,0,1,1,1,1,0,0,0
1,6,0,0,0,0,0,0,0,0,0,0,0,0
_____________________________________________________
_____________________________________________________
92,0,0.0000,
1,6,0,0,0,0,0,0,0,0,0,0,0,0
1,5,0,0,0,0,0,0,0,0,0,0,0,0
_____________________________________________________
_____________________________________________________
93,0,0.0000,
1,5,0,0,0,0,0,0,0,0,0,0,0,0
2,4,0,0,0,0,0,0,0,0,0,0,0,0
_____________________________________________________
_____________________________________________________
94,9,-1.0000,
2,4,0,0,0,0,0,0,0,0,0,0,0,0
1,5,0,0,0,0,0,-1,-1,0,-1,0,0,0
_____________________________________________________
_____________________________________________________
95,9,0.0000,
1,5,0,0,0,0,0,-1,-1,0,-1,0,0,0
0,7,0,0,0,0,0,-1,-1,0,-1,0,0,0
_____________________________________________________
_____________________________________________________
96,0,0.0000,
0,7,0,0,0,0,0,-1,-1,0,-1,0,0,0
1,6,0,0,0,0,0,-1,-1,0,0,0,0,0
_____________________________________________________
_____________________________________________________
97,7,0.0000,
1,6,0,0,0,0,0,-1,-1,0,0,0,0,0
0,7,0,0,0,0,0,0,0,0,0,0,0,0
_____________________________________________________
_____________________________________________________
98,0,0.0000,
0,7,0,0,0,0,0,0,0,0,0,0,0,0
0,7,0,0,0,0,0,1,1,0,1,0,0,0
_____________________________________________________
_____________________________________________________
99,0,0.0000,
0,7,0,0,0,0,0,1,1,0,1,0,0,0
0,7,0,0,0,1,0,1,1,0,1,0,0,0
_____________________________________________________
_____________________________________________________
100,0,0.0000,
0,7,0,0,0,1,0,1,1,0,1,0,0,0
1,6,0,0,0,1,0,1,1,0,1,0,0,0
_____________________________________________________
_____________________________________________________
101,7,0.0000,
1,6,0,0,0,1,0,1,1,0,1,0,0,0
0,7,0,0,0,0,0,0,0,0,0,0,0,0
_____________________________________________________
_____________________________________________________
102,0,0.0000,
0,7,0,0,0,0,0,0,0,0,0,0,0,0
1,6,0,0,0,0,0,0,0,0,0,0,0,0
_____________________________________________________
_____________________________________________________
103,0,0.0000,
1,6,0,0,0,0,0,0,0,0,0,0,0,0
1,5,0,0,0,0,0,0,0,0,0,0,0,0
_____________________________________________________
_____________________________________________________
104,0,0.0000,
1,5,0,0,0,0,0,0,0,0,0,0,0,0
1,4,0,0,0,0,0,0,0,0,0,0,0,0
_____________________________________________________
_____________________________________________________
105,0,0.0000,
1,4,0,0,0,0,0,0,0,0,0,0,0,0
2,3,0,0,0,0,0,0,0,0,0,0,0,0
_____________________________________________________
_____________________________________________________
106,9,-1.0000,
2,3,0,0,0,0,0,0,0,0,0,0,0,0
2,5,0,0,0,-1,0,-1,-1,0,-1,0,0,0
_____________________________________________________
_____________________________________________________
107,9,0.0000,
2,5,0,0,0,-1,0,-1,-1,0,-1,0,0,0
2,5,0,1,0,-1,1,-1,0,1,0,0,0,0
_____________________________________________________
_____________________________________________________
108,5,0.0000,
2,5,0,1,0,-1,1,-1,0,1,0,0,0,0
1,5,0,0,0,0,0,0,0,0,0,0,0,0
_____________________________________________________
_____________________________________________________
109,0,0.0000,
1,5,0,0,0,0,0,0,0,0,0,0,0,0
2,4,0,0,1,0,0,0,0,1,0,0,0,0
_____________________________________________________
_____________________________________________________
110,8,0.0000,
2,4,0,0,1,0,0,0,0,1,0,0,0,0
1,5,0,0,1,0,0,0,0,0,0,0,0,0
_____________________________________________________
_____________________________________________________
111,3,0.0000,
1,5,0,0,1,0,0,0,0,0,0,0,0,0
1,6,0,0,0,0,0,0,0,0,0,0,0,0
_____________________________________________________
_____________________________________________________
112,0,0.0000,
1,6,0,0,0,0,0,0,0,0,0,0,0,0
2,5,0,0,0,0,0,0,0,0,0,0,0,0
_____________________________________________________
_____________________________________________________
113,9,-1.0000,
2,5,0,0,0,0,0,0,0,0,0,0,0,0
2,5,-1,0,0,0,0,0,-1,0,-1,0,0,-1
_____________________________________________________
_____________________________________________________
114,9,0.0000,
2,5,-1,0,0,0,0,0,-1,0,-1,0,0,-1
2,5,-1,0,0,0,0,0,-1,0,-1,0,0,-1
_____________________________________________________
_____________________________________________________
115,9,0.0000,
2,5,-1,0,0,0,0,0,-1,0,-1,0,0,-1
2,5,-1,0,0,0,0,0,-1,0,-1,0,0,-1
_____________________________________________________
_____________________________________________________
116,9,0.0000,
2,5,-1,0,0,0,0,0,-1,0,-1,0,0,-1
1,5,-1,0,0,0,0,0,-1,0,-1,0,0,1
_____________________________________________________
_____________________________________________________
117,9,0.0000,
1,5,-1,0,0,0,0,0,-1,0,-1,0,0,1
0,7,1,0,0,0,0,0,1,0,1,0,0,1
_____________________________________________________
_____________________________________________________
118,0,0.0000,
0,7,1,0,0,0,0,0,1,0,1,0,0,1
1,6,1,0,0,0,0,0,1,0,1,0,0,1
_____________________________________________________
_____________________________________________________
119,12,0.0000,
1,6,1,0,0,0,0,0,1,0,1,0,0,1
0,7,0,0,0,0,0,0,0,0,0,0,0,0
_____________________________________________________
_____________________________________________________
120,0,0.0000,
0,7,0,0,0,0,0,0,0,0,0,0,0,0
1,6,0,0,0,0,0,0,1,0,1,0,0,1
_____________________________________________________
_____________________________________________________
121,7,0.0000,
1,6,0,0,0,0,0,0,1,0,1,0,0,1
1,6,0,0,0,0,0,0,0,0,0,0,0,0
_____________________________________________________
_____________________________________________________
122,0,0.0000,
1,6,0,0,0,0,0,0,0,0,0,0,0,0
2,5,0,0,0,0,0,0,0,0,0,0,0,0
_____________________________________________________
_____________________________________________________
123,9,-1.0000,
2,5,0,0,0,0,0,0,0,0,0,0,0,0
1,5,-1,0,0,0,0,0,0,0,0,0,0,0
_____________________________________________________
_____________________________________________________
124,1,0.0000,
1,5,-1,0,0,0,0,0,0,0,0,0,0,0
1,6,0,0,0,0,0,0,0,0,0,0,0,0
_____________________________________________________
_____________________________________________________
125,0,0.0000,
1,6,0,0,0,0,0,0,0,0,0,0,0,0
2,5,0,0,0,1,0,0,0,0,0,0,0,0
_____________________________________________________
_____________________________________________________
126,0,0.0000,
2,5,0,0,0,1,0,0,0,0,0,0,0,0
3,4,1,0,0,1,0,0,0,0,0,0,0,1
_____________________________________________________
_____________________________________________________
127,12,0.0000,
3,4,1,0,0,1,0,0,0,0,0,0,0,1
3,4,1,0,0,1,0,0,0,0,0,0,0,0
_____________________________________________________
_____________________________________________________
128,10,-1.0000,
3,4,1,0,0,1,0,0,0,0,0,0,0,0
2,4,1,0,0,1,0,0,0,0,0,-1,0,-1
_____________________________________________________
_____________________________________________________
129,12,0.0000,
2,4,1,0,0,1,0,0,0,0,0,-1,0,-1
2,4,1,0,0,1,0,0,0,0,0,-1,0,-1
_____________________________________________________
_____________________________________________________
130,12,0.0000,
2,4,1,0,0,1,0,0,0,0,0,-1,0,-1
2,5,1,0,0,1,0,0,0,0,0,-1,0,-1
_____________________________________________________
_____________________________________________________
131,12,0.0000,
2,5,1,0,0,1,0,0,0,0,0,-1,0,-1
2,5,1,0,0,1,0,0,0,0,0,0,0,0
_____________________________________________________
_____________________________________________________
132,10,-1.0000,
2,5,1,0,0,1,0,0,0,0,0,0,0,0
1,5,1,0,0,1,0,0,0,0,0,-1,0,-1
_____________________________________________________
_____________________________________________________
133,12,0.0000,
1,5,1,0,0,1,0,0,0,0,0,-1,0,-1
1,6,1,0,0,1,0,0,0,0,0,-1,0,-1
_____________________________________________________
_____________________________________________________
134,12,0.0000,
1,6,1,0,0,1,0,0,0,0,0,-1,0,-1
0,7,1,0,0,1,0,0,0,0,0,-1,0,-1
_____________________________________________________
_____________________________________________________
135,0,0.0000,
0,7,1,0,0,1,0,0,0,0,0,-1,0,-1
1,6,1,0,0,1,0,0,0,0,0,-1,0,-1
_____________________________________________________
_____________________________________________________
136,12,0.0000,
1,6,1,0,0,1,0,0,0,0,0,-1,0,-1
1,6,1,0,0,0,0,0,0,0,0,-1,0,0
_____________________________________________________
_____________________________________________________
137,10,0.0000,
1,6,1,0,0,0,0,0,0,0,0,-1,0,0
1,6,0,0,0,0,0,0,0,0,0,0,0,0
_____________________________________________________
_____________________________________________________
138,0,0.0000,
1,6,0,0,0,0,0,0,0,0,0,0,0,0
2,5,0,0,0,0,0,0,0,0,0,0,0,0
_____________________________________________________
_____________________________________________________
139,9,-1.0000,
2,5,0,0,0,0,0,0,0,0,0,0,0,0
1,5,0,0,0,0,0,0,0,0,0,0,0,0
_____________________________________________________
