_____________________________________________________
0,11,0.0000,
3,5,1,1,1,1,1,1,1,1,1,1,1,1
2,5,1,1,1,1,1,1,1,1,1,1,0,1
_____________________________________________________
_____________________________________________________
1,5,0.0000,
2,5,1,1,1,1,1,1,1,1,1,1,0,1
1,4,1,1,1,1,0,1,1,1,1,1,0,1
_____________________________________________________
_____________________________________________________
2,2,0.0000,
1,4,1,1,1,1,0,1,1,1,1,1,0,1
1,6,1,0,1,1,0,1,1,0,1,0,0,1
_____________________________________________________
_____________________________________________________
3,7,0.0000,
1,6,1,0,1,1,0,1,1,0,1,0,0,1
0,7,1,1,1,1,0,1,0,1,0,1,0,1
_____________________________________________________
_____________________________________________________
4,0,0.0000,
0,7,1,1,1,1,0,1,0,1,0,1,0,1
1,6,1,1,1,1,0,1,0,1,0,1,0,1
_____________________________________________________
_____________________________________________________
5,2,0.0000,
1,6,1,1,1,1,0,1,0,1,0,1,0,1
0,7,1,0,1,1,0,1,1,0,1,0,0,0
_____________________________________________________
_____________________________________________________
6,0,0.0000,
0,7,1,0,1,1,0,1,1,0,1,0,0,0
1,6,1,0,1,1,0,1,1,1,1,1,0,1
_____________________________________________________
_____________________________________________________
7,7,0.0000,
1,6,1,0,1,1,0,1,1,1,1,1,0,1
0,7,1,1,1,1,0,1,0,1,0,1,0,1
_____________________________________________________
_____________________________________________________
8,0,0.0000,
0,7,1,1,1,1,0,1,0,1,0,1,0,1
0,7,1,1,1,1,0,1,0,1,0,1,0,1
_____________________________________________________
_____________________________________________________
9,0,0.0000,
0,7,1,1,1,1,0,1,0,1,0,1,0,1
0,7,1,1,1,1,0,1,0,1,0,1,0,1
_____________________________________________________
_____________________________________________________
10,0,0.0000,
0,7,1,1,1,1,0,1,0,1,0,1,0,1
1,6,1,1,1,1,0,1,1,1,1,1,0,1
_____________________________________________________
_____________________________________________________
11,2,0.0000,
1,6,1,1,1,1,0,1,1,1,1,1,0,1
0,7,1,1,1,1,0,1,1,1,1,1,0,1
_____________________________________________________
_____________________________________________________
12,0,0.0000,
0,7,1,1,1,1,0,1,1,1,1,1,0,1
0,7,1,1,1,1,0,1,1,1,1,1,0,1
_____________________________________________________
_____________________________________________________
13,0,0.0000,
0,7,1,1,1,1,0,1,1,1,1,1,0,1
1,6,1,1,1,1,1,1,1,0,1,1,1,0
_____________________________________________________
_____________________________________________________
14,5,0.0000,
1,6,1,1,1,1,1,1,1,0,1,1,1,0
1,6,1,1,1,1,0,1,1,0,1,1,1,1
_____________________________________________________
_____________________________________________________
15,2,0.0000,
1,6,1,1,1,1,0,1,1,0,1,1,1,1
0,7,1,1,1,1,0,1,1,0,1,1,1,1
_____________________________________________________
_____________________________________________________
16,0,0.0000,
0,7,1,1,1,1,0,1,1,0,1,1,1,1
0,7,1,1,1,1,0,1,1,0,1,1,1,1
_____________________________________________________
_____________________________________________________
17,0,0.0000,
0,7,1,1,1,1,0,1,1,0,1,1,1,1
0,7,1,1,1,1,0,1,1,0,1,1,1,1
_____________________________________________________
_____________________________________________________
18,0,0.0000,
0,7,1,1,1,1,0,1,1,0,1,1,1,1
1,6,1,1,1,1,0,1,1,0,1,1,1,1
_____________________________________________________
_____________________________________________________
19,11,0.0000,
1,6,1,1,1,1,0,1,1,0,1,1,1,1
0,7,1,1,1,1,0,1,1,0,1,1,0,1
_____________________________________________________
_____________________________________________________
20,0,0.0000,
0,7,1,1,1,1,0,1,1,0,1,1,0,1
1,6,1,1,1,1,0,1,1,0,1,1,0,1
_____________________________________________________
_____________________________________________________
21,7,0.0000,
1,6,1,1,1,1,0,1,1,0,1,1,0,1
0,7,1,0,1,1,0,1,0,0,1,0,0,1
_____________________________________________________
_____________________________________________________
22,0,0.0000,
0,7,1,0,1,1,0,1,0,0,1,0,0,1
0,7,1,1,1,1,0,1,1,0,1,1,0,1
_____________________________________________________
_____________________________________________________
23,0,0.0000,
0,7,1,1,1,1,0,1,1,0,1,1,0,1
1,6,1,1,1,1,1,1,1,0,1,1,0,1
_____________________________________________________
_____________________________________________________
24,5,0.0000,
1,6,1,1,1,1,1,1,1,0,1,1,0,1
0,7,1,1,1,1,0,1,1,0,1,1,0,1
_____________________________________________________
_____________________________________________________
25,0,0.0000,
0,7,1,1,1,1,0,1,1,0,1,1,0,1
1,6,1,1,1,1,0,1,1,0,1,1,0,1
_____________________________________________________
_____________________________________________________
26,7,0.0000,
1,6,1,1,1,1,0,1,1,0,1,1,0,1
0,7,1,0,1,1,0,1,1,0,1,1,0,1
_____________________________________________________
_____________________________________________________
27,0,0.0000,
0,7,1,0,1,1,0,1,1,0,1,1,0,1
0,7,0,0,0,1,1,1,1,1,1,1,1,0
_____________________________________________________
_____________________________________________________
28,0,0.0000,
0,7,0,0,0,1,1,1,1,1,1,1,1,0
1,6,0,0,0,1,1,1,1,1,1,1,1,0
_____________________________________________________
_____________________________________________________
29,5,0.0000,
1,6,0,0,0,1,1,1,1,1,1,1,1,0
0,7,0,0,0,1,0,1,1,1,1,1,0,0
_____________________________________________________
_____________________________________________________
30,0,0.0000,
0,7,0,0,0,1,0,1,1,1,1,1,0,0
0,7,0,0,0,1,0,1,1,1,1,1,0,0
_____________________________________________________
_____________________________________________________
31,0,0.0000,
0,7,0,0,0,1,0,1,1,1,1,1,0,0
1,6,0,0,0,1,0,1,1,1,1,1,0,0
_____________________________________________________
_____________________________________________________
32,7,0.0000,
1,6,0,0,0,1,0,1,1,1,1,1,0,0
0,7,0,0,0,0,0,1,0,1,1,1,0,0
_____________________________________________________
_____________________________________________________
33,0,0.0000,
0,7,0,0,0,0,0,1,0,1,1,1,0,0
0,7,0,0,0,0,0,1,0,1,1,1,0,0
_____________________________________________________
_____________________________________________________
34,0,0.0000,
0,7,0,0,0,0,0,1,0,1,1,1,0,0
1,6,0,0,0,0,0,1,1,1,1,1,0,0
_____________________________________________________
_____________________________________________________
35,7,0.0000,
1,6,0,0,0,0,0,1,1,1,1,1,0,0
1,6,0,0,0,0,0,1,0,1,1,1,0,0
_____________________________________________________
_____________________________________________________
36,6,0.0000,
1,6,0,0,0,0,0,1,0,1,1,1,0,0
1,6,0,0,0,0,0,0,0,1,0,1,0,0
_____________________________________________________
_____________________________________________________
37,10,0.0000,
1,6,0,0,0,0,0,0,0,1,0,1,0,0
1,6,0,0,0,0,0,0,0,1,0,0,0,0
_____________________________________________________
_____________________________________________________
38,8,0.0000,
1,6,0,0,0,0,0,0,0,1,0,0,0,0
1,6,0,0,0,0,0,0,0,0,0,0,0,0
_____________________________________________________
_____________________________________________________
39,0,0.0000,
1,6,0,0,0,0,0,0,0,0,0,0,0,0
1,5,0,0,0,0,0,1,0,0,1,0,0,0
_____________________________________________________
_____________________________________________________
40,6,0.0000,
1,5,0,0,0,0,0,1,0,0,1,0,0,0
0,7,0,0,0,0,0,0,0,0,0,0,0,0
_____________________________________________________
_____________________________________________________
41,0,0.0000,
0,7,0,0,0,0,0,0,0,0,0,0,0,0
1,6,1,0,1,0,0,0,0,0,0,1,0,0
_____________________________________________________
_____________________________________________________
42,1,0.0000,
1,6,1,0,1,0,0,0,0,0,0,1,0,0
1,6,0,0,0,0,0,0,0,0,0,1,1,0
_____________________________________________________
_____________________________________________________
43,11,0.0000,
1,6,0,0,0,0,0,0,0,0,0,1,1,0
1,6,0,0,0,0,0,1,0,0,1,1,0,0
_____________________________________________________
_____________________________________________________
44,6,0.0000,
1,6,0,0,0,0,0,1,0,0,1,1,0,0
0,7,0,0,0,0,0,0,0,1,1,1,0,0
_____________________________________________________
_____________________________________________________
45,0,0.0000,
0,7,0,0,0,0,0,0,0,1,1,1,0,0
0,7,1,0,1,0,0,0,0,1,1,1,0,0
_____________________________________________________
_____________________________________________________
46,0,0.0000,
0,7,1,0,1,0,0,0,0,1,1,1,0,0
1,6,1,0,1,0,1,1,0,1,1,1,0,0
_____________________________________________________
_____________________________________________________
47,5,0.0000,
1,6,1,0,1,0,1,1,0,1,1,1,0,0
1,6,1,0,1,0,0,0,0,1,1,1,0,0
_____________________________________________________
_____________________________________________________
48,9,0.0000,
1,6,1,0,1,0,0,0,0,1,1,1,0,0
1,6,1,0,1,0,0,0,0,1,0,1,0,0
_____________________________________________________
_____________________________________________________
49,10,0.0000,
1,6,1,0,1,0,0,0,0,1,0,1,0,0
0,7,1,0,1,0,1,1,0,1,0,0,0,0
_____________________________________________________
_____________________________________________________
50,0,0.0000,
0,7,1,0,1,0,1,1,0,1,0,0,0,0
0,7,1,0,1,0,1,1,0,1,0,0,0,1
_____________________________________________________
_____________________________________________________
51,0,0.0000,
0,7,1,0,1,0,1,1,0,1,0,0,0,1
0,7,1,1,1,1,1,1,0,1,0,0,0,1
_____________________________________________________
_____________________________________________________
52,0,0.0000,
0,7,1,1,1,1,1,1,0,1,0,0,0,1
0,7,1,1,1,1,1,1,0,1,0,0,1,1
_____________________________________________________
_____________________________________________________
53,0,0.0000,
0,7,1,1,1,1,1,1,0,1,0,0,1,1
0,7,1,1,1,1,1,1,1,1,1,0,1,1
_____________________________________________________
_____________________________________________________
54,0,0.0000,
0,7,1,1,1,1,1,1,1,1,1,0,1,1
0,7,1,1,1,1,1,1,1,1,1,0,1,1
_____________________________________________________
_____________________________________________________
55,0,0.0000,
0,7,1,1,1,1,1,1,1,1,1,0,1,1
1,6,1,1,1,1,0,1,1,1,0,0,0,0
_____________________________________________________
_____________________________________________________
56,7,0.0000,
1,6,1,1,1,1,0,1,1,1,0,0,0,0
1,6,1,1,1,1,0,1,0,1,0,0,0,0
_____________________________________________________
_____________________________________________________
57,6,0.0000,
1,6,1,1,1,1,0,1,0,1,0,0,0,0
0,7,1,1,1,1,0,0,0,1,0,0,0,0
_____________________________________________________
_____________________________________________________
58,0,0.0000,
0,7,1,1,1,1,0,0,0,1,0,0,0,0
0,7,1,1,1,1,0,0,0,1,0,0,0,0
_____________________________________________________
_____________________________________________________
59,0,0.0000,
0,7,1,1,1,1,0,0,0,1,0,0,0,0
1,6,1,1,1,1,0,0,0,1,0,0,0,0
_____________________________________________________
_____________________________________________________
60,2,0.0000,
1,6,1,1,1,1,0,0,0,1,0,0,0,0
1,6,1,0,0,0,0,0,0,1,0,0,0,0
_____________________________________________________
_____________________________________________________
61,8,0.0000,
1,6,1,0,0,0,0,0,0,1,0,0,0,0
1,6,1,1,1,1,0,0,0,1,0,0,0,0
_____________________________________________________
_____________________________________________________
62,2,0.0000,
1,6,1,1,1,1,0,0,0,1,0,0,0,0
1,6,1,0,0,0,0,0,0,1,0,0,0,0
_____________________________________________________
_____________________________________________________
63,8,0.0000,
1,6,1,0,0,0,0,0,0,1,0,0,0,0
0,7,1,0,0,1,0,0,0,0,0,0,0,0
_____________________________________________________
_____________________________________________________
64,0,0.0000,
0,7,1,0,0,1,0,0,0,0,0,0,0,0
0,7,1,1,1,1,0,0,0,0,1,0,0,1
_____________________________________________________
_____________________________________________________
65,0,0.0000,
0,7,1,1,1,1,0,0,0,0,1,0,0,1
0,7,1,1,1,1,0,0,0,0,1,0,0,1
_____________________________________________________
_____________________________________________________
66,0,0.0000,
0,7,1,1,1,1,0,0,0,0,1,0,0,1
0,7,1,1,1,1,0,0,0,0,1,0,0,1
_____________________________________________________
_____________________________________________________
67,0,0.0000,
0,7,1,1,1,1,0,0,0,0,1,0,0,1
0,7,1,1,1,1,0,0,0,0,1,0,0,1
_____________________________________________________
_____________________________________________________
68,0,0.0000,
0,7,1,1,1,1,0,0,0,0,1,0,0,1
1,6,1,1,1,1,0,0,1,0,1,0,0,1
_____________________________________________________
_____________________________________________________
69,7,0.0000,
1,6,1,1,1,1,0,0,1,0,1,0,0,1
0,7,1,1,1,0,1,0,1,0,0,1,1,0
_____________________________________________________
_____________________________________________________
70,0,0.0000,
0,7,1,1,1,0,1,0,1,0,0,1,1,0
1,6,1,1,1,0,1,0,1,0,0,1,1,0
_____________________________________________________
_____________________________________________________
71,11,0.0000,
1,6,1,1,1,0,1,0,1,0,0,1,1,0
1,6,1,1,1,1,1,0,1,0,0,1,1,0
_____________________________________________________
_____________________________________________________
72,11,0.0000,
1,6,1,1,1,1,1,0,1,0,0,1,1,0
0,7,1,1,0,1,0,0,1,0,0,1,1,0
_____________________________________________________
_____________________________________________________
73,0,0.0000,
0,7,1,1,0,1,0,0,1,0,0,1,1,0
0,7,1,1,1,1,1,0,1,0,0,1,1,0
_____________________________________________________
_____________________________________________________
74,0,0.0000,
0,7,1,1,1,1,1,0,1,0,0,1,1,0
0,7,1,1,1,1,1,0,1,0,0,1,1,0
_____________________________________________________
_____________________________________________________
75,0,0.0000,
0,7,1,1,1,1,1,0,1,0,0,1,1,0
1,6,1,1,1,1,1,0,1,0,0,1,1,0
_____________________________________________________
_____________________________________________________
76,11,0.0000,
1,6,1,1,1,1,1,0,1,0,0,1,1,0
1,6,1,1,1,1,1,0,1,0,0,1,1,0
_____________________________________________________
_____________________________________________________
77,11,0.0000,
1,6,1,1,1,1,1,0,1,0,0,1,1,0
0,7,1,1,0,1,0,0,1,0,0,1,0,0
_____________________________________________________
_____________________________________________________
78,0,0.0000,
0,7,1,1,0,1,0,0,1,0,0,1,0,0
1,6,1,1,1,1,1,0,1,0,0,1,1,0
_____________________________________________________
_____________________________________________________
79,11,0.0000,
1,6,1,1,1,1,1,0,1,0,0,1,1,0
0,7,1,1,0,1,0,0,1,0,0,1,0,0
_____________________________________________________
_____________________________________________________
80,0,0.0000,
0,7,1,1,0,1,0,0,1,0,0,1,0,0
0,7,1,1,0,1,0,0,1,0,0,1,0,0
_____________________________________________________
_____________________________________________________
81,0,0.0000,
0,7,1,1,0,1,0,0,1,0,0,1,0,0
0,7,1,1,0,1,0,0,1,0,0,1,0,0
_____________________________________________________
_____________________________________________________
82,0,0.0000,
0,7,1,1,0,1,0,0,1,0,0,1,0,0
0,7,1,1,0,1,1,0,1,0,0,1,1,0
_____________________________________________________
_____________________________________________________
83,0,0.0000,
0,7,1,1,0,1,1,0,1,0,0,1,1,0
0,7,1,1,1,1,0,1,1,0,0,1,0,1
_____________________________________________________
_____________________________________________________
84,0,0.0000,
0,7,1,1,1,1,0,1,1,0,0,1,0,1
1,6,1,1,1,1,0,1,1,1,0,1,0,1
_____________________________________________________
_____________________________________________________
85,7,0.0000,
1,6,1,1,1,1,0,1,1,1,0,1,0,1
1,6,1,1,1,1,0,1,0,1,0,0,0,1
_____________________________________________________
_____________________________________________________
86,6,0.0000,
1,6,1,1,1,1,0,1,0,1,0,0,0,1
1,6,1,1,0,1,0,0,1,1,0,1,0,1
_____________________________________________________
_____________________________________________________
87,7,0.0000,
1,6,1,1,0,1,0,0,1,1,0,1,0,1
0,7,1,1,1,1,0,1,0,1,0,0,0,1
_____________________________________________________
_____________________________________________________
88,0,0.0000,
0,7,1,1,1,1,0,1,0,1,0,0,0,1
0,7,1,1,1,1,0,1,0,1,0,0,0,1
_____________________________________________________
_____________________________________________________
89,0,0.0000,
0,7,1,1,1,1,0,1,0,1,0,0,0,1
1,6,1,1,1,1,0,1,0,1,0,0,0,1
_____________________________________________________
_____________________________________________________
90,2,0.0000,
1,6,1,1,1,1,0,1,0,1,0,0,0,1
0,7,0,0,1,1,1,1,1,1,1,1,0,1
_____________________________________________________
_____________________________________________________
91,0,0.0000,
0,7,0,0,1,1,1,1,1,1,1,1,0,1
1,6,0,0,1,1,1,1,1,1,1,1,0,1
_____________________________________________________
_____________________________________________________
92,5,0.0000,
1,6,0,0,1,1,1,1,1,1,1,1,0,1
0,7,0,0,1,1,0,1,1,1,0,1,1,1
_____________________________________________________
_____________________________________________________
93,0,0.0000,
0,7,0,0,1,1,0,1,1,1,0,1,1,1
0,7,0,0,1,1,0,1,1,1,0,1,1,1
_____________________________________________________
_____________________________________________________
94,0,0.0000,
0,7,0,0,1,1,0,1,1,1,0,1,1,1
0,7,0,0,1,1,0,1,1,1,0,1,1,1
_____________________________________________________
_____________________________________________________
95,0,0.0000,
0,7,0,0,1,1,0,1,1,1,0,1,1,1
1,6,0,0,1,1,0,1,1,1,0,1,1,1
_____________________________________________________
_____________________________________________________
96,11,0.0000,
1,6,0,0,1,1,0,1,1,1,0,1,1,1
1,6,0,0,1,1,0,1,1,1,0,1,0,1
_____________________________________________________
_____________________________________________________
97,7,0.0000,
1,6,0,0,1,1,0,1,1,1,0,1,0,1
1,6,0,0,0,0,1,0,1,0,1,1,1,1
_____________________________________________________
_____________________________________________________
98,11,0.0000,
1,6,0,0,0,0,1,0,1,0,1,1,1,1
0,7,0,1,0,0,0,0,1,0,0,1,0,1
_____________________________________________________
_____________________________________________________
99,0,0.0000,
0,7,0,1,0,0,0,0,1,0,0,1,0,1
1,6,0,1,0,0,0,0,1,0,0,1,0,1
_____________________________________________________
_____________________________________________________
100,7,0.0000,
1,6,0,1,0,0,0,0,1,0,0,1,0,1
1,6,0,1,0,0,0,0,0,0,0,1,0,1
_____________________________________________________
_____________________________________________________
101,2,0.0000,
1,6,0,1,0,0,0,0,0,0,0,1,0,1
1,6,0,0,0,0,0,0,0,0,0,1,0,1
_____________________________________________________
_____________________________________________________
102,12,0.0000,
1,6,0,0,0,0,0,0,0,0,0,1,0,1
1,6,1,0,0,0,0,0,0,0,0,1,0,0
_____________________________________________________
_____________________________________________________
103,1,0.0000,
1,6,1,0,0,0,0,0,0,0,0,1,0,0
0,7,0,0,0,0,1,0,0,0,1,1,1,0
_____________________________________________________
_____________________________________________________
104,0,0.0000,
0,7,0,0,0,0,1,0,0,0,1,1,1,0
0,7,0,0,0,0,1,0,0,0,1,1,1,0
_____________________________________________________
_____________________________________________________
105,0,0.0000,
0,7,0,0,0,0,1,0,0,0,1,1,1,0
0,7,0,0,0,0,1,0,1,0,1,1,1,0
_____________________________________________________
_____________________________________________________
106,0,0.0000,
0,7,0,0,0,0,1,0,1,0,1,1,1,0
0,7,0,1,0,0,1,0,1,0,1,1,1,0
_____________________________________________________
_____________________________________________________
107,0,0.0000,
0,7,0,1,0,0,1,0,1,0,1,1,1,0
0,7,0,1,0,0,1,0,1,0,1,1,1,0
_____________________________________________________
_____________________________________________________
108,0,0.0000,
0,7,0,1,0,0,1,0,1,0,1,1,1,0
1,6,0,1,0,0,1,0,1,0,1,1,1,0
_____________________________________________________
_____________________________________________________
109,11,0.0000,
1,6,0,1,0,0,1,0,1,0,1,1,1,0
1,6,0,1,0,0,0,0,1,0,0,1,0,1
_____________________________________________________
_____________________________________________________
110,7,0.0000,
1,6,0,1,0,0,0,0,1,0,0,1,0,1
1,6,0,1,0,0,0,0,0,0,0,1,0,1
_____________________________________________________
_____________________________________________________
111,2,0.0000,
1,6,0,1,0,0,0,0,0,0,0,1,0,1
1,6,0,0,1,0,1,0,0,1,1,1,0,1
_____________________________________________________
_____________________________________________________
112,5,0.0000,
1,6,0,0,1,0,1,0,0,1,1,1,0,1
0,7,0,0,1,0,0,0,0,1,1,0,0,1
_____________________________________________________
_____________________________________________________
113,0,0.0000,
0,7,0,0,1,0,0,0,0,1,1,0,0,1
1,6,0,0,1,0,0,0,0,1,1,0,0,1
_____________________________________________________
_____________________________________________________
114,12,0.0000,
1,6,0,0,1,0,0,0,0,1,1,0,0,1
0,7,0,0,0,0,1,0,0,1,1,1,0,0
_____________________________________________________
_____________________________________________________
115,0,0.0000,
0,7,0,0,0,0,1,0,0,1,1,1,0,0
1,6,0,1,0,1,1,0,0,1,1,1,0,0
_____________________________________________________
_____________________________________________________
116,5,0.0000,
1,6,0,1,0,1,1,0,0,1,1,1,0,0
0,7,0,0,0,1,0,0,0,1,1,1,0,0
_____________________________________________________
_____________________________________________________
117,0,0.0000,
0,7,0,0,0,1,0,0,0,1,1,1,0,0
0,7,0,1,0,1,1,0,0,1,1,1,0,1
_____________________________________________________
_____________________________________________________
118,0,0.0000,
0,7,0,1,0,1,1,0,0,1,1,1,0,1
1,6,0,1,1,1,1,1,0,1,1,1,0,1
_____________________________________________________
_____________________________________________________
119,5,0.0000,
1,6,0,1,1,1,1,1,0,1,1,1,0,1
0,7,1,0,1,1,1,1,0,1,1,1,0,1
_____________________________________________________
_____________________________________________________
120,0,0.0000,
0,7,1,0,1,1,1,1,0,1,1,1,0,1
1,6,1,1,1,1,1,1,0,1,1,1,0,1
_____________________________________________________
_____________________________________________________
121,5,0.0000,
1,6,1,1,1,1,1,1,0,1,1,1,0,1
0,7,1,0,1,1,0,1,0,1,1,0,0,1
_____________________________________________________
_____________________________________________________
122,0,0.0000,
0,7,1,0,1,1,0,1,0,1,1,0,0,1
1,6,1,0,1,1,1,1,0,1,1,1,0,1
_____________________________________________________
_____________________________________________________
123,5,0.0000,
1,6,1,0,1,1,1,1,0,1,1,1,0,1
0,7,1,0,1,1,0,1,0,1,1,0,0,1
_____________________________________________________
_____________________________________________________
124,0,0.0000,
0,7,1,0,1,1,0,1,0,1,1,0,0,1
0,7,1,0,1,1,0,1,0,1,1,1,0,1
_____________________________________________________
_____________________________________________________
125,0,0.0000,
0,7,1,0,1,1,0,1,0,1,1,1,0,1
1,6,1,1,1,1,1,1,1,1,0,1,1,0
_____________________________________________________
_____________________________________________________
126,5,0.0000,
1,6,1,1,1,1,1,1,1,1,0,1,1,0
0,7,1,1,1,1,1,1,1,1,0,1,1,0
_____________________________________________________
_____________________________________________________
127,0,0.0000,
0,7,1,1,1,1,1,1,1,1,0,1,1,0
0,7,1,1,1,1,1,1,1,1,0,1,1,0
_____________________________________________________
_____________________________________________________
128,0,0.0000,
0,7,1,1,1,1,1,1,1,1,0,1,1,0
1,6,1,1,1,1,1,1,1,1,0,1,1,0
_____________________________________________________
_____________________________________________________
129,5,0.0000,
1,6,1,1,1,1,1,1,1,1,0,1,1,0
0,7,1,1,1,1,0,1,1,1,0,0,1,0
_____________________________________________________
_____________________________________________________
130,0,0.0000,
0,7,1,1,1,1,0,1,1,1,0,0,1,0
0,7,1,1,1,1,0,1,1,1,0,0,1,0
_____________________________________________________
_____________________________________________________
131,0,0.0000,
0,7,1,1,1,1,0,1,1,1,0,0,1,0
0,7,1,1,1,1,0,1,1,1,0,0,1,0
_____________________________________________________
_____________________________________________________
132,0,0.0000,
0,7,1,1,1,1,0,1,1,1,0,0,1,0
0,7,1,1,1,1,1,1,1,1,0,1,1,0
_____________________________________________________
_____________________________________________________
133,0,0.0000,
0,7,1,1,1,1,1,1,1,1,0,1,1,0
0,7,1,1,1,1,1,1,1,1,0,1,1,0
_____________________________________________________
_____________________________________________________
134,0,0.0000,
0,7,1,1,1,1,1,1,1,1,0,1,1,0
1,6,1,1,1,1,1,1,1,1,0,1,1,0
_____________________________________________________
_____________________________________________________
135,5,0.0000,
1,6,1,1,1,1,1,1,1,1,0,1,1,0
1,6,1,1,1,1,0,1,1,1,0,0,1,0
_____________________________________________________
_____________________________________________________
136,11,0.0000,
1,6,1,1,1,1,0,1,1,1,0,0,1,0
1,6,1,1,1,1,0,1,1,1,0,0,1,0
_____________________________________________________
_____________________________________________________
137,11,0.0000,
1,6,1,1,1,1,0,1,1,1,0,0,1,0
1,6,1,1,0,1,0,1,0,1,0,0,0,0
_____________________________________________________
_____________________________________________________
138,6,0.0000,
1,6,1,1,0,1,0,1,0,1,0,0,0,0
0,7,1,1,0,1,0,0,0,1,0,0,0,0
_____________________________________________________
_____________________________________________________
139,0,0.0000,
0,7,1,1,0,1,0,0,0,1,0,0,0,0
0,7,0,0,0,0,0,0,0,0,0,0,0,0
_____________________________________________________
