_____________________________________________________
0,11,0.0000,
4,3,0,0,1,1,0,1,1,0,0,1,1,1
3,3,0,0,1,0,0,1,1,0,0,1,0,1
_____________________________________________________
_____________________________________________________
1,7,0.0000,
3,3,0,0,1,0,0,1,1,0,0,1,0,1
3,3,0,0,1,0,0,1,1,0,0,1,0,1
_____________________________________________________
_____________________________________________________
2,7,0.0000,
3,3,0,0,1,0,0,1,1,0,0,1,0,1
2,3,0,0,0,0,0,0,0,0,0,1,1,0
_____________________________________________________
_____________________________________________________
3,11,0.0000,
2,3,0,0,0,0,0,0,0,0,0,1,1,0
2,4,0,0,0,0,0,0,0,0,0,1,0,0
_____________________________________________________
_____________________________________________________
4,10,0.0000,
2,4,0,0,0,0,0,0,0,0,0,1,0,0
2,5,0,0,0,0,0,0,0,0,0,0,0,0
_____________________________________________________
_____________________________________________________
5,9,-1.0000,
2,5,0,0,0,0,0,0,0,0,0,0,0,0
2,5,0,0,0,1,-1,0,0,0,-1,1,1,0
_____________________________________________________
_____________________________________________________
6,5,0.0000,
2,5,0,0,0,1,-1,0,0,0,-1,1,1,0
1,5,0,0,0,1,-1,0,0,0,0,1,1,0
_____________________________________________________
_____________________________________________________
7,5,0.0000,
1,5,0,0,0,1,-1,0,0,0,0,1,1,0
1,6,0,0,0,1,0,1,1,0,0,1,1,1
_____________________________________________________
_____________________________________________________
8,11,0.0000,
1,6,0,0,0,1,0,1,1,0,0,1,1,1
0,7,0,0,1,0,0,1,1,0,0,1,0,1
_____________________________________________________
_____________________________________________________
9,0,0.0000,
0,7,0,0,1,0,0,1,1,0,0,1,0,1
1,6,0,1,1,0,0,1,1,0,0,1,0,1
_____________________________________________________
_____________________________________________________
10,7,0.0000,
1,6,0,1,1,0,0,1,1,0,0,1,0,1
1,6,0,1,0,0,0,0,0,0,0,1,0,0
_____________________________________________________
_____________________________________________________
11,2,0.0000,
1,6,0,1,0,0,0,0,0,0,0,1,0,0
0,7,0,0,0,0,0,0,0,0,0,1,0,0
_____________________________________________________
_____________________________________________________
12,0,0.0000,
0,7,0,0,0,0,0,0,0,0,0,1,0,0
0,7,0,0,0,0,0,0,0,0,0,1,0,0
_____________________________________________________
_____________________________________________________
13,0,0.0000,
0,7,0,0,0,0,0,0,0,0,0,1,0,0
0,7,1,0,0,1,0,1,1,1,0,1,1,0
_____________________________________________________
_____________________________________________________
14,0,0.0000,
0,7,1,0,0,1,0,1,1,1,0,1,1,0
0,7,1,0,0,1,0,1,1,1,0,0,1,0
_____________________________________________________
_____________________________________________________
15,0,0.0000,
0,7,1,0,0,1,0,1,1,1,0,0,1,0
1,6,0,0,0,0,0,1,0,0,0,0,1,0
_____________________________________________________
_____________________________________________________
16,11,0.0000,
1,6,0,0,0,0,0,1,0,0,0,0,1,0
0,7,0,0,0,0,0,0,0,0,0,0,0,0
_____________________________________________________
_____________________________________________________
17,0,0.0000,
0,7,0,0,0,0,0,0,0,0,0,0,0,0
1,6,0,0,0,0,0,0,0,1,0,1,0,0
_____________________________________________________
_____________________________________________________
18,8,0.0000,
1,6,0,0,0,0,0,0,0,1,0,1,0,0
0,7,0,0,0,0,0,0,0,1,0,1,0,0
_____________________________________________________
_____________________________________________________
19,0,0.0000,
0,7,0,0,0,0,0,0,0,1,0,1,0,0
0,7,1,0,0,1,0,0,1,1,0,1,0,0
_____________________________________________________
_____________________________________________________
20,0,0.0000,
0,7,1,0,0,1,0,0,1,1,0,1,0,0
1,6,1,0,0,0,0,0,0,0,0,0,0,0
_____________________________________________________
_____________________________________________________
21,1,0.0000,
1,6,1,0,0,0,0,0,0,0,0,0,0,0
1,6,0,0,0,0,0,0,0,0,0,0,0,0
_____________________________________________________
_____________________________________________________
22,0,0.0000,
1,6,0,0,0,0,0,0,0,0,0,0,0,0
1,5,1,0,0,1,0,0,1,1,0,1,0,0
_____________________________________________________
_____________________________________________________
23,7,0.0000,
1,5,1,0,0,1,0,0,1,1,0,1,0,0
0,7,0,0,0,0,0,0,0,0,0,0,0,0
_____________________________________________________
_____________________________________________________
24,0,0.0000,
0,7,0,0,0,0,0,0,0,0,0,0,0,0
1,6,0,0,0,0,0,0,0,0,0,0,0,0
_____________________________________________________
_____________________________________________________
25,0,0.0000,
1,6,0,0,0,0,0,0,0,0,0,0,0,0
2,5,0,0,0,0,0,0,0,0,0,0,0,0
_____________________________________________________
_____________________________________________________
26,9,-1.0000,
2,5,0,0,0,0,0,0,0,0,0,0,0,0
1,5,0,0,0,0,-1,0,0,0,-1,0,0,0
_____________________________________________________
_____________________________________________________
27,9,0.0000,
1,5,0,0,0,0,-1,0,0,0,-1,0,0,0
1,6,0,0,0,0,0,0,0,0,1,0,1,0
_____________________________________________________
_____________________________________________________
28,11,0.0000,
1,6,0,0,0,0,0,0,0,0,1,0,1,0
0,7,0,1,0,0,0,0,1,0,1,0,0,0
_____________________________________________________
_____________________________________________________
29,0,0.0000,
0,7,0,1,0,0,0,0,1,0,1,0,0,0
1,6,0,1,0,0,0,0,1,0,1,0,0,0
_____________________________________________________
_____________________________________________________
30,7,0.0000,
1,6,0,1,0,0,0,0,1,0,1,0,0,0
0,7,0,0,0,0,0,0,0,0,1,0,0,1
_____________________________________________________
_____________________________________________________
31,0,0.0000,
0,7,0,0,0,0,0,0,0,0,1,0,0,1
1,6,1,0,0,0,0,0,0,0,1,0,0,1
_____________________________________________________
_____________________________________________________
32,12,0.0000,
1,6,1,0,0,0,0,0,0,0,1,0,0,1
1,6,0,0,0,0,0,0,0,0,1,0,0,0
_____________________________________________________
_____________________________________________________
33,9,0.0000,
1,6,0,0,0,0,0,0,0,0,1,0,0,0
1,6,0,0,0,0,0,0,0,0,0,0,0,0
_____________________________________________________
_____________________________________________________
34,0,0.0000,
1,6,0,0,0,0,0,0,0,0,0,0,0,0
2,5,0,0,0,0,0,0,0,0,0,0,0,0
_____________________________________________________
_____________________________________________________
35,0,0.0000,
2,5,0,0,0,0,0,0,0,0,0,0,0,0
2,4,0,0,1,1,0,0,0,0,0,0,0,0
_____________________________________________________
_____________________________________________________
36,3,0.0000,
2,4,0,0,1,1,0,0,0,0,0,0,0,0
2,4,0,0,0,0,0,0,0,0,0,0,0,0
_____________________________________________________
_____________________________________________________
37,9,-1.0000,
2,4,0,0,0,0,0,0,0,0,0,0,0,0
1,5,0,0,0,0,0,0,0,0,-1,0,0,0
_____________________________________________________
_____________________________________________________
38,9,0.0000,
1,5,0,0,0,0,0,0,0,0,-1,0,0,0
0,7,0,0,0,0,0,0,0,0,-1,0,0,0
_____________________________________________________
_____________________________________________________
39,0,0.0000,
0,7,0,0,0,0,0,0,0,0,-1,0,0,0
1,6,0,0,0,0,0,0,0,0,-1,0,0,0
_____________________________________________________
_____________________________________________________
40,9,0.0000,
1,6,0,0,0,0,0,0,0,0,-1,0,0,0
1,6,0,0,0,0,0,0,0,0,0,0,0,0
_____________________________________________________
_____________________________________________________
41,0,0.0000,
1,6,0,0,0,0,0,0,0,0,0,0,0,0
2,5,0,0,0,0,0,0,0,0,0,0,0,0
_____________________________________________________
_____________________________________________________
42,9,-1.0000,
2,5,0,0,0,0,0,0,0,0,0,0,0,0
1,5,0,0,0,-1,0,0,-1,0,-1,0,0,0
_____________________________________________________
_____________________________________________________
43,9,0.0000,
1,5,0,0,0,-1,0,0,-1,0,-1,0,0,0
0,7,0,0,0,-1,0,0,-1,0,-1,0,0,0
_____________________________________________________
_____________________________________________________
44,0,0.0000,
0,7,0,0,0,-1,0,0,-1,0,-1,0,0,0
0,7,0,0,0,-1,0,0,-1,0,-1,0,0,0
_____________________________________________________
_____________________________________________________
45,0,0.0000,
0,7,0,0,0,-1,0,0,-1,0,-1,0,0,0
1,6,0,0,0,-1,0,0,-1,1,-1,0,0,0
_____________________________________________________
_____________________________________________________
46,9,0.0000,
1,6,0,0,0,-1,0,0,-1,1,-1,0,0,0
1,6,1,0,0,-1,0,0,-1,1,-1,0,1,0
_____________________________________________________
_____________________________________________________
47,7,0.0000,
1,6,1,0,0,-1,0,0,-1,1,-1,0,1,0
1,6,1,0,0,-1,0,0,-1,1,-1,1,1,0
_____________________________________________________
_____________________________________________________
48,7,0.0000,
1,6,1,0,0,-1,0,0,-1,1,-1,1,1,0
1,6,1,0,0,-1,1,0,-1,0,-1,1,1,0
_____________________________________________________
_____________________________________________________
49,7,0.0000,
1,6,1,0,0,-1,1,0,-1,0,-1,1,1,0
0,7,0,0,0,-1,1,0,-1,0,-1,1,1,0
_____________________________________________________
_____________________________________________________
50,0,0.0000,
0,7,0,0,0,-1,1,0,-1,0,-1,1,1,0
1,6,0,0,0,-1,1,0,-1,0,-1,1,1,0
_____________________________________________________
_____________________________________________________
51,9,0.0000,
1,6,0,0,0,-1,1,0,-1,0,-1,1,1,0
0,7,0,0,0,-1,1,0,-1,0,-1,1,1,0
_____________________________________________________
_____________________________________________________
52,0,0.0000,
0,7,0,0,0,-1,1,0,-1,0,-1,1,1,0
1,6,0,0,0,-1,1,0,1,0,1,1,1,0
_____________________________________________________
_____________________________________________________
53,11,0.0000,
1,6,0,0,0,-1,1,0,1,0,1,1,1,0
1,6,0,0,0,1,1,1,1,0,1,0,0,0
_____________________________________________________
_____________________________________________________
54,5,0.0000,
1,6,0,0,0,1,1,1,1,0,1,0,0,0
0,7,0,1,0,1,0,1,1,0,1,0,0,0
_____________________________________________________
_____________________________________________________
55,0,0.0000,
0,7,0,1,0,1,0,1,1,0,1,0,0,0
1,6,0,0,0,0,0,1,1,1,0,1,0,0
_____________________________________________________
_____________________________________________________
56,7,0.0000,
1,6,0,0,0,0,0,1,1,1,0,1,0,0
0,7,0,0,0,0,1,1,0,1,1,0,0,0
_____________________________________________________
_____________________________________________________
57,0,0.0000,
0,7,0,0,0,0,1,1,0,1,1,0,0,0
1,6,0,0,0,1,1,1,0,1,1,0,0,0
_____________________________________________________
_____________________________________________________
58,5,0.0000,
1,6,0,0,0,1,1,1,0,1,1,0,0,0
0,7,0,0,0,0,0,1,0,1,0,0,0,0
_____________________________________________________
_____________________________________________________
59,0,0.0000,
0,7,0,0,0,0,0,1,0,1,0,0,0,0
1,6,0,0,0,0,0,1,0,1,0,0,0,0
_____________________________________________________
_____________________________________________________
60,6,0.0000,
1,6,0,0,0,0,0,1,0,1,0,0,0,0
0,7,0,0,1,0,0,0,0,1,0,0,0,0
_____________________________________________________
_____________________________________________________
61,0,0.0000,
0,7,0,0,1,0,0,0,0,1,0,0,0,0
1,6,0,0,1,0,1,0,0,1,1,0,0,0
_____________________________________________________
_____________________________________________________
62,5,0.0000,
1,6,0,0,1,0,1,0,0,1,1,0,0,0
0,7,0,0,1,0,0,0,0,1,0,0,0,0
_____________________________________________________
_____________________________________________________
63,0,0.0000,
0,7,0,0,1,0,0,0,0,1,0,0,0,0
0,7,0,0,1,0,0,0,0,1,0,0,1,0
_____________________________________________________
_____________________________________________________
64,0,0.0000,
0,7,0,0,1,0,0,0,0,1,0,0,1,0
1,6,0,0,1,0,0,0,0,1,0,0,1,0
_____________________________________________________
_____________________________________________________
65,11,0.0000,
1,6,0,0,1,0,0,0,0,1,0,0,1,0
1,6,0,0,1,0,0,0,0,1,0,0,0,0
_____________________________________________________
_____________________________________________________
66,8,0.0000,
1,6,0,0,1,0,0,0,0,1,0,0,0,0
0,7,0,0,1,0,0,0,0,0,0,0,0,0
_____________________________________________________
_____________________________________________________
67,0,0.0000,
0,7,0,0,1,0,0,0,0,0,0,0,0,0
0,7,0,0,1,0,0,0,0,1,0,0,0,0
_____________________________________________________
_____________________________________________________
68,0,0.0000,
0,7,0,0,1,0,0,0,0,1,0,0,0,0
1,6,0,0,0,1,1,0,0,1,1,1,0,0
_____________________________________________________
_____________________________________________________
69,5,0.0000,
1,6,0,0,0,1,1,0,0,1,1,1,0,0
1,6,0,0,0,1,0,0,0,0,0,0,0,0
_____________________________________________________
_____________________________________________________
70,0,0.0000,
1,6,0,0,0,1,0,0,0,0,0,0,0,0
2,5,0,0,0,1,0,0,0,0,0,0,0,0
_____________________________________________________
_____________________________________________________
71,0,0.0000,
2,5,0,0,0,1,0,0,0,0,0,0,0,0
3,4,0,0,0,1,0,0,0,0,0,0,0,0
_____________________________________________________
_____________________________________________________
72,9,-1.0000,
3,4,0,0,0,1,0,0,0,0,0,0,0,0
3,4,0,0,0,1,0,0,0,0,0,0,0,0
_____________________________________________________
_____________________________________________________
73,9,-1.0000,
3,4,0,0,0,1,0,0,0,0,0,0,0,0
2,4,-1,0,0,1,1,0,1,0,1,0,0,0
_____________________________________________________
_____________________________________________________
74,5,0.0000,
2,4,-1,0,0,1,1,0,1,0,1,0,0,0
1,4,0,0,0,1,0,0,0,0,0,0,0,0
_____________________________________________________
_____________________________________________________
75,0,0.0000,
1,4,0,0,0,1,0,0,0,0,0,0,0,0
1,3,0,0,0,1,0,0,0,0,0,0,0,0
_____________________________________________________
_____________________________________________________
76,0,0.0000,
1,3,0,0,0,1,0,0,0,0,0,0,0,0
2,2,0,0,0,1,0,0,1,0,1,0,0,0
_____________________________________________________
_____________________________________________________
77,7,0.0000,
2,2,0,0,0,1,0,0,1,0,1,0,0,0
1,5,0,0,0,1,0,0,0,0,0,0,0,0
_____________________________________________________
_____________________________________________________
78,0,0.0000,
1,5,0,0,0,1,0,0,0,0,0,0,0,0
1,4,0,0,0,1,0,0,0,0,1,0,0,0
_____________________________________________________
_____________________________________________________
79,9,0.0000,
1,4,0,0,0,1,0,0,0,0,1,0,0,0
1,6,0,0,0,0,0,1,0,0,0,0,0,0
_____________________________________________________
_____________________________________________________
80,6,0.0000,
1,6,0,0,0,0,0,1,0,0,0,0,0,0
1,6,0,1,0,0,0,0,0,0,0,0,0,0
_____________________________________________________
_____________________________________________________
81,2,0.0000,
1,6,0,1,0,0,0,0,0,0,0,0,0,0
0,7,0,0,0,0,0,0,0,0,0,0,0,0
_____________________________________________________
_____________________________________________________
82,0,0.0000,
0,7,0,0,0,0,0,0,0,0,0,0,0,0
1,6,0,0,0,0,1,0,1,0,1,0,0,0
_____________________________________________________
_____________________________________________________
83,5,0.0000,
1,6,0,0,0,0,1,0,1,0,1,0,0,0
1,6,0,0,1,1,0,0,1,0,0,0,0,1
_____________________________________________________
_____________________________________________________
84,12,0.0000,
1,6,0,0,1,1,0,0,1,0,0,0,0,1
0,7,0,0,0,0,0,0,0,0,0,0,0,0
_____________________________________________________
_____________________________________________________
85,0,0.0000,
0,7,0,0,0,0,0,0,0,0,0,0,0,0
0,7,0,0,0,0,0,0,0,0,0,0,0,0
_____________________________________________________
_____________________________________________________
86,0,0.0000,
0,7,0,0,0,0,0,0,0,0,0,0,0,0
1,6,0,0,0,0,0,0,0,0,0,0,0,0
_____________________________________________________
_____________________________________________________
87,0,0.0000,
1,6,0,0,0,0,0,0,0,0,0,0,0,0
1,5,0,0,0,0,0,0,0,0,0,0,0,0
_____________________________________________________
_____________________________________________________
88,0,0.0000,
1,5,0,0,0,0,0,0,0,0,0,0,0,0
1,4,0,0,0,0,0,0,0,0,0,0,0,0
_____________________________________________________
_____________________________________________________
89,0,0.0000,
1,4,0,0,0,0,0,0,0,0,0,0,0,0
2,3,0,0,0,0,0,0,0,1,1,0,0,0
_____________________________________________________
_____________________________________________________
90,9,0.0000,
2,3,0,0,0,0,0,0,0,1,1,0,0,0
2,5,0,0,0,0,0,0,1,1,0,0,0,1
_____________________________________________________
_____________________________________________________
91,12,0.0000,
2,5,0,0,0,0,0,0,1,1,0,0,0,1
2,5,0,0,0,0,0,0,0,1,0,0,0,0
_____________________________________________________
_____________________________________________________
92,10,-1.0000,
2,5,0,0,0,0,0,0,0,1,0,0,0,0
2,5,0,0,0,0,0,0,0,1,0,0,0,0
_____________________________________________________
_____________________________________________________
93,0,0.0000,
2,5,0,0,0,0,0,0,0,1,0,0,0,0
3,4,0,0,0,0,0,0,1,1,0,0,0,1
_____________________________________________________
_____________________________________________________
94,12,0.0000,
3,4,0,0,0,0,0,0,1,1,0,0,0,1
2,4,0,0,0,0,0,0,0,1,0,0,0,0
_____________________________________________________
_____________________________________________________
95,10,-1.0000,
2,4,0,0,0,0,0,0,0,1,0,0,0,0
2,4,0,0,0,0,-1,0,1,1,0,-1,0,1
_____________________________________________________
_____________________________________________________
96,5,0.0000,
2,4,0,0,0,0,-1,0,1,1,0,-1,0,1
2,5,0,0,1,1,-1,0,1,1,0,-1,0,1
_____________________________________________________
_____________________________________________________
97,5,0.0000,
2,5,0,0,1,1,-1,0,1,1,0,-1,0,1
2,5,0,0,1,0,0,1,0,0,-1,-1,1,0
_____________________________________________________
_____________________________________________________
98,9,0.0000,
2,5,0,0,1,0,0,1,0,0,-1,-1,1,0
2,5,1,1,1,0,0,1,0,1,-1,-1,1,0
_____________________________________________________
_____________________________________________________
99,11,0.0000,
2,5,1,1,1,0,0,1,0,1,-1,-1,1,0
2,5,1,1,1,0,0,0,0,0,-1,0,0,0
_____________________________________________________
_____________________________________________________
100,9,0.0000,
2,5,1,1,1,0,0,0,0,0,-1,0,0,0
1,5,1,1,0,0,0,0,0,0,0,0,0,0
_____________________________________________________
_____________________________________________________
101,2,0.0000,
1,5,1,1,0,0,0,0,0,0,0,0,0,0
0,7,0,0,0,0,0,0,0,0,0,0,0,0
_____________________________________________________
_____________________________________________________
102,0,0.0000,
0,7,0,0,0,0,0,0,0,0,0,0,0,0
0,7,0,0,0,0,0,1,0,0,0,0,0,0
_____________________________________________________
_____________________________________________________
103,0,0.0000,
0,7,0,0,0,0,0,1,0,0,0,0,0,0
0,7,0,0,1,0,0,1,0,0,0,0,0,0
_____________________________________________________
_____________________________________________________
104,0,0.0000,
0,7,0,0,1,0,0,1,0,0,0,0,0,0
0,7,0,0,1,0,0,1,0,0,0,0,0,0
_____________________________________________________
_____________________________________________________
105,0,0.0000,
0,7,0,0,1,0,0,1,0,0,0,0,0,0
0,7,1,1,1,0,0,1,0,0,0,0,0,0
_____________________________________________________
_____________________________________________________
106,0,0.0000,
0,7,1,1,1,0,0,1,0,0,0,0,0,0
0,7,1,1,1,0,0,1,0,0,0,1,0,0
_____________________________________________________
_____________________________________________________
107,0,0.0000,
0,7,1,1,1,0,0,1,0,0,0,1,0,0
1,6,1,1,1,0,0,1,0,0,1,1,0,0
_____________________________________________________
_____________________________________________________
108,2,0.0000,
1,6,1,1,1,0,0,1,0,0,1,1,0,0
0,7,1,1,1,0,0,1,0,0,1,1,0,0
_____________________________________________________
_____________________________________________________
109,0,0.0000,
0,7,1,1,1,0,0,1,0,0,1,1,0,0
1,6,1,1,1,0,0,1,0,0,1,1,0,0
_____________________________________________________
_____________________________________________________
110,2,0.0000,
1,6,1,1,1,0,0,1,0,0,1,1,0,0
0,7,1,1,1,0,0,1,0,0,1,1,0,0
_____________________________________________________
_____________________________________________________
111,0,0.0000,
0,7,1,1,1,0,0,1,0,0,1,1,0,0
0,7,0,1,0,1,1,1,1,0,1,1,1,1
_____________________________________________________
_____________________________________________________
112,0,0.0000,
0,7,0,1,0,1,1,1,1,0,1,1,1,1
1,6,0,1,0,1,1,1,1,0,1,1,1,1
_____________________________________________________
_____________________________________________________
113,5,0.0000,
1,6,0,1,0,1,1,1,1,0,1,1,1,1
1,6,0,1,0,0,0,1,1,0,1,0,1,1
_____________________________________________________
_____________________________________________________
114,11,0.0000,
1,6,0,1,0,0,0,1,1,0,1,0,1,1
0,7,0,1,0,0,0,1,1,0,1,0,0,1
_____________________________________________________
_____________________________________________________
115,0,0.0000,
0,7,0,1,0,0,0,1,1,0,1,0,0,1
1,6,0,1,0,1,1,1,1,0,1,1,0,1
_____________________________________________________
_____________________________________________________
116,5,0.0000,
1,6,0,1,0,1,1,1,1,0,1,1,0,1
0,7,0,1,0,0,0,1,1,0,1,0,0,1
_____________________________________________________
_____________________________________________________
117,0,0.0000,
0,7,0,1,0,0,0,1,1,0,1,0,0,1
1,6,0,1,0,0,0,1,1,0,1,0,0,1
_____________________________________________________
_____________________________________________________
118,7,0.0000,
1,6,0,1,0,0,0,1,1,0,1,0,0,1
0,7,0,1,0,0,0,1,0,0,1,0,0,0
_____________________________________________________
_____________________________________________________
119,0,0.0000,
0,7,0,1,0,0,0,1,0,0,1,0,0,0
0,7,0,1,0,0,0,1,0,0,1,0,1,0
_____________________________________________________
_____________________________________________________
120,0,0.0000,
0,7,0,1,0,0,0,1,0,0,1,0,1,0
0,7,0,1,0,0,0,1,0,0,0,0,1,0
_____________________________________________________
_____________________________________________________
121,0,0.0000,
0,7,0,1,0,0,0,1,0,0,0,0,1,0
0,7,0,0,0,0,0,0,0,0,0,0,1,0
_____________________________________________________
_____________________________________________________
122,0,0.0000,
0,7,0,0,0,0,0,0,0,0,0,0,1,0
1,6,0,0,0,0,0,0,0,0,1,0,1,0
_____________________________________________________
_____________________________________________________
123,11,0.0000,
1,6,0,0,0,0,0,0,0,0,1,0,1,0
1,6,0,1,0,0,0,1,0,0,1,0,0,0
_____________________________________________________
_____________________________________________________
124,6,0.0000,
1,6,0,1,0,0,0,1,0,0,1,0,0,0
1,6,0,0,0,0,1,0,0,0,0,1,0,0
_____________________________________________________
_____________________________________________________
125,5,0.0000,
1,6,0,0,0,0,1,0,0,0,0,1,0,0
1,6,0,0,0,0,0,0,0,0,0,1,0,0
_____________________________________________________
_____________________________________________________
126,0,0.0000,
1,6,0,0,0,0,0,0,0,0,0,1,0,0
2,5,0,0,0,0,0,0,0,0,0,1,0,0
_____________________________________________________
_____________________________________________________
127,10,0.0000,
2,5,0,0,0,0,0,0,0,0,0,1,0,0
1,5,0,0,0,0,0,0,0,0,0,0,0,0
_____________________________________________________
_____________________________________________________
128,0,0.0000,
1,5,0,0,0,0,0,0,0,0,0,0,0,0
1,4,0,0,0,0,0,0,0,0,0,0,0,0
_____________________________________________________
_____________________________________________________
129,0,0.0000,
1,4,0,0,0,0,0,0,0,0,0,0,0,0
2,3,0,0,0,0,0,0,0,0,0,0,0,0
_____________________________________________________
_____________________________________________________
130,9,-1.0000,
2,3,0,0,0,0,0,0,0,0,0,0,0,0
1,5,0,0,0,0,0,-1,0,0,0,0,0,0
_____________________________________________________
_____________________________________________________
131,10,-1.0000,
1,5,0,0,0,0,0,-1,0,0,0,0,0,0
1,6,0,0,0,0,0,0,0,0,0,-1,0,0
_____________________________________________________
_____________________________________________________
132,10,0.0000,
1,6,0,0,0,0,0,0,0,0,0,-1,0,0
0,7,0,0,0,0,0,0,0,0,0,-1,0,0
_____________________________________________________
_____________________________________________________
133,0,0.0000,
0,7,0,0,0,0,0,0,0,0,0,-1,0,0
1,6,0,0,0,0,0,0,0,0,0,-1,1,0
_____________________________________________________
_____________________________________________________
134,10,0.0000,
1,6,0,0,0,0,0,0,0,0,0,-1,1,0
0,7,0,0,0,0,0,0,0,0,0,-1,1,0
_____________________________________________________
_____________________________________________________
135,0,0.0000,
0,7,0,0,0,0,0,0,0,0,0,-1,1,0
1,6,0,0,0,0,0,0,0,0,0,-1,1,0
_____________________________________________________
_____________________________________________________
136,11,0.0000,
1,6,0,0,0,0,0,0,0,0,0,-1,1,0
0,7,0,0,0,0,0,0,0,0,0,-1,0,0
_____________________________________________________
_____________________________________________________
137,0,0.0000,
0,7,0,0,0,0,0,0,0,0,0,-1,0,0
1,6,0,0,0,0,0,0,0,0,0,-1,0,0
_____________________________________________________
_____________________________________________________
138,10,0.0000,
1,6,0,0,0,0,0,0,0,0,0,-1,0,0
1,6,0,0,0,0,0,0,0,0,0,-1,0,0
_____________________________________________________
_____________________________________________________
139,10,0.0000,
1,6,0,0,0,0,0,0,0,0,0,-1,0,0
0,6,0,0,0,0,0,0,0,0,0,0,0,0
_____________________________________________________
