_____________________________________________________
0,11,0.0000,
5,2,1,1,1,1,1,1,1,1,1,1,1,1
5,2,0,1,1,1,1,1,1,1,1,1,1,1
_____________________________________________________
_____________________________________________________
1,11,0.0000,
5,2,0,1,1,1,1,1,1,1,1,1,1,1
4,2,0,1,1,1,1,0,1,1,1,1,0,1
_____________________________________________________
_____________________________________________________
2,5,0.0000,
4,2,0,1,1,1,1,0,1,1,1,1,0,1
3,2,0,1,1,1,0,1,1,1,1,1,1,0
_____________________________________________________
_____________________________________________________
3,11,0.0000,
3,2,0,1,1,1,0,1,1,1,1,1,1,0
3,2,0,1,1,1,0,0,1,1,1,1,1,0
_____________________________________________________
_____________________________________________________
4,11,0.0000,
3,2,0,1,1,1,0,0,1,1,1,1,1,0
2,2,0,1,1,1,0,0,1,1,1,1,0,0
_____________________________________________________
_____________________________________________________
5,2,0.0000,
2,2,0,1,1,1,0,0,1,1,1,1,0,0
1,4,0,0,1,0,0,1,1,1,1,1,1,0
_____________________________________________________
_____________________________________________________
6,11,0.0000,
1,4,0,0,1,0,0,1,1,1,1,1,1,0
1,6,0,0,1,0,0,0,1,1,1,1,1,0
_____________________________________________________
_____________________________________________________
7,11,0.0000,
1,6,0,0,1,0,0,0,1,1,1,1,1,0
0,7,0,0,1,0,0,0,1,1,1,1,0,0
_____________________________________________________
_____________________________________________________
8,0,0.0000,
0,7,0,0,1,0,0,0,1,1,1,1,0,0
0,7,0,0,1,0,0,1,1,1,1,1,1,0
_____________________________________________________
_____________________________________________________
9,0,0.0000,
0,7,0,0,1,0,0,1,1,1,1,1,1,0
0,7,1,0,1,0,0,1,1,1,1,1,1,0
_____________________________________________________
_____________________________________________________
10,0,0.0000,
0,7,1,0,1,0,0,1,1,1,1,1,1,0
0,7,1,0,1,0,0,1,1,1,1,1,1,0
_____________________________________________________
_____________________________________________________
11,0,0.0000,
0,7,1,0,1,0,0,1,1,1,1,1,1,0
1,6,1,0,1,0,0,1,1,1,1,1,1,0
_____________________________________________________
_____________________________________________________
12,11,0.0000,
1,6,1,0,1,0,0,1,1,1,1,1,1,0
0,7,0,0,1,0,0,0,1,1,1,1,0,1
_____________________________________________________
_____________________________________________________
13,0,0.0000,
0,7,0,0,1,0,0,0,1,1,1,1,0,1
1,6,1,0,0,1,1,1,1,1,1,1,1,1
_____________________________________________________
_____________________________________________________
14,5,0.0000,
1,6,1,0,0,1,1,1,1,1,1,1,1,1
1,6,1,1,1,1,0,1,1,1,1,1,1,1
_____________________________________________________
_____________________________________________________
15,2,0.0000,
1,6,1,1,1,1,0,1,1,1,1,1,1,1
0,7,1,0,1,1,0,1,1,1,1,1,1,0
_____________________________________________________
_____________________________________________________
16,0,0.0000,
0,7,1,0,1,1,0,1,1,1,1,1,1,0
0,7,1,0,1,1,0,1,1,1,1,1,1,0
_____________________________________________________
_____________________________________________________
17,0,0.0000,
0,7,1,0,1,1,0,1,1,1,1,1,1,0
0,7,1,0,1,1,0,1,1,1,1,1,1,0
_____________________________________________________
_____________________________________________________
18,0,0.0000,
0,7,1,0,1,1,0,1,1,1,1,1,1,0
1,6,1,0,1,1,0,1,1,1,1,1,1,0
_____________________________________________________
_____________________________________________________
19,11,0.0000,
1,6,1,0,1,1,0,1,1,1,1,1,1,0
1,6,1,0,1,1,0,0,1,1,1,1,0,0
_____________________________________________________
_____________________________________________________
20,7,0.0000,
1,6,1,0,1,1,0,0,1,1,1,1,0,0
0,7,1,0,1,1,0,0,0,1,1,1,0,0
_____________________________________________________
_____________________________________________________
21,0,0.0000,
0,7,1,0,1,1,0,0,0,1,1,1,0,0
0,7,1,0,1,1,0,0,0,1,1,1,0,0
_____________________________________________________
_____________________________________________________
22,0,0.0000,
0,7,1,0,1,1,0,0,0,1,1,1,0,0
0,7,1,0,1,1,0,0,0,1,1,1,0,0
_____________________________________________________
_____________________________________________________
23,0,0.0000,
0,7,1,0,1,1,0,0,0,1,1,1,0,0
0,7,1,0,1,1,0,1,0,1,1,1,1,0
_____________________________________________________
_____________________________________________________
24,0,0.0000,
0,7,1,0,1,1,0,1,0,1,1,1,1,0
1,6,1,0,1,1,0,1,0,1,1,1,1,0
_____________________________________________________
_____________________________________________________
25,11,0.0000,
1,6,1,0,1,1,0,1,0,1,1,1,1,0
0,7,1,0,1,1,0,0,0,1,1,1,0,1
_____________________________________________________
_____________________________________________________
26,0,0.0000,
0,7,1,0,1,1,0,0,0,1,1,1,0,1
1,6,1,1,1,1,0,0,0,1,1,1,0,1
_____________________________________________________
_____________________________________________________
27,2,0.0000,
1,6,1,1,1,1,0,0,0,1,1,1,0,1
1,6,1,1,1,0,0,1,1,0,1,1,1,1
_____________________________________________________
_____________________________________________________
28,11,0.0000,
1,6,1,1,1,0,0,1,1,0,1,1,1,1
0,7,1,1,1,0,0,1,1,0,1,1,0,1
_____________________________________________________
_____________________________________________________
29,0,0.0000,
0,7,1,1,1,0,0,1,1,0,1,1,0,1
1,6,1,1,1,0,0,1,1,0,1,1,0,1
_____________________________________________________
_____________________________________________________
30,7,0.0000,
1,6,1,1,1,0,0,1,1,0,1,1,0,1
0,7,1,0,1,0,0,1,0,0,0,1,0,1
_____________________________________________________
_____________________________________________________
31,0,0.0000,
0,7,1,0,1,0,0,1,0,0,0,1,0,1
0,7,1,0,1,0,0,1,0,0,0,1,0,1
_____________________________________________________
_____________________________________________________
32,0,0.0000,
0,7,1,0,1,0,0,1,0,0,0,1,0,1
1,6,1,0,1,0,0,1,0,0,0,1,0,1
_____________________________________________________
_____________________________________________________
33,6,0.0000,
1,6,1,0,1,0,0,1,0,0,0,1,0,1
1,6,0,0,1,0,0,0,0,0,0,1,0,1
_____________________________________________________
_____________________________________________________
34,12,0.0000,
1,6,0,0,1,0,0,0,0,0,0,1,0,1
1,6,0,0,1,0,0,0,0,0,0,1,0,0
_____________________________________________________
_____________________________________________________
35,3,0.0000,
1,6,0,0,1,0,0,0,0,0,0,1,0,0
0,7,0,0,1,0,0,0,0,0,1,1,0,0
_____________________________________________________
_____________________________________________________
36,0,0.0000,
0,7,0,0,1,0,0,0,0,0,1,1,0,0
1,6,0,1,1,0,0,0,1,0,1,1,0,0
_____________________________________________________
_____________________________________________________
37,7,0.0000,
1,6,0,1,1,0,0,0,1,0,1,1,0,0
0,7,0,0,1,0,0,0,0,1,0,1,0,0
_____________________________________________________
_____________________________________________________
38,0,0.0000,
0,7,0,0,1,0,0,0,0,1,0,1,0,0
0,7,0,0,1,1,0,0,0,1,0,1,0,0
_____________________________________________________
_____________________________________________________
39,0,0.0000,
0,7,0,0,1,1,0,0,0,1,0,1,0,0
1,6,0,0,1,1,0,0,0,1,0,1,0,0
_____________________________________________________
_____________________________________________________
40,10,0.0000,
1,6,0,0,1,1,0,0,0,1,0,1,0,0
1,6,0,0,1,1,0,0,0,1,0,0,0,0
_____________________________________________________
_____________________________________________________
41,8,0.0000,
1,6,0,0,1,1,0,0,0,1,0,0,0,0
1,6,0,0,0,0,1,0,0,1,1,0,1,1
_____________________________________________________
_____________________________________________________
42,11,0.0000,
1,6,0,0,0,0,1,0,0,1,1,0,1,1
1,6,0,0,0,0,0,0,0,1,0,1,0,1
_____________________________________________________
_____________________________________________________
43,12,0.0000,
1,6,0,0,0,0,0,0,0,1,0,1,0,1
0,7,0,0,1,0,0,0,0,1,0,1,0,0
_____________________________________________________
_____________________________________________________
44,0,0.0000,
0,7,0,0,1,0,0,0,0,1,0,1,0,0
0,7,0,0,1,0,0,1,1,1,1,1,1,0
_____________________________________________________
_____________________________________________________
45,0,0.0000,
0,7,0,0,1,0,0,1,1,1,1,1,1,0
1,6,0,0,1,0,1,1,1,1,1,1,1,0
_____________________________________________________
_____________________________________________________
46,5,0.0000,
1,6,0,0,1,0,1,1,1,1,1,1,1,0
0,7,0,0,1,0,0,1,1,1,0,1,0,0
_____________________________________________________
_____________________________________________________
47,0,0.0000,
0,7,0,0,1,0,0,1,1,1,0,1,0,0
1,6,1,0,1,1,0,1,1,1,0,1,0,0
_____________________________________________________
_____________________________________________________
48,7,0.0000,
1,6,1,0,1,1,0,1,1,1,0,1,0,0
0,7,1,0,1,1,0,0,0,1,0,1,0,0
_____________________________________________________
_____________________________________________________
49,0,0.0000,
0,7,1,0,1,1,0,0,0,1,0,1,0,0
0,7,1,0,1,1,0,0,0,1,0,1,0,0
_____________________________________________________
_____________________________________________________
50,0,0.0000,
0,7,1,0,1,1,0,0,0,1,0,1,0,0
0,7,1,0,1,1,0,0,0,1,0,1,0,0
_____________________________________________________
_____________________________________________________
51,0,0.0000,
0,7,1,0,1,1,0,0,0,1,0,1,0,0
0,7,1,1,1,1,0,0,0,1,1,1,1,0
_____________________________________________________
_____________________________________________________
52,0,0.0000,
0,7,1,1,1,1,0,0,0,1,1,1,1,0
0,7,1,1,1,1,1,0,0,1,1,1,1,0
_____________________________________________________
_____________________________________________________
53,0,0.0000,
0,7,1,1,1,1,1,0,0,1,1,1,1,0
0,7,1,1,1,1,1,0,0,1,1,1,1,1
_____________________________________________________
_____________________________________________________
54,0,0.0000,
0,7,1,1,1,1,1,0,0,1,1,1,1,1
1,6,1,1,1,1,1,0,0,1,1,1,1,1
_____________________________________________________
_____________________________________________________
55,11,0.0000,
1,6,1,1,1,1,1,0,0,1,1,1,1,1
0,7,0,0,1,0,1,1,1,1,1,0,1,1
_____________________________________________________
_____________________________________________________
56,0,0.0000,
0,7,0,0,1,0,1,1,1,1,1,0,1,1
0,7,0,1,1,0,1,1,1,1,1,0,1,1
_____________________________________________________
_____________________________________________________
57,0,0.0000,
0,7,0,1,1,0,1,1,1,1,1,0,1,1
1,6,0,1,1,0,1,1,1,1,1,0,1,1
_____________________________________________________
_____________________________________________________
58,5,0.0000,
1,6,0,1,1,0,1,1,1,1,1,0,1,1
0,7,0,1,1,0,1,1,1,1,1,0,1,1
_____________________________________________________
_____________________________________________________
59,0,0.0000,
0,7,0,1,1,0,1,1,1,1,1,0,1,1
1,6,0,1,1,0,1,1,1,1,1,0,1,1
_____________________________________________________
_____________________________________________________
60,5,0.0000,
1,6,0,1,1,0,1,1,1,1,1,0,1,1
0,7,0,1,1,0,0,1,1,1,1,0,1,1
_____________________________________________________
_____________________________________________________
61,0,0.0000,
0,7,0,1,1,0,0,1,1,1,1,0,1,1
0,7,0,1,1,0,1,1,1,1,1,0,1,1
_____________________________________________________
_____________________________________________________
62,0,0.0000,
0,7,0,1,1,0,1,1,1,1,1,0,1,1
0,7,0,1,1,0,1,1,1,1,1,0,1,1
_____________________________________________________
_____________________________________________________
63,0,0.0000,
0,7,0,1,1,0,1,1,1,1,1,0,1,1
1,6,0,1,1,0,1,1,1,1,1,0,1,1
_____________________________________________________
_____________________________________________________
64,5,0.0000,
1,6,0,1,1,0,1,1,1,1,1,0,1,1
1,6,0,1,1,0,0,1,1,1,1,0,1,0
_____________________________________________________
_____________________________________________________
65,11,0.0000,
1,6,0,1,1,0,0,1,1,1,1,0,1,0
1,6,0,1,1,0,0,1,1,1,1,0,0,0
_____________________________________________________
_____________________________________________________
66,7,0.0000,
1,6,0,1,1,0,0,1,1,1,1,0,0,0
1,6,1,1,1,0,0,1,0,1,1,1,0,0
_____________________________________________________
_____________________________________________________
67,2,0.0000,
1,6,1,1,1,0,0,1,0,1,1,1,0,0
0,7,1,0,1,0,0,1,1,1,1,1,1,0
_____________________________________________________
_____________________________________________________
68,0,0.0000,
0,7,1,0,1,0,0,1,1,1,1,1,1,0
0,7,1,1,1,0,1,1,1,1,1,1,1,1
_____________________________________________________
_____________________________________________________
69,0,0.0000,
0,7,1,1,1,0,1,1,1,1,1,1,1,1
1,6,1,1,1,1,1,1,1,1,1,0,1,1
_____________________________________________________
_____________________________________________________
70,6,0.0000,
1,6,1,1,1,1,1,1,1,1,1,0,1,1
1,6,1,1,1,1,1,0,1,1,1,0,1,1
_____________________________________________________
_____________________________________________________
71,11,0.0000,
1,6,1,1,1,1,1,0,1,1,1,0,1,1
0,7,1,0,1,1,1,0,1,1,1,0,0,1
_____________________________________________________
_____________________________________________________
72,0,0.0000,
0,7,1,0,1,1,1,0,1,1,1,0,0,1
0,7,1,0,1,1,1,0,1,1,1,0,0,1
_____________________________________________________
_____________________________________________________
73,0,0.0000,
0,7,1,0,1,1,1,0,1,1,1,0,0,1
0,7,1,0,1,1,1,0,1,1,1,0,1,1
_____________________________________________________
_____________________________________________________
74,0,0.0000,
0,7,1,0,1,1,1,0,1,1,1,0,1,1
0,7,1,1,1,1,1,0,1,1,1,0,1,1
_____________________________________________________
_____________________________________________________
75,0,0.0000,
0,7,1,1,1,1,1,0,1,1,1,0,1,1
1,6,1,1,1,1,1,0,1,1,1,0,1,1
_____________________________________________________
_____________________________________________________
76,11,0.0000,
1,6,1,1,1,1,1,0,1,1,1,0,1,1
0,7,1,1,1,1,1,0,1,1,1,0,1,1
_____________________________________________________
_____________________________________________________
77,0,0.0000,
0,7,1,1,1,1,1,0,1,1,1,0,1,1
1,6,1,1,1,1,1,0,1,1,1,0,1,1
_____________________________________________________
_____________________________________________________
78,11,0.0000,
1,6,1,1,1,1,1,0,1,1,1,0,1,1
1,6,1,0,1,1,1,0,1,1,1,0,0,1
_____________________________________________________
_____________________________________________________
79,5,0.0000,
1,6,1,0,1,1,1,0,1,1,1,0,0,1
0,7,0,1,1,1,0,0,1,1,0,0,1,1
_____________________________________________________
_____________________________________________________
80,0,0.0000,
0,7,0,1,1,1,0,0,1,1,0,0,1,1
0,7,1,1,1,1,1,0,1,1,1,0,1,1
_____________________________________________________
_____________________________________________________
81,0,0.0000,
0,7,1,1,1,1,1,0,1,1,1,0,1,1
0,7,1,1,1,1,1,0,1,1,1,0,1,1
_____________________________________________________
_____________________________________________________
82,0,0.0000,
0,7,1,1,1,1,1,0,1,1,1,0,1,1
0,7,1,1,1,1,1,0,1,1,1,0,1,1
_____________________________________________________
_____________________________________________________
83,0,0.0000,
0,7,1,1,1,1,1,0,1,1,1,0,1,1
0,7,1,1,1,0,0,0,1,1,1,0,1,1
_____________________________________________________
_____________________________________________________
84,0,0.0000,
0,7,1,1,1,0,0,0,1,1,1,0,1,1
1,6,1,1,1,0,0,1,1,1,1,1,1,1
_____________________________________________________
_____________________________________________________
85,11,0.0000,
1,6,1,1,1,0,0,1,1,1,1,1,1,1
1,6,0,0,1,0,0,1,1,1,1,1,1,1
_____________________________________________________
_____________________________________________________
86,11,0.0000,
1,6,0,0,1,0,0,1,1,1,1,1,1,1
0,7,0,0,1,0,0,1,1,1,1,1,0,1
_____________________________________________________
_____________________________________________________
87,0,0.0000,
0,7,0,0,1,0,0,1,1,1,1,1,0,1
0,7,0,0,1,0,0,1,1,1,1,1,0,1
_____________________________________________________
_____________________________________________________
88,0,0.0000,
0,7,0,0,1,0,0,1,1,1,1,1,0,1
0,7,0,0,1,0,0,1,1,1,1,1,0,1
_____________________________________________________
_____________________________________________________
89,0,0.0000,
0,7,0,0,1,0,0,1,1,1,1,1,0,1
0,7,0,0,1,0,0,1,1,1,1,1,0,1
_____________________________________________________
_____________________________________________________
90,0,0.0000,
0,7,0,0,1,0,0,1,1,1,1,1,0,1
1,6,0,0,1,0,0,1,1,1,1,1,0,1
_____________________________________________________
_____________________________________________________
91,7,0.0000,
1,6,0,0,1,0,0,1,1,1,1,1,0,1
1,6,0,0,1,0,0,1,0,0,1,1,0,1
_____________________________________________________
_____________________________________________________
92,6,0.0000,
1,6,0,0,1,0,0,1,0,0,1,1,0,1
1,6,0,0,1,1,1,0,0,0,1,0,0,1
_____________________________________________________
_____________________________________________________
93,5,0.0000,
1,6,0,0,1,1,1,0,0,0,1,0,0,1
1,6,0,0,1,0,0,0,0,0,1,0,0,1
_____________________________________________________
_____________________________________________________
94,12,0.0000,
1,6,0,0,1,0,0,0,0,0,1,0,0,1
1,6,0,0,0,0,0,0,0,0,1,1,0,0
_____________________________________________________
_____________________________________________________
95,9,0.0000,
1,6,0,0,0,0,0,0,0,0,1,1,0,0
0,7,0,0,0,0,0,1,0,0,0,1,0,0
_____________________________________________________
_____________________________________________________
96,0,0.0000,
0,7,0,0,0,0,0,1,0,0,0,1,0,0
1,6,0,0,1,0,0,1,0,0,0,1,0,1
_____________________________________________________
_____________________________________________________
97,6,0.0000,
1,6,0,0,1,0,0,1,0,0,0,1,0,1
0,7,1,1,1,0,1,1,1,1,1,1,1,0
_____________________________________________________
_____________________________________________________
98,0,0.0000,
0,7,1,1,1,0,1,1,1,1,1,1,1,0
0,7,1,1,1,0,1,1,1,1,1,1,1,0
_____________________________________________________
_____________________________________________________
99,0,0.0000,
0,7,1,1,1,0,1,1,1,1,1,1,1,0
1,6,1,1,1,0,1,1,1,1,1,1,1,0
_____________________________________________________
_____________________________________________________
100,2,0.0000,
1,6,1,1,1,0,1,1,1,1,1,1,1,0
0,7,1,0,0,0,0,0,1,1,1,1,1,0
_____________________________________________________
_____________________________________________________
101,0,0.0000,
0,7,1,0,0,0,0,0,1,1,1,1,1,0
1,6,1,1,1,0,1,1,1,1,1,1,1,0
_____________________________________________________
_____________________________________________________
102,5,0.0000,
1,6,1,1,1,0,1,1,1,1,1,1,1,0
0,7,1,0,0,0,0,0,1,1,1,1,1,0
_____________________________________________________
_____________________________________________________
103,0,0.0000,
0,7,1,0,0,0,0,0,1,1,1,1,1,0
1,6,1,1,1,0,1,1,1,1,1,1,1,0
_____________________________________________________
_____________________________________________________
104,5,0.0000,
1,6,1,1,1,0,1,1,1,1,1,1,1,0
1,6,1,1,1,0,1,1,1,1,1,1,1,0
_____________________________________________________
_____________________________________________________
105,5,0.0000,
1,6,1,1,1,0,1,1,1,1,1,1,1,0
1,6,1,0,1,0,1,1,1,1,1,1,1,0
_____________________________________________________
_____________________________________________________
106,5,0.0000,
1,6,1,0,1,0,1,1,1,1,1,1,1,0
1,6,1,0,0,0,1,1,1,1,1,1,1,0
_____________________________________________________
_____________________________________________________
107,5,0.0000,
1,6,1,0,0,0,1,1,1,1,1,1,1,0
1,6,1,0,0,0,0,1,1,1,1,1,1,0
_____________________________________________________
_____________________________________________________
108,11,0.0000,
1,6,1,0,0,0,0,1,1,1,1,1,1,0
0,7,1,1,1,0,1,1,1,1,1,1,0,0
_____________________________________________________
_____________________________________________________
109,0,0.0000,
0,7,1,1,1,0,1,1,1,1,1,1,0,0
1,6,1,1,1,0,1,1,1,1,1,1,0,0
_____________________________________________________
_____________________________________________________
110,5,0.0000,
1,6,1,1,1,0,1,1,1,1,1,1,0,0
1,6,1,1,1,0,1,1,1,1,1,1,0,0
_____________________________________________________
_____________________________________________________
111,5,0.0000,
1,6,1,1,1,0,1,1,1,1,1,1,0,0
1,6,1,1,1,0,0,0,0,1,0,1,0,1
_____________________________________________________
_____________________________________________________
112,2,0.0000,
1,6,1,1,1,0,0,0,0,1,0,1,0,1
0,7,0,0,1,0,0,0,0,1,0,1,0,1
_____________________________________________________
_____________________________________________________
113,0,0.0000,
0,7,0,0,1,0,0,0,0,1,0,1,0,1
0,7,0,0,1,0,0,0,0,1,0,1,0,1
_____________________________________________________
_____________________________________________________
114,0,0.0000,
0,7,0,0,1,0,0,0,0,1,0,1,0,1
1,6,0,0,1,0,0,1,0,1,0,1,0,1
_____________________________________________________
_____________________________________________________
115,6,0.0000,
1,6,0,0,1,0,0,1,0,1,0,1,0,1
0,7,0,0,1,0,0,0,0,1,0,1,0,1
_____________________________________________________
_____________________________________________________
116,0,0.0000,
0,7,0,0,1,0,0,0,0,1,0,1,0,1
0,7,0,0,1,0,0,0,0,1,1,1,0,1
_____________________________________________________
_____________________________________________________
117,0,0.0000,
0,7,0,0,1,0,0,0,0,1,1,1,0,1
0,7,0,0,1,0,0,0,0,1,1,1,0,1
_____________________________________________________
_____________________________________________________
118,0,0.0000,
0,7,0,0,1,0,0,0,0,1,1,1,0,1
1,6,0,0,1,0,0,0,0,1,1,1,0,1
_____________________________________________________
_____________________________________________________
119,12,0.0000,
1,6,0,0,1,0,0,0,0,1,1,1,0,1
0,7,0,1,1,0,0,0,0,0,1,0,0,0
_____________________________________________________
_____________________________________________________
120,0,0.0000,
0,7,0,1,1,0,0,0,0,0,1,0,0,0
1,6,1,1,1,0,0,0,0,0,1,0,0,0
_____________________________________________________
_____________________________________________________
121,9,0.0000,
1,6,1,1,1,0,0,0,0,0,1,0,0,0
1,6,1,1,1,0,0,0,0,0,0,0,0,0
_____________________________________________________
_____________________________________________________
122,2,0.0000,
1,6,1,1,1,0,0,0,0,0,0,0,0,0
0,7,0,0,1,0,1,0,0,0,0,0,1,0
_____________________________________________________
_____________________________________________________
123,0,0.0000,
0,7,0,0,1,0,1,0,0,0,0,0,1,0
0,7,0,0,1,0,1,0,0,0,0,1,1,1
_____________________________________________________
_____________________________________________________
124,0,0.0000,
0,7,0,0,1,0,1,0,0,0,0,1,1,1
0,7,0,0,1,0,1,0,0,1,0,1,1,1
_____________________________________________________
_____________________________________________________
125,0,0.0000,
0,7,0,0,1,0,1,0,0,1,0,1,1,1
0,7,0,1,0,0,1,1,0,1,0,1,0,0
_____________________________________________________
_____________________________________________________
126,0,0.0000,
0,7,0,1,0,0,1,1,0,1,0,1,0,0
1,6,0,1,0,0,1,1,0,1,0,1,0,0
_____________________________________________________
_____________________________________________________
127,5,0.0000,
1,6,0,1,0,0,1,1,0,1,0,1,0,0
0,7,0,1,0,0,0,1,0,1,0,1,1,0
_____________________________________________________
_____________________________________________________
128,0,0.0000,
0,7,0,1,0,0,0,1,0,1,0,1,1,0
1,6,0,1,0,0,0,1,1,1,0,1,1,0
_____________________________________________________
_____________________________________________________
129,11,0.0000,
1,6,0,1,0,0,0,1,1,1,0,1,1,0
0,7,0,1,0,0,0,1,0,1,0,1,0,0
_____________________________________________________
_____________________________________________________
130,0,0.0000,
0,7,0,1,0,0,0,1,0,1,0,1,0,0
1,6,0,1,0,0,0,1,0,1,0,1,0,0
_____________________________________________________
_____________________________________________________
131,6,0.0000,
1,6,0,1,0,0,0,1,0,1,0,1,0,0
0,7,0,1,0,0,0,1,0,1,0,1,0,0
_____________________________________________________
_____________________________________________________
132,0,0.0000,
0,7,0,1,0,0,0,1,0,1,0,1,0,0
1,6,0,1,0,0,0,1,0,1,0,1,0,0
_____________________________________________________
_____________________________________________________
133,6,0.0000,
1,6,0,1,0,0,0,1,0,1,0,1,0,0
1,6,0,1,0,0,0,0,0,1,0,1,0,0
_____________________________________________________
_____________________________________________________
134,2,0.0000,
1,6,0,1,0,0,0,0,0,1,0,1,0,0
0,7,0,0,0,0,0,1,0,1,0,1,0,0
_____________________________________________________
_____________________________________________________
135,0,0.0000,
0,7,0,0,0,0,0,1,0,1,0,1,0,0
0,7,0,0,0,0,0,1,0,1,0,1,1,0
_____________________________________________________
_____________________________________________________
136,0,0.0000,
0,7,0,0,0,0,0,1,0,1,0,1,1,0
1,6,0,0,0,0,0,1,1,1,0,1,1,0
_____________________________________________________
_____________________________________________________
137,11,0.0000,
1,6,0,0,0,0,0,1,1,1,0,1,1,0
0,7,0,0,0,0,0,1,0,1,0,1,0,0
_____________________________________________________
_____________________________________________________
138,0,0.0000,
0,7,0,0,0,0,0,1,0,1,0,1,0,0
1,6,0,0,0,0,0,1,0,1,0,1,0,0
_____________________________________________________
_____________________________________________________
139,6,0.0000,
1,6,0,0,0,0,0,1,0,1,0,1,0,0
0,6,0,0,0,0,0,0,0,0,0,0,0,0
_____________________________________________________
