_____________________________________________________
0,11,0.0000,
4,3,1,1,1,1,1,1,1,1,1,1,1,1
3,3,1,1,1,1,1,1,1,1,1,1,0,1
_____________________________________________________
_____________________________________________________
1,5,0.0000,
3,3,1,1,1,1,1,1,1,1,1,1,0,1
2,3,1,1,1,1,0,1,1,0,1,1,0,1
_____________________________________________________
_____________________________________________________
2,2,0.0000,
2,3,1,1,1,1,0,1,1,0,1,1,0,1
1,3,1,0,1,0,0,0,1,0,1,1,0,1
_____________________________________________________
_____________________________________________________
3,7,0.0000,
1,3,1,0,1,0,0,0,1,0,1,1,0,1
0,7,1,0,1,0,0,0,0,0,1,1,0,1
_____________________________________________________
_____________________________________________________
4,0,0.0000,
0,7,1,0,1,0,0,0,0,0,1,1,0,1
1,6,1,0,1,0,0,0,0,0,1,1,0,1
_____________________________________________________
_____________________________________________________
5,12,0.0000,
1,6,1,0,1,0,0,0,0,0,1,1,0,1
1,6,1,0,1,0,0,1,0,1,0,0,0,0
_____________________________________________________
_____________________________________________________
6,6,0.0000,
1,6,1,0,1,0,0,1,0,1,0,0,0,0
0,7,1,0,1,0,1,0,0,1,0,0,1,0
_____________________________________________________
_____________________________________________________
7,0,0.0000,
0,7,1,0,1,0,1,0,0,1,0,0,1,0
0,7,1,0,1,0,1,0,0,1,0,0,1,0
_____________________________________________________
_____________________________________________________
8,0,0.0000,
0,7,1,0,1,0,1,0,0,1,0,0,1,0
1,6,1,0,1,0,1,0,0,1,0,0,1,0
_____________________________________________________
_____________________________________________________
9,11,0.0000,
1,6,1,0,1,0,1,0,0,1,0,0,1,0
0,7,1,0,1,0,1,0,0,1,0,0,0,0
_____________________________________________________
_____________________________________________________
10,0,0.0000,
0,7,1,0,1,0,1,0,0,1,0,0,0,0
1,6,1,0,1,0,1,0,0,1,0,0,0,0
_____________________________________________________
_____________________________________________________
11,5,0.0000,
1,6,1,0,1,0,1,0,0,1,0,0,0,0
1,6,1,0,1,0,1,1,0,1,0,0,0,0
_____________________________________________________
_____________________________________________________
12,5,0.0000,
1,6,1,0,1,0,1,1,0,1,0,0,0,0
0,7,1,1,1,1,0,1,0,0,0,0,0,0
_____________________________________________________
_____________________________________________________
13,0,0.0000,
0,7,1,1,1,1,0,1,0,0,0,0,0,0
1,6,0,1,1,1,1,1,1,1,1,1,1,1
_____________________________________________________
_____________________________________________________
14,5,0.0000,
1,6,0,1,1,1,1,1,1,1,1,1,1,1
1,6,0,1,1,1,0,0,1,1,1,1,1,1
_____________________________________________________
_____________________________________________________
15,11,0.0000,
1,6,0,1,1,1,0,0,1,1,1,1,1,1
1,6,0,1,1,1,0,0,0,1,1,1,0,1
_____________________________________________________
_____________________________________________________
16,2,0.0000,
1,6,0,1,1,1,0,0,0,1,1,1,0,1
1,6,0,0,0,1,1,1,0,1,1,1,1,1
_____________________________________________________
_____________________________________________________
17,11,0.0000,
1,6,0,0,0,1,1,1,0,1,1,1,1,1
1,6,0,0,0,1,1,1,0,1,1,1,0,1
_____________________________________________________
_____________________________________________________
18,5,0.0000,
1,6,0,0,0,1,1,1,0,1,1,1,0,1
0,7,0,0,0,1,0,0,0,1,1,1,1,1
_____________________________________________________
_____________________________________________________
19,0,0.0000,
0,7,0,0,0,1,0,0,0,1,1,1,1,1
0,7,1,0,0,1,0,1,1,1,1,1,1,1
_____________________________________________________
_____________________________________________________
20,0,0.0000,
0,7,1,0,0,1,0,1,1,1,1,1,1,1
1,6,1,0,0,1,1,1,1,1,1,1,1,1
_____________________________________________________
_____________________________________________________
21,11,0.0000,
1,6,1,0,0,1,1,1,1,1,1,1,1,1
0,7,1,0,0,1,1,1,0,1,1,1,0,1
_____________________________________________________
_____________________________________________________
22,0,0.0000,
0,7,1,0,0,1,1,1,0,1,1,1,0,1
1,6,1,0,0,1,1,1,1,1,1,1,1,1
_____________________________________________________
_____________________________________________________
23,5,0.0000,
1,6,1,0,0,1,1,1,1,1,1,1,1,1
1,6,1,1,1,1,0,1,1,1,1,1,1,1
_____________________________________________________
_____________________________________________________
24,2,0.0000,
1,6,1,1,1,1,0,1,1,1,1,1,1,1
1,6,1,0,0,1,1,1,1,1,1,1,1,1
_____________________________________________________
_____________________________________________________
25,11,0.0000,
1,6,1,0,0,1,1,1,1,1,1,1,1,1
1,6,1,0,0,1,1,1,0,1,1,1,0,1
_____________________________________________________
_____________________________________________________
26,5,0.0000,
1,6,1,0,0,1,1,1,0,1,1,1,0,1
1,6,1,0,0,1,1,1,0,1,1,1,0,1
_____________________________________________________
_____________________________________________________
27,5,0.0000,
1,6,1,0,0,1,1,1,0,1,1,1,0,1
0,7,1,1,1,1,0,1,1,0,1,1,0,1
_____________________________________________________
_____________________________________________________
28,0,0.0000,
0,7,1,1,1,1,0,1,1,0,1,1,0,1
1,6,1,1,1,1,0,1,1,0,1,1,0,1
_____________________________________________________
_____________________________________________________
29,7,0.0000,
1,6,1,1,1,1,0,1,1,0,1,1,0,1
0,7,1,1,1,1,0,1,0,0,1,1,0,1
_____________________________________________________
_____________________________________________________
30,0,0.0000,
0,7,1,1,1,1,0,1,0,0,1,1,0,1
0,7,1,1,1,1,1,1,0,0,1,1,0,1
_____________________________________________________
_____________________________________________________
31,0,0.0000,
0,7,1,1,1,1,1,1,0,0,1,1,0,1
1,6,1,1,1,1,1,1,0,1,1,1,0,1
_____________________________________________________
_____________________________________________________
32,5,0.0000,
1,6,1,1,1,1,1,1,0,1,1,1,0,1
0,7,1,1,1,1,0,1,0,1,1,1,0,1
_____________________________________________________
_____________________________________________________
33,0,0.0000,
0,7,1,1,1,1,0,1,0,1,1,1,0,1
1,6,1,1,1,1,0,1,0,1,1,1,0,1
_____________________________________________________
_____________________________________________________
34,2,0.0000,
1,6,1,1,1,1,0,1,0,1,1,1,0,1
0,7,1,0,1,1,0,1,0,1,1,1,0,1
_____________________________________________________
_____________________________________________________
35,0,0.0000,
0,7,1,0,1,1,0,1,0,1,1,1,0,1
1,6,1,0,1,1,0,1,0,1,1,1,0,1
_____________________________________________________
_____________________________________________________
36,6,0.0000,
1,6,1,0,1,1,0,1,0,1,1,1,0,1
1,6,1,0,1,1,0,0,0,1,1,1,0,1
_____________________________________________________
_____________________________________________________
37,12,0.0000,
1,6,1,0,1,1,0,0,0,1,1,1,0,1
1,6,0,0,1,1,0,0,0,1,1,1,0,0
_____________________________________________________
_____________________________________________________
38,9,0.0000,
1,6,0,0,1,1,0,0,0,1,1,1,0,0
0,7,0,0,0,1,1,0,0,1,0,0,0,0
_____________________________________________________
_____________________________________________________
39,0,0.0000,
0,7,0,0,0,1,1,0,0,1,0,0,0,0
1,6,0,0,0,1,1,0,0,1,0,0,0,0
_____________________________________________________
_____________________________________________________
40,5,0.0000,
1,6,0,0,0,1,1,0,0,1,0,0,0,0
1,6,0,1,0,1,0,0,1,1,0,0,0,0
_____________________________________________________
_____________________________________________________
41,7,0.0000,
1,6,0,1,0,1,0,0,1,1,0,0,0,0
1,6,1,0,0,0,0,0,0,0,0,0,1,0
_____________________________________________________
_____________________________________________________
42,11,0.0000,
1,6,1,0,0,0,0,0,0,0,0,0,1,0
1,6,1,0,0,0,0,0,0,0,0,0,0,0
_____________________________________________________
_____________________________________________________
43,1,0.0000,
1,6,1,0,0,0,0,0,0,0,0,0,0,0
1,6,1,0,0,0,0,0,0,0,0,0,0,0
_____________________________________________________
_____________________________________________________
44,1,0.0000,
1,6,1,0,0,0,0,0,0,0,0,0,0,0
0,7,0,0,0,0,0,0,0,1,1,0,0,0
_____________________________________________________
_____________________________________________________
45,0,0.0000,
0,7,0,0,0,0,0,0,0,1,1,0,0,0
0,7,0,0,0,0,1,1,1,1,1,0,0,0
_____________________________________________________
_____________________________________________________
46,0,0.0000,
0,7,0,0,0,0,1,1,1,1,1,0,0,0
0,7,0,0,0,0,1,1,1,1,1,0,0,0
_____________________________________________________
_____________________________________________________
47,0,0.0000,
0,7,0,0,0,0,1,1,1,1,1,0,0,0
1,6,0,0,0,0,1,1,1,1,1,0,0,0
_____________________________________________________
_____________________________________________________
48,5,0.0000,
1,6,0,0,0,0,1,1,1,1,1,0,0,0
0,7,0,0,0,0,0,1,0,1,1,0,0,0
_____________________________________________________
_____________________________________________________
49,0,0.0000,
0,7,0,0,0,0,0,1,0,1,1,0,0,0
1,6,0,0,0,0,0,1,0,1,1,0,1,0
_____________________________________________________
_____________________________________________________
50,11,0.0000,
1,6,0,0,0,0,0,1,0,1,1,0,1,0
0,7,1,0,0,0,0,1,0,1,1,0,0,0
_____________________________________________________
_____________________________________________________
51,0,0.0000,
0,7,1,0,0,0,0,1,0,1,1,0,0,0
0,7,1,0,0,0,0,1,0,1,1,0,0,0
_____________________________________________________
_____________________________________________________
52,0,0.0000,
0,7,1,0,0,0,0,1,0,1,1,0,0,0
0,7,1,0,0,0,1,1,1,1,1,0,0,0
_____________________________________________________
_____________________________________________________
53,0,0.0000,
0,7,1,0,0,0,1,1,1,1,1,0,0,0
0,7,1,0,0,0,1,1,1,1,1,0,0,0
_____________________________________________________
_____________________________________________________
54,0,0.0000,
0,7,1,0,0,0,1,1,1,1,1,0,0,0
0,7,1,0,0,0,1,1,1,1,1,0,0,0
_____________________________________________________
_____________________________________________________
55,0,0.0000,
0,7,1,0,0,0,1,1,1,1,1,0,0,0
0,7,0,1,0,0,0,0,0,1,1,0,0,1
_____________________________________________________
_____________________________________________________
56,0,0.0000,
0,7,0,1,0,0,0,0,0,1,1,0,0,1
0,7,0,1,0,0,0,0,0,1,1,0,1,1
_____________________________________________________
_____________________________________________________
57,0,0.0000,
0,7,0,1,0,0,0,0,0,1,1,0,1,1
0,7,0,1,0,0,0,0,0,1,1,0,1,1
_____________________________________________________
_____________________________________________________
58,0,0.0000,
0,7,0,1,0,0,0,0,0,1,1,0,1,1
1,6,0,1,0,0,0,0,0,1,1,0,1,1
_____________________________________________________
_____________________________________________________
59,11,0.0000,
1,6,0,1,0,0,0,0,0,1,1,0,1,1
0,7,0,1,0,0,0,0,0,1,1,1,0,0
_____________________________________________________
_____________________________________________________
60,0,0.0000,
0,7,0,1,0,0,0,0,0,1,1,1,0,0
0,7,1,1,0,1,1,1,1,1,1,1,0,0
_____________________________________________________
_____________________________________________________
61,0,0.0000,
0,7,1,1,0,1,1,1,1,1,1,1,0,0
0,7,1,1,0,1,1,1,1,1,1,1,0,0
_____________________________________________________
_____________________________________________________
62,0,0.0000,
0,7,1,1,0,1,1,1,1,1,1,1,0,0
1,6,1,1,0,1,1,1,1,1,1,1,0,0
_____________________________________________________
_____________________________________________________
63,5,0.0000,
1,6,1,1,0,1,1,1,1,1,1,1,0,0
1,6,0,1,0,0,0,0,0,1,1,0,0,0
_____________________________________________________
_____________________________________________________
64,9,0.0000,
1,6,0,1,0,0,0,0,0,1,1,0,0,0
0,7,0,1,1,0,0,0,0,1,0,0,0,0
_____________________________________________________
_____________________________________________________
65,0,0.0000,
0,7,0,1,1,0,0,0,0,1,0,0,0,0
1,6,0,1,1,0,0,0,0,1,0,0,0,0
_____________________________________________________
_____________________________________________________
66,2,0.0000,
1,6,0,1,1,0,0,0,0,1,0,0,0,0
1,6,0,0,1,0,0,0,0,1,0,0,0,0
_____________________________________________________
_____________________________________________________
67,8,0.0000,
1,6,0,0,1,0,0,0,0,1,0,0,0,0
0,7,0,0,1,0,0,0,0,0,0,0,0,0
_____________________________________________________
_____________________________________________________
68,0,0.0000,
0,7,0,0,1,0,0,0,0,0,0,0,0,0
0,7,0,0,1,0,0,0,0,0,0,0,0,0
_____________________________________________________
_____________________________________________________
69,0,0.0000,
0,7,0,0,1,0,0,0,0,0,0,0,0,0
0,7,1,0,0,0,0,0,0,1,1,1,0,0
_____________________________________________________
_____________________________________________________
70,0,0.0000,
0,7,1,0,0,0,0,0,0,1,1,1,0,0
0,7,1,0,0,0,1,0,1,1,1,1,0,1
_____________________________________________________
_____________________________________________________
71,0,0.0000,
0,7,1,0,0,0,1,0,1,1,1,1,0,1
0,7,1,0,0,0,1,0,1,1,1,1,0,1
_____________________________________________________
_____________________________________________________
72,0,0.0000,
0,7,1,0,0,0,1,0,1,1,1,1,0,1
1,6,1,1,1,0,1,1,1,1,1,1,0,1
_____________________________________________________
_____________________________________________________
73,5,0.0000,
1,6,1,1,1,0,1,1,1,1,1,1,0,1
0,7,1,1,1,0,0,1,1,1,1,1,0,1
_____________________________________________________
_____________________________________________________
74,0,0.0000,
0,7,1,1,1,0,0,1,1,1,1,1,0,1
1,6,1,1,1,0,0,1,1,1,1,1,0,1
_____________________________________________________
_____________________________________________________
75,2,0.0000,
1,6,1,1,1,0,0,1,1,1,1,1,0,1
0,7,1,0,0,0,0,0,1,1,1,1,0,1
_____________________________________________________
_____________________________________________________
76,0,0.0000,
0,7,1,0,0,0,0,0,1,1,1,1,0,1
1,6,1,0,0,0,0,0,1,1,1,1,0,1
_____________________________________________________
_____________________________________________________
77,12,0.0000,
1,6,1,0,0,0,0,0,1,1,1,1,0,1
0,7,1,0,1,0,0,1,1,1,1,1,0,0
_____________________________________________________
_____________________________________________________
78,0,0.0000,
0,7,1,0,1,0,0,1,1,1,1,1,0,0
0,7,1,1,1,0,0,1,1,1,1,1,0,0
_____________________________________________________
_____________________________________________________
79,0,0.0000,
0,7,1,1,1,0,0,1,1,1,1,1,0,0
0,7,1,1,1,0,0,1,1,1,1,1,0,0
_____________________________________________________
_____________________________________________________
80,0,0.0000,
0,7,1,1,1,0,0,1,1,1,1,1,0,0
1,6,1,1,1,0,0,1,1,1,1,1,0,0
_____________________________________________________
_____________________________________________________
81,2,0.0000,
1,6,1,1,1,0,0,1,1,1,1,1,0,0
0,7,1,0,0,0,0,0,1,1,1,1,0,0
_____________________________________________________
_____________________________________________________
82,0,0.0000,
0,7,1,0,0,0,0,0,1,1,1,1,0,0
0,7,1,0,0,0,0,0,1,1,1,1,0,1
_____________________________________________________
_____________________________________________________
83,0,0.0000,
0,7,1,0,0,0,0,0,1,1,1,1,0,1
1,6,1,0,0,1,1,1,0,1,0,0,0,1
_____________________________________________________
_____________________________________________________
84,5,0.0000,
1,6,1,0,0,1,1,1,0,1,0,0,0,1
0,7,0,0,1,0,0,1,1,1,0,0,1,1
_____________________________________________________
_____________________________________________________
85,0,0.0000,
0,7,0,0,1,0,0,1,1,1,0,0,1,1
1,6,1,0,1,1,1,1,1,1,0,1,1,1
_____________________________________________________
_____________________________________________________
86,5,0.0000,
1,6,1,0,1,1,1,1,1,1,0,1,1,1
0,7,1,0,1,1,1,1,1,1,0,1,1,1
_____________________________________________________
_____________________________________________________
87,0,0.0000,
0,7,1,0,1,1,1,1,1,1,0,1,1,1
0,7,1,0,1,1,1,1,1,1,0,1,1,1
_____________________________________________________
_____________________________________________________
88,0,0.0000,
0,7,1,0,1,1,1,1,1,1,0,1,1,1
0,7,1,0,1,1,1,1,1,1,0,1,1,1
_____________________________________________________
_____________________________________________________
89,0,0.0000,
0,7,1,0,1,1,1,1,1,1,0,1,1,1
0,7,1,0,1,1,1,1,1,1,0,1,1,1
_____________________________________________________
_____________________________________________________
90,0,0.0000,
0,7,1,0,1,1,1,1,1,1,0,1,1,1
1,6,1,0,1,1,1,1,1,1,0,1,1,1
_____________________________________________________
_____________________________________________________
91,11,0.0000,
1,6,1,0,1,1,1,1,1,1,0,1,1,1
0,7,1,0,0,1,1,1,0,1,0,1,0,1
_____________________________________________________
_____________________________________________________
92,0,0.0000,
0,7,1,0,0,1,1,1,0,1,0,1,0,1
1,6,1,0,0,1,1,1,0,1,0,1,0,1
_____________________________________________________
_____________________________________________________
93,5,0.0000,
1,6,1,0,0,1,1,1,0,1,0,1,0,1
1,6,0,0,0,0,0,0,0,1,0,1,0,1
_____________________________________________________
_____________________________________________________
94,12,0.0000,
1,6,0,0,0,0,0,0,0,1,0,1,0,1
1,6,1,0,0,1,1,1,0,0,0,1,0,0
_____________________________________________________
_____________________________________________________
95,5,0.0000,
1,6,1,0,0,1,1,1,0,0,0,1,0,0
1,6,1,0,0,1,1,1,0,0,0,1,0,0
_____________________________________________________
_____________________________________________________
96,5,0.0000,
1,6,1,0,0,1,1,1,0,0,0,1,0,0
0,7,0,0,0,1,1,1,0,0,0,1,0,0
_____________________________________________________
_____________________________________________________
97,0,0.0000,
0,7,0,0,0,1,1,1,0,0,0,1,0,0
0,7,1,0,1,1,0,1,1,1,0,0,0,1
_____________________________________________________
_____________________________________________________
98,0,0.0000,
0,7,1,0,1,1,0,1,1,1,0,0,0,1
0,7,1,0,1,1,0,1,1,1,0,0,0,1
_____________________________________________________
_____________________________________________________
99,0,0.0000,
0,7,1,0,1,1,0,1,1,1,0,0,0,1
0,7,1,0,1,1,0,1,1,1,0,0,1,1
_____________________________________________________
_____________________________________________________
100,0,0.0000,
0,7,1,0,1,1,0,1,1,1,0,0,1,1
0,7,1,1,1,1,0,1,1,1,0,0,1,1
_____________________________________________________
_____________________________________________________
101,0,0.0000,
0,7,1,1,1,1,0,1,1,1,0,0,1,1
0,7,1,1,1,1,0,1,1,1,0,0,1,1
_____________________________________________________
_____________________________________________________
102,0,0.0000,
0,7,1,1,1,1,0,1,1,1,0,0,1,1
0,7,1,1,1,1,0,1,1,1,0,1,1,1
_____________________________________________________
_____________________________________________________
103,0,0.0000,
0,7,1,1,1,1,0,1,1,1,0,1,1,1
1,6,1,1,1,1,0,1,1,1,1,1,1,1
_____________________________________________________
_____________________________________________________
104,2,0.0000,
1,6,1,1,1,1,0,1,1,1,1,1,1,1
1,6,1,0,1,1,0,1,1,1,1,1,1,1
_____________________________________________________
_____________________________________________________
105,11,0.0000,
1,6,1,0,1,1,0,1,1,1,1,1,1,1
0,7,1,0,1,1,0,1,1,1,1,1,0,1
_____________________________________________________
_____________________________________________________
106,0,0.0000,
0,7,1,0,1,1,0,1,1,1,1,1,0,1
0,7,1,0,1,1,0,1,1,1,1,1,0,1
_____________________________________________________
_____________________________________________________
107,0,0.0000,
0,7,1,0,1,1,0,1,1,1,1,1,0,1
0,7,1,0,1,1,0,1,1,1,1,1,0,1
_____________________________________________________
_____________________________________________________
108,0,0.0000,
0,7,1,0,1,1,0,1,1,1,1,1,0,1
1,6,1,0,1,1,0,1,1,1,1,1,0,1
_____________________________________________________
_____________________________________________________
109,7,0.0000,
1,6,1,0,1,1,0,1,1,1,1,1,0,1
0,7,0,0,0,1,0,1,0,0,1,1,0,1
_____________________________________________________
_____________________________________________________
110,0,0.0000,
0,7,0,0,0,1,0,1,0,0,1,1,0,1
1,6,0,0,0,1,0,1,1,1,1,1,0,1
_____________________________________________________
_____________________________________________________
111,7,0.0000,
1,6,0,0,0,1,0,1,1,1,1,1,0,1
0,7,1,1,0,1,1,0,0,0,0,1,0,0
_____________________________________________________
_____________________________________________________
112,0,0.0000,
0,7,1,1,0,1,1,0,0,0,0,1,0,0
0,7,1,1,0,1,1,0,1,0,0,1,0,0
_____________________________________________________
_____________________________________________________
113,0,0.0000,
0,7,1,1,0,1,1,0,1,0,0,1,0,0
1,6,1,1,1,1,1,0,1,0,0,1,0,0
_____________________________________________________
_____________________________________________________
114,5,0.0000,
1,6,1,1,1,1,1,0,1,0,0,1,0,0
1,6,1,1,1,1,0,1,1,0,0,1,0,1
_____________________________________________________
_____________________________________________________
115,7,0.0000,
1,6,1,1,1,1,0,1,1,0,0,1,0,1
0,7,1,1,0,1,0,1,0,0,0,1,0,1
_____________________________________________________
_____________________________________________________
116,0,0.0000,
0,7,1,1,0,1,0,1,0,0,0,1,0,1
0,7,1,1,0,1,0,1,0,0,0,1,0,1
_____________________________________________________
_____________________________________________________
117,0,0.0000,
0,7,1,1,0,1,0,1,0,0,0,1,0,1
0,7,1,1,0,1,0,1,0,0,0,1,0,1
_____________________________________________________
_____________________________________________________
118,0,0.0000,
0,7,1,1,0,1,0,1,0,0,0,1,0,1
1,6,1,1,0,1,0,1,0,0,0,1,0,1
_____________________________________________________
_____________________________________________________
119,6,0.0000,
1,6,1,1,0,1,0,1,0,0,0,1,0,1
1,6,1,1,0,1,0,0,0,0,0,1,0,0
_____________________________________________________
_____________________________________________________
120,2,0.0000,
1,6,1,1,0,1,0,0,0,0,0,1,0,0
1,6,1,1,0,1,1,0,0,0,0,1,0,0
_____________________________________________________
_____________________________________________________
121,5,0.0000,
1,6,1,1,0,1,1,0,0,0,0,1,0,0
0,7,1,1,0,1,0,0,0,0,0,1,0,0
_____________________________________________________
_____________________________________________________
122,0,0.0000,
0,7,1,1,0,1,0,0,0,0,0,1,0,0
0,7,1,1,0,1,0,0,0,0,0,1,0,0
_____________________________________________________
_____________________________________________________
123,0,0.0000,
0,7,1,1,0,1,0,0,0,0,0,1,0,0
1,6,1,1,0,1,0,0,1,1,0,1,0,0
_____________________________________________________
_____________________________________________________
124,7,0.0000,
1,6,1,1,0,1,0,0,1,1,0,1,0,0
1,6,1,1,0,1,1,0,0,1,0,1,0,0
_____________________________________________________
_____________________________________________________
125,5,0.0000,
1,6,1,1,0,1,1,0,0,1,0,1,0,0
0,7,0,0,0,0,1,1,1,0,0,1,0,1
_____________________________________________________
_____________________________________________________
126,0,0.0000,
0,7,0,0,0,0,1,1,1,0,0,1,0,1
0,7,0,0,0,0,1,1,1,0,0,1,0,1
_____________________________________________________
_____________________________________________________
127,0,0.0000,
0,7,0,0,0,0,1,1,1,0,0,1,0,1
0,7,0,0,0,0,1,1,1,0,0,1,0,1
_____________________________________________________
_____________________________________________________
128,0,0.0000,
0,7,0,0,0,0,1,1,1,0,0,1,0,1
1,6,0,0,0,0,1,1,1,0,0,1,1,1
_____________________________________________________
_____________________________________________________
129,11,0.0000,
1,6,0,0,0,0,1,1,1,0,0,1,1,1
0,7,0,0,0,0,1,1,1,0,0,1,0,1
_____________________________________________________
_____________________________________________________
130,0,0.0000,
0,7,0,0,0,0,1,1,1,0,0,1,0,1
1,6,0,0,0,0,1,1,1,0,0,1,0,1
_____________________________________________________
_____________________________________________________
131,5,0.0000,
1,6,0,0,0,0,1,1,1,0,0,1,0,1
1,6,0,0,0,0,0,1,1,0,0,1,0,1
_____________________________________________________
_____________________________________________________
132,7,0.0000,
1,6,0,0,0,0,0,1,1,0,0,1,0,1
0,7,0,0,0,0,1,1,1,0,0,1,0,1
_____________________________________________________
_____________________________________________________
133,0,0.0000,
0,7,0,0,0,0,1,1,1,0,0,1,0,1
0,7,0,0,1,0,1,1,1,0,0,1,0,1
_____________________________________________________
_____________________________________________________
134,0,0.0000,
0,7,0,0,1,0,1,1,1,0,0,1,0,1
0,7,0,0,1,0,1,1,1,0,0,1,0,1
_____________________________________________________
_____________________________________________________
135,0,0.0000,
0,7,0,0,1,0,1,1,1,0,0,1,0,1
0,7,0,0,1,0,1,1,1,0,0,1,0,1
_____________________________________________________
_____________________________________________________
136,0,0.0000,
0,7,0,0,1,0,1,1,1,0,0,1,0,1
0,7,0,0,1,0,1,1,1,0,0,1,0,1
_____________________________________________________
_____________________________________________________
137,0,0.0000,
0,7,0,0,1,0,1,1,1,0,0,1,0,1
0,7,0,0,1,0,1,1,1,0,0,1,0,1
_____________________________________________________
_____________________________________________________
138,0,0.0000,
0,7,0,0,1,0,1,1,1,0,0,1,0,1
1,6,0,0,1,0,1,1,1,0,0,1,0,1
_____________________________________________________
_____________________________________________________
139,5,0.0000,
1,6,0,0,1,0,1,1,1,0,0,1,0,1
0,6,0,0,0,0,0,0,0,0,0,0,0,0
_____________________________________________________
