_____________________________________________________
0,5,0.0000,
2,5,0,1,1,1,1,1,1,1,1,1,1,0
2,5,0,1,1,0,0,1,1,1,1,1,1,0
_____________________________________________________
_____________________________________________________
1,11,0.0000,
2,5,0,1,1,0,0,1,1,1,1,1,1,0
1,5,0,1,1,0,0,1,1,1,1,1,0,0
_____________________________________________________
_____________________________________________________
2,7,0.0000,
1,5,0,1,1,0,0,1,1,1,1,1,0,0
1,6,0,1,1,0,0,1,0,1,1,1,0,0
_____________________________________________________
_____________________________________________________
3,6,0.0000,
1,6,0,1,1,0,0,1,0,1,1,1,0,0
1,6,0,1,1,0,0,0,0,1,1,1,0,0
_____________________________________________________
_____________________________________________________
4,2,0.0000,
1,6,0,1,1,0,0,0,0,1,1,1,0,0
1,6,1,0,1,0,0,0,0,1,0,1,0,0
_____________________________________________________
_____________________________________________________
5,10,0.0000,
1,6,1,0,1,0,0,0,0,1,0,1,0,0
1,6,1,0,1,0,0,0,0,1,0,1,1,0
_____________________________________________________
_____________________________________________________
6,11,0.0000,
1,6,1,0,1,0,0,0,0,1,0,1,1,0
0,7,1,0,1,0,0,0,0,1,0,1,0,0
_____________________________________________________
_____________________________________________________
7,0,0.0000,
0,7,1,0,1,0,0,0,0,1,0,1,0,0
1,6,1,0,1,0,0,0,0,1,0,1,0,0
_____________________________________________________
_____________________________________________________
8,1,0.0000,
1,6,1,0,1,0,0,0,0,1,0,1,0,0
1,6,0,0,1,0,0,0,0,1,0,1,0,0
_____________________________________________________
_____________________________________________________
9,10,0.0000,
1,6,0,0,1,0,0,0,0,1,0,1,0,0
1,6,0,0,1,0,0,0,0,1,0,0,0,0
_____________________________________________________
_____________________________________________________
10,8,0.0000,
1,6,0,0,1,0,0,0,0,1,0,0,0,0
1,6,0,0,1,0,0,0,0,0,0,0,0,0
_____________________________________________________
_____________________________________________________
11,3,0.0000,
1,6,0,0,1,0,0,0,0,0,0,0,0,0
1,6,0,0,0,0,0,1,0,0,0,0,0,0
_____________________________________________________
_____________________________________________________
12,6,0.0000,
1,6,0,0,0,0,0,1,0,0,0,0,0,0
0,7,0,0,0,0,0,0,0,0,0,0,0,0
_____________________________________________________
_____________________________________________________
13,0,0.0000,
0,7,0,0,0,0,0,0,0,0,0,0,0,0
0,7,0,0,0,0,0,0,0,0,0,0,0,0
_____________________________________________________
_____________________________________________________
14,0,0.0000,
0,7,0,0,0,0,0,0,0,0,0,0,0,0
1,6,0,0,0,0,0,0,0,0,0,0,0,0
_____________________________________________________
_____________________________________________________
15,0,0.0000,
1,6,0,0,0,0,0,0,0,0,0,0,0,0
2,5,0,1,0,1,0,0,0,0,0,0,0,0
_____________________________________________________
_____________________________________________________
16,2,0.0000,
2,5,0,1,0,1,0,0,0,0,0,0,0,0
2,5,0,0,0,0,0,0,0,0,0,1,1,0
_____________________________________________________
_____________________________________________________
17,11,0.0000,
2,5,0,0,0,0,0,0,0,0,0,1,1,0
2,5,1,0,0,0,0,0,1,0,0,0,0,0
_____________________________________________________
_____________________________________________________
18,7,0.0000,
2,5,1,0,0,0,0,0,1,0,0,0,0,0
2,5,0,0,0,0,0,1,0,0,0,0,0,0
_____________________________________________________
_____________________________________________________
19,6,0.0000,
2,5,0,0,0,0,0,1,0,0,0,0,0,0
2,5,0,0,0,0,0,0,1,0,0,0,0,0
_____________________________________________________
_____________________________________________________
20,7,0.0000,
2,5,0,0,0,0,0,0,1,0,0,0,0,0
1,5,0,0,0,0,0,0,0,0,0,0,0,0
_____________________________________________________
_____________________________________________________
21,0,0.0000,
1,5,0,0,0,0,0,0,0,0,0,0,0,0
2,4,0,0,0,0,0,0,0,0,0,0,0,0
_____________________________________________________
_____________________________________________________
22,9,-1.0000,
2,4,0,0,0,0,0,0,0,0,0,0,0,0
2,5,0,1,0,1,-1,0,0,0,-1,0,0,0
_____________________________________________________
_____________________________________________________
23,9,0.0000,
2,5,0,1,0,1,-1,0,0,0,-1,0,0,0
2,5,1,1,0,1,-1,0,1,0,-1,0,0,1
_____________________________________________________
_____________________________________________________
24,5,0.0000,
2,5,1,1,0,1,-1,0,1,0,-1,0,0,1
2,5,1,1,0,1,-1,0,1,0,0,0,0,1
_____________________________________________________
_____________________________________________________
25,5,0.0000,
2,5,1,1,0,1,-1,0,1,0,0,0,0,1
2,5,1,1,0,1,0,0,1,0,0,0,0,1
_____________________________________________________
_____________________________________________________
26,12,0.0000,
2,5,1,1,0,1,0,0,1,0,0,0,0,1
2,5,1,1,0,1,0,0,1,0,0,0,0,0
_____________________________________________________
_____________________________________________________
27,7,0.0000,
2,5,1,1,0,1,0,0,1,0,0,0,0,0
2,5,0,0,0,0,0,0,0,1,0,0,0,0
_____________________________________________________
_____________________________________________________
28,10,-1.0000,
2,5,0,0,0,0,0,0,0,1,0,0,0,0
1,5,1,0,1,0,0,0,1,1,0,-1,0,0
_____________________________________________________
_____________________________________________________
29,7,0.0000,
1,5,1,0,1,0,0,0,1,1,0,-1,0,0
1,6,0,0,0,0,0,0,0,1,0,-1,0,0
_____________________________________________________
_____________________________________________________
30,10,0.0000,
1,6,0,0,0,0,0,0,0,1,0,-1,0,0
1,6,0,0,0,0,0,0,0,1,0,-1,0,0
_____________________________________________________
_____________________________________________________
31,10,0.0000,
1,6,0,0,0,0,0,0,0,1,0,-1,0,0
0,7,0,0,0,0,0,0,0,1,0,-1,0,0
_____________________________________________________
_____________________________________________________
32,0,0.0000,
0,7,0,0,0,0,0,0,0,1,0,-1,0,0
1,6,0,0,0,0,0,0,0,1,0,-1,0,0
_____________________________________________________
_____________________________________________________
33,10,0.0000,
1,6,0,0,0,0,0,0,0,1,0,-1,0,0
0,7,0,0,0,0,0,0,0,1,0,-1,0,0
_____________________________________________________
_____________________________________________________
34,0,0.0000,
0,7,0,0,0,0,0,0,0,1,0,-1,0,0
1,6,0,0,0,0,0,0,0,1,0,-1,0,0
_____________________________________________________
_____________________________________________________
35,10,0.0000,
1,6,0,0,0,0,0,0,0,1,0,-1,0,0
0,7,0,0,0,0,0,0,0,1,0,-1,0,0
_____________________________________________________
_____________________________________________________
36,0,0.0000,
0,7,0,0,0,0,0,0,0,1,0,-1,0,0
0,7,0,0,0,0,0,0,0,1,0,-1,0,0
_____________________________________________________
_____________________________________________________
37,0,0.0000,
0,7,0,0,0,0,0,0,0,1,0,-1,0,0
1,6,0,0,0,0,0,0,0,1,0,1,0,0
_____________________________________________________
_____________________________________________________
38,8,0.0000,
1,6,0,0,0,0,0,0,0,1,0,1,0,0
1,6,0,0,0,0,0,1,0,0,0,1,0,0
_____________________________________________________
_____________________________________________________
39,6,0.0000,
1,6,0,0,0,0,0,1,0,0,0,1,0,0
0,7,0,0,0,0,0,0,0,0,0,1,0,0
_____________________________________________________
_____________________________________________________
40,0,0.0000,
0,7,0,0,0,0,0,0,0,0,0,1,0,0
1,6,0,0,0,0,0,0,0,0,0,1,0,0
_____________________________________________________
_____________________________________________________
41,10,0.0000,
1,6,0,0,0,0,0,0,0,0,0,1,0,0
0,7,0,0,0,0,0,0,0,0,0,0,0,0
_____________________________________________________
_____________________________________________________
42,0,0.0000,
0,7,0,0,0,0,0,0,0,0,0,0,0,0
0,7,0,0,0,0,0,0,0,0,0,0,0,0
_____________________________________________________
_____________________________________________________
43,0,0.0000,
0,7,0,0,0,0,0,0,0,0,0,0,0,0
1,6,0,0,0,0,0,0,0,0,0,0,0,0
_____________________________________________________
_____________________________________________________
44,0,0.0000,
1,6,0,0,0,0,0,0,0,0,0,0,0,0
2,5,0,0,0,0,0,0,0,0,0,0,0,0
_____________________________________________________
_____________________________________________________
45,9,-1.0000,
2,5,0,0,0,0,0,0,0,0,0,0,0,0
1,5,0,0,0,-1,0,0,0,0,-1,-1,0,0
_____________________________________________________
_____________________________________________________
46,9,0.0000,
1,5,0,0,0,-1,0,0,0,0,-1,-1,0,0
1,6,0,0,0,-1,0,0,0,0,-1,-1,1,0
_____________________________________________________
_____________________________________________________
47,9,0.0000,
1,6,0,0,0,-1,0,0,0,0,-1,-1,1,0
1,6,0,0,0,-1,0,0,1,0,-1,-1,1,0
_____________________________________________________
_____________________________________________________
48,9,0.0000,
1,6,0,0,0,-1,0,0,1,0,-1,-1,1,0
1,6,0,0,0,-1,0,0,1,0,-1,-1,1,0
_____________________________________________________
_____________________________________________________
49,9,0.0000,
1,6,0,0,0,-1,0,0,1,0,-1,-1,1,0
1,6,0,0,0,0,0,0,1,0,0,0,1,0
_____________________________________________________
_____________________________________________________
50,11,0.0000,
1,6,0,0,0,0,0,0,1,0,0,0,1,0
0,7,0,0,0,0,0,0,0,0,0,0,0,0
_____________________________________________________
_____________________________________________________
51,0,0.0000,
0,7,0,0,0,0,0,0,0,0,0,0,0,0
1,6,0,0,0,0,0,0,0,0,0,0,0,0
_____________________________________________________
_____________________________________________________
52,0,0.0000,
1,6,0,0,0,0,0,0,0,0,0,0,0,0
1,5,0,0,0,0,0,0,0,1,0,0,0,0
_____________________________________________________
_____________________________________________________
53,8,0.0000,
1,5,0,0,0,0,0,0,0,1,0,0,0,0
0,7,0,0,0,0,0,0,0,0,0,0,1,0
_____________________________________________________
_____________________________________________________
54,0,0.0000,
0,7,0,0,0,0,0,0,0,0,0,0,1,0
0,7,0,1,0,0,1,0,1,0,0,0,1,0
_____________________________________________________
_____________________________________________________
55,0,0.0000,
0,7,0,1,0,0,1,0,1,0,0,0,1,0
0,7,0,1,0,0,0,0,1,0,1,0,1,0
_____________________________________________________
_____________________________________________________
56,0,0.0000,
0,7,0,1,0,0,0,0,1,0,1,0,1,0
1,6,0,1,0,0,0,1,1,1,1,0,1,1
_____________________________________________________
_____________________________________________________
57,11,0.0000,
1,6,0,1,0,0,0,1,1,1,1,0,1,1
0,7,1,0,0,0,1,1,1,1,0,0,0,1
_____________________________________________________
_____________________________________________________
58,0,0.0000,
0,7,1,0,0,0,1,1,1,1,0,0,0,1
0,7,1,0,0,0,1,1,1,1,0,0,0,1
_____________________________________________________
_____________________________________________________
59,0,0.0000,
0,7,1,0,0,0,1,1,1,1,0,0,0,1
0,7,1,0,0,0,1,0,1,0,1,0,1,0
_____________________________________________________
_____________________________________________________
60,0,0.0000,
0,7,1,0,0,0,1,0,1,0,1,0,1,0
0,7,0,1,0,0,0,0,1,0,1,0,1,0
_____________________________________________________
_____________________________________________________
61,0,0.0000,
0,7,0,1,0,0,0,0,1,0,1,0,1,0
1,6,0,1,0,0,0,0,1,0,1,0,1,0
_____________________________________________________
_____________________________________________________
62,11,0.0000,
1,6,0,1,0,0,0,0,1,0,1,0,1,0
1,6,0,0,0,0,0,0,1,0,0,0,0,0
_____________________________________________________
_____________________________________________________
63,7,0.0000,
1,6,0,0,0,0,0,0,1,0,0,0,0,0
0,7,0,0,0,0,0,1,0,1,0,0,0,1
_____________________________________________________
_____________________________________________________
64,0,0.0000,
0,7,0,0,0,0,0,1,0,1,0,0,0,1
1,6,1,0,0,0,1,1,0,1,0,0,0,1
_____________________________________________________
_____________________________________________________
65,5,0.0000,
1,6,1,0,0,0,1,1,0,1,0,0,0,1
1,6,0,0,0,0,0,0,0,0,0,0,0,0
_____________________________________________________
_____________________________________________________
66,0,0.0000,
1,6,0,0,0,0,0,0,0,0,0,0,0,0
2,5,0,0,0,0,0,0,0,0,0,0,0,0
_____________________________________________________
_____________________________________________________
67,9,-1.0000,
2,5,0,0,0,0,0,0,0,0,0,0,0,0
2,5,0,-1,0,0,0,0,0,0,-1,0,-1,0
_____________________________________________________
_____________________________________________________
68,9,0.0000,
2,5,0,-1,0,0,0,0,0,0,-1,0,-1,0
1,5,0,-1,0,0,0,0,1,0,-1,0,-1,0
_____________________________________________________
_____________________________________________________
69,9,0.0000,
1,5,0,-1,0,0,0,0,1,0,-1,0,-1,0
1,6,1,1,1,1,0,0,0,0,1,0,1,-1
_____________________________________________________
_____________________________________________________
70,9,0.0000,
1,6,1,1,1,1,0,0,0,0,1,0,1,-1
1,6,1,1,0,1,0,0,0,0,0,0,0,-1
_____________________________________________________
_____________________________________________________
71,12,0.0000,
1,6,1,1,0,1,0,0,0,0,0,0,0,-1
0,7,0,0,0,0,1,0,0,0,0,0,0,-1
_____________________________________________________
_____________________________________________________
72,0,0.0000,
0,7,0,0,0,0,1,0,0,0,0,0,0,-1
1,6,0,0,0,0,1,0,0,0,0,0,0,0
_____________________________________________________
_____________________________________________________
73,5,0.0000,
1,6,0,0,0,0,1,0,0,0,0,0,0,0
1,6,0,0,0,0,0,0,0,0,0,0,1,0
_____________________________________________________
_____________________________________________________
74,11,0.0000,
1,6,0,0,0,0,0,0,0,0,0,0,1,0
1,6,0,0,0,0,0,0,0,0,0,0,0,0
_____________________________________________________
_____________________________________________________
75,0,0.0000,
1,6,0,0,0,0,0,0,0,0,0,0,0,0
2,5,0,0,0,0,0,0,0,0,0,0,0,0
_____________________________________________________
_____________________________________________________
76,9,-1.0000,
2,5,0,0,0,0,0,0,0,0,0,0,0,0
1,5,0,0,0,0,0,0,0,0,0,0,0,0
_____________________________________________________
_____________________________________________________
77,0,0.0000,
1,5,0,0,0,0,0,0,0,0,0,0,0,0
1,4,0,0,0,0,0,0,0,0,0,0,0,0
_____________________________________________________
_____________________________________________________
78,0,0.0000,
1,4,0,0,0,0,0,0,0,0,0,0,0,0
1,3,0,0,0,0,0,0,0,0,0,0,0,0
_____________________________________________________
_____________________________________________________
79,0,0.0000,
1,3,0,0,0,0,0,0,0,0,0,0,0,0
2,2,0,0,0,0,0,0,0,0,0,0,0,0
_____________________________________________________
_____________________________________________________
80,9,-1.0000,
2,2,0,0,0,0,0,0,0,0,0,0,0,0
1,5,0,0,-1,1,0,0,0,0,-1,0,-1,1
_____________________________________________________
_____________________________________________________
81,9,0.0000,
1,5,0,0,-1,1,0,0,0,0,-1,0,-1,1
1,6,1,1,-1,1,0,0,0,0,-1,0,-1,1
_____________________________________________________
_____________________________________________________
82,9,0.0000,
1,6,1,1,-1,1,0,0,0,0,-1,0,-1,1
1,6,1,0,-1,0,0,0,0,0,-1,0,-1,1
_____________________________________________________
_____________________________________________________
83,9,0.0000,
1,6,1,0,-1,0,0,0,0,0,-1,0,-1,1
1,6,0,0,1,-1,0,0,0,0,0,0,-1,0
_____________________________________________________
_____________________________________________________
84,11,0.0000,
1,6,0,0,1,-1,0,0,0,0,0,0,-1,0
0,7,1,1,1,-1,0,0,0,0,0,0,0,0
_____________________________________________________
_____________________________________________________
85,0,0.0000,
0,7,1,1,1,-1,0,0,0,0,0,0,0,0
0,7,1,1,1,0,0,0,0,0,0,0,0,0
_____________________________________________________
_____________________________________________________
86,0,0.0000,
0,7,1,1,1,0,0,0,0,0,0,0,0,0
1,6,1,1,1,0,0,0,0,0,0,0,1,0
_____________________________________________________
_____________________________________________________
87,11,0.0000,
1,6,1,1,1,0,0,0,0,0,0,0,1,0
0,7,1,1,1,0,0,0,0,0,0,0,0,0
_____________________________________________________
_____________________________________________________
88,0,0.0000,
0,7,1,1,1,0,0,0,0,0,0,0,0,0
0,7,1,1,1,0,0,0,0,0,0,0,0,0
_____________________________________________________
_____________________________________________________
89,0,0.0000,
0,7,1,1,1,0,0,0,0,0,0,0,0,0
0,7,1,1,1,0,0,0,0,0,0,0,0,0
_____________________________________________________
_____________________________________________________
90,0,0.0000,
0,7,1,1,1,0,0,0,0,0,0,0,0,0
0,7,1,1,1,0,0,0,0,0,0,0,0,0
_____________________________________________________
_____________________________________________________
91,0,0.0000,
0,7,1,1,1,0,0,0,0,0,0,0,0,0
1,6,1,1,1,0,0,0,0,0,0,0,0,0
_____________________________________________________
_____________________________________________________
92,2,0.0000,
1,6,1,1,1,0,0,0,0,0,0,0,0,0
1,6,0,0,1,0,0,0,0,0,0,0,0,0
_____________________________________________________
_____________________________________________________
93,3,0.0000,
1,6,0,0,1,0,0,0,0,0,0,0,0,0
0,7,0,0,0,0,0,0,0,0,0,0,0,0
_____________________________________________________
_____________________________________________________
94,0,0.0000,
0,7,0,0,0,0,0,0,0,0,0,0,0,0
1,6,0,0,0,0,0,0,0,0,0,0,0,0
_____________________________________________________
_____________________________________________________
95,0,0.0000,
1,6,0,0,0,0,0,0,0,0,0,0,0,0
1,5,0,0,0,0,0,0,0,0,0,0,0,0
_____________________________________________________
_____________________________________________________
96,0,0.0000,
1,5,0,0,0,0,0,0,0,0,0,0,0,0
1,4,0,0,0,0,0,0,0,0,0,0,0,0
_____________________________________________________
_____________________________________________________
97,0,0.0000,
1,4,0,0,0,0,0,0,0,0,0,0,0,0
2,3,0,0,0,0,0,0,0,0,0,0,0,0
_____________________________________________________
_____________________________________________________
98,9,-1.0000,
2,3,0,0,0,0,0,0,0,0,0,0,0,0
1,5,0,0,0,0,-1,0,0,0,-1,0,0,0
_____________________________________________________
_____________________________________________________
99,9,0.0000,
1,5,0,0,0,0,-1,0,0,0,-1,0,0,0
1,6,0,0,0,0,-1,0,0,0,-1,0,0,0
_____________________________________________________
_____________________________________________________
100,9,0.0000,
1,6,0,0,0,0,-1,0,0,0,-1,0,0,0
0,7,0,0,1,0,-1,0,0,0,-1,0,0,0
_____________________________________________________
_____________________________________________________
101,0,0.0000,
0,7,0,0,1,0,-1,0,0,0,-1,0,0,0
0,7,0,0,1,0,-1,0,0,0,-1,0,0,1
_____________________________________________________
_____________________________________________________
102,0,0.0000,
0,7,0,0,1,0,-1,0,0,0,-1,0,0,1
1,6,0,0,1,0,-1,0,0,0,-1,0,0,1
_____________________________________________________
_____________________________________________________
103,5,0.0000,
1,6,0,0,1,0,-1,0,0,0,-1,0,0,1
0,7,0,0,1,0,-1,0,0,0,-1,0,0,1
_____________________________________________________
_____________________________________________________
104,0,0.0000,
0,7,0,0,1,0,-1,0,0,0,-1,0,0,1
1,6,0,0,1,0,0,0,0,0,0,0,0,1
_____________________________________________________
_____________________________________________________
105,12,0.0000,
1,6,0,0,1,0,0,0,0,0,0,0,0,1
1,6,0,0,1,0,0,0,0,0,0,0,0,0
_____________________________________________________
_____________________________________________________
106,3,0.0000,
1,6,0,0,1,0,0,0,0,0,0,0,0,0
1,6,0,0,0,0,0,0,0,0,0,0,0,0
_____________________________________________________
_____________________________________________________
107,0,0.0000,
1,6,0,0,0,0,0,0,0,0,0,0,0,0
2,5,0,0,0,0,0,0,0,0,0,0,0,0
_____________________________________________________
_____________________________________________________
108,9,-1.0000,
2,5,0,0,0,0,0,0,0,0,0,0,0,0
1,5,0,0,0,0,-1,0,0,0,0,1,0,1
_____________________________________________________
_____________________________________________________
109,5,0.0000,
1,5,0,0,0,0,-1,0,0,0,0,1,0,1
1,6,1,0,0,1,0,0,0,0,0,1,0,1
_____________________________________________________
_____________________________________________________
110,12,0.0000,
1,6,1,0,0,1,0,0,0,0,0,1,0,1
0,7,1,0,0,1,0,0,0,0,0,1,0,0
_____________________________________________________
_____________________________________________________
111,0,0.0000,
0,7,1,0,0,1,0,0,0,0,0,1,0,0
0,7,0,0,0,0,0,0,0,0,0,0,0,0
_____________________________________________________
_____________________________________________________
112,0,0.0000,
0,7,0,0,0,0,0,0,0,0,0,0,0,0
0,7,0,0,0,0,0,0,0,0,0,0,0,0
_____________________________________________________
_____________________________________________________
113,0,0.0000,
0,7,0,0,0,0,0,0,0,0,0,0,0,0
0,7,0,0,0,0,1,1,0,0,0,0,1,1
_____________________________________________________
_____________________________________________________
114,0,0.0000,
0,7,0,0,0,0,1,1,0,0,0,0,1,1
0,7,0,0,0,0,1,1,0,0,0,0,1,1
_____________________________________________________
_____________________________________________________
115,0,0.0000,
0,7,0,0,0,0,1,1,0,0,0,0,1,1
1,6,0,1,0,0,1,1,0,0,0,0,1,1
_____________________________________________________
_____________________________________________________
116,11,0.0000,
1,6,0,1,0,0,1,1,0,0,0,0,1,1
0,7,0,1,0,0,0,0,0,0,0,0,0,0
_____________________________________________________
_____________________________________________________
117,0,0.0000,
0,7,0,1,0,0,0,0,0,0,0,0,0,0
0,7,0,1,0,0,0,0,0,0,0,0,0,0
_____________________________________________________
_____________________________________________________
118,0,0.0000,
0,7,0,1,0,0,0,0,0,0,0,0,0,0
0,7,0,1,0,0,0,0,0,0,0,0,1,1
_____________________________________________________
_____________________________________________________
119,0,0.0000,
0,7,0,1,0,0,0,0,0,0,0,0,1,1
1,6,0,1,0,0,1,1,0,0,0,0,1,1
_____________________________________________________
_____________________________________________________
120,11,0.0000,
1,6,0,1,0,0,1,1,0,0,0,0,1,1
0,7,0,1,0,0,0,0,0,0,0,0,0,0
_____________________________________________________
_____________________________________________________
121,0,0.0000,
0,7,0,1,0,0,0,0,0,0,0,0,0,0
0,7,0,1,0,1,0,0,0,0,0,0,0,0
_____________________________________________________
_____________________________________________________
122,0,0.0000,
0,7,0,1,0,1,0,0,0,0,0,0,0,0
0,7,1,1,1,1,0,0,0,1,0,0,0,0
_____________________________________________________
_____________________________________________________
123,0,0.0000,
0,7,1,1,1,1,0,0,0,1,0,0,0,0
1,6,1,1,1,1,0,0,0,1,0,0,0,0
_____________________________________________________
_____________________________________________________
124,2,0.0000,
1,6,1,1,1,1,0,0,0,1,0,0,0,0
0,7,1,0,1,1,0,0,0,1,0,0,0,0
_____________________________________________________
_____________________________________________________
125,0,0.0000,
0,7,1,0,1,1,0,0,0,1,0,0,0,0
1,6,1,0,0,0,0,0,0,1,1,0,0,1
_____________________________________________________
_____________________________________________________
126,12,0.0000,
1,6,1,0,0,0,0,0,0,1,1,0,0,1
0,7,1,0,0,0,0,0,0,0,1,0,0,0
_____________________________________________________
_____________________________________________________
127,0,0.0000,
0,7,1,0,0,0,0,0,0,0,1,0,0,0
0,7,1,0,0,0,0,0,0,0,1,0,0,0
_____________________________________________________
_____________________________________________________
128,0,0.0000,
0,7,1,0,0,0,0,0,0,0,1,0,0,0
0,7,1,0,0,0,0,0,0,0,1,1,0,0
_____________________________________________________
_____________________________________________________
129,0,0.0000,
0,7,1,0,0,0,0,0,0,0,1,1,0,0
1,6,1,1,0,0,1,0,0,0,1,1,0,0
_____________________________________________________
_____________________________________________________
130,5,0.0000,
1,6,1,1,0,0,1,0,0,0,1,1,0,0
0,7,1,0,0,0,0,0,0,0,1,0,0,0
_____________________________________________________
_____________________________________________________
131,0,0.0000,
0,7,1,0,0,0,0,0,0,0,1,0,0,0
1,6,1,0,0,0,0,0,0,0,1,0,0,0
_____________________________________________________
_____________________________________________________
132,9,0.0000,
1,6,1,0,0,0,0,0,0,0,1,0,0,0
0,7,0,0,0,0,0,0,0,1,0,0,0,1
_____________________________________________________
_____________________________________________________
133,0,0.0000,
0,7,0,0,0,0,0,0,0,1,0,0,0,1
0,7,0,0,0,0,0,0,0,1,0,0,0,1
_____________________________________________________
_____________________________________________________
134,0,0.0000,
0,7,0,0,0,0,0,0,0,1,0,0,0,1
1,6,0,0,0,0,1,0,0,1,0,1,0,1
_____________________________________________________
_____________________________________________________
135,5,0.0000,
1,6,0,0,0,0,1,0,0,1,0,1,0,1
1,6,0,0,0,0,0,0,1,1,0,0,0,1
_____________________________________________________
_____________________________________________________
136,7,0.0000,
1,6,0,0,0,0,0,0,1,1,0,0,0,1
0,7,0,0,0,0,0,0,0,1,0,0,0,1
_____________________________________________________
_____________________________________________________
137,0,0.0000,
0,7,0,0,0,0,0,0,0,1,0,0,0,1
1,6,0,0,0,0,0,0,0,1,0,0,0,1
_____________________________________________________
_____________________________________________________
138,12,0.0000,
1,6,0,0,0,0,0,0,0,1,0,0,0,1
0,7,0,0,0,0,0,0,0,0,0,0,0,0
_____________________________________________________
_____________________________________________________
139,0,0.0000,
0,7,0,0,0,0,0,0,0,0,0,0,0,0
0,7,0,0,0,0,0,0,0,0,0,0,0,0
_____________________________________________________
