_____________________________________________________
0,11,0.0000,
1,6,1,0,0,1,1,1,0,1,0,1,1,1
0,7,1,0,0,1,1,1,0,1,1,1,0,1
_____________________________________________________
_____________________________________________________
1,0,0.0000,
0,7,1,0,0,1,1,1,0,1,1,1,0,1
1,6,1,1,1,1,1,1,0,1,1,1,0,1
_____________________________________________________
_____________________________________________________
2,5,0.0000,
1,6,1,1,1,1,1,1,0,1,1,1,0,1
1,6,1,1,1,1,1,1,0,1,1,1,0,1
_____________________________________________________
_____________________________________________________
3,5,0.0000,
1,6,1,1,1,1,1,1,0,1,1,1,0,1
0,7,1,1,1,1,0,1,0,1,1,0,0,1
_____________________________________________________
_____________________________________________________
4,0,0.0000,
0,7,1,1,1,1,0,1,0,1,1,0,0,1
1,6,1,1,1,1,0,1,0,1,1,0,0,1
_____________________________________________________
_____________________________________________________
5,2,0.0000,
1,6,1,1,1,1,0,1,0,1,1,0,0,1
0,7,1,1,1,1,0,1,0,1,1,0,0,1
_____________________________________________________
_____________________________________________________
6,0,0.0000,
0,7,1,1,1,1,0,1,0,1,1,0,0,1
0,7,1,1,1,1,0,1,0,1,1,1,0,1
_____________________________________________________
_____________________________________________________
7,0,0.0000,
0,7,1,1,1,1,0,1,0,1,1,1,0,1
1,6,1,1,1,1,1,1,0,1,1,1,0,1
_____________________________________________________
_____________________________________________________
8,5,0.0000,
1,6,1,1,1,1,1,1,0,1,1,1,0,1
1,6,1,1,1,1,0,1,0,1,1,0,0,1
_____________________________________________________
_____________________________________________________
9,6,0.0000,
1,6,1,1,1,1,0,1,0,1,1,0,0,1
1,6,1,1,1,1,1,0,0,1,1,1,0,1
_____________________________________________________
_____________________________________________________
10,2,0.0000,
1,6,1,1,1,1,1,0,0,1,1,1,0,1
0,7,1,1,1,1,1,0,0,1,1,1,0,1
_____________________________________________________
_____________________________________________________
11,0,0.0000,
0,7,1,1,1,1,1,0,0,1,1,1,0,1
1,6,1,1,1,1,1,0,0,1,0,1,0,1
_____________________________________________________
_____________________________________________________
12,5,0.0000,
1,6,1,1,1,1,1,0,0,1,0,1,0,1
1,6,1,0,0,1,0,0,0,1,0,0,1,1
_____________________________________________________
_____________________________________________________
13,11,0.0000,
1,6,1,0,0,1,0,0,0,1,0,0,1,1
0,7,1,0,1,0,1,1,1,1,1,0,1,0
_____________________________________________________
_____________________________________________________
14,0,0.0000,
0,7,1,0,1,0,1,1,1,1,1,0,1,0
0,7,1,0,1,0,1,1,1,1,1,0,1,0
_____________________________________________________
_____________________________________________________
15,0,0.0000,
0,7,1,0,1,0,1,1,1,1,1,0,1,0
1,6,1,0,1,0,1,1,1,1,1,0,1,0
_____________________________________________________
_____________________________________________________
16,5,0.0000,
1,6,1,0,1,0,1,1,1,1,1,0,1,0
1,6,1,0,1,0,0,1,1,1,1,0,1,0
_____________________________________________________
_____________________________________________________
17,11,0.0000,
1,6,1,0,1,0,0,1,1,1,1,0,1,0
0,7,0,0,1,0,0,1,1,1,1,0,0,0
_____________________________________________________
_____________________________________________________
18,0,0.0000,
0,7,0,0,1,0,0,1,1,1,1,0,0,0
0,7,0,0,1,0,0,1,1,1,1,0,0,0
_____________________________________________________
_____________________________________________________
19,0,0.0000,
0,7,0,0,1,0,0,1,1,1,1,0,0,0
1,6,0,0,1,0,0,1,1,1,1,0,1,0
_____________________________________________________
_____________________________________________________
20,11,0.0000,
1,6,0,0,1,0,0,1,1,1,1,0,1,0
0,7,0,0,1,0,0,1,1,1,1,0,0,0
_____________________________________________________
_____________________________________________________
21,0,0.0000,
0,7,0,0,1,0,0,1,1,1,1,0,0,0
1,6,0,0,1,0,0,1,1,1,1,0,0,0
_____________________________________________________
_____________________________________________________
22,7,0.0000,
1,6,0,0,1,0,0,1,1,1,1,0,0,0
1,6,1,0,1,0,0,1,0,1,1,0,1,0
_____________________________________________________
_____________________________________________________
23,11,0.0000,
1,6,1,0,1,0,0,1,0,1,1,0,1,0
0,7,0,0,1,0,0,1,0,1,1,0,0,0
_____________________________________________________
_____________________________________________________
24,0,0.0000,
0,7,0,0,1,0,0,1,0,1,1,0,0,0
1,6,0,0,1,0,0,1,0,1,1,0,1,0
_____________________________________________________
_____________________________________________________
25,11,0.0000,
1,6,0,0,1,0,0,1,0,1,1,0,1,0
1,6,0,0,1,0,0,1,0,1,1,0,0,0
_____________________________________________________
_____________________________________________________
26,6,0.0000,
1,6,0,0,1,0,0,1,0,1,1,0,0,0
0,7,0,0,0,0,0,0,0,1,1,0,0,0
_____________________________________________________
_____________________________________________________
27,0,0.0000,
0,7,0,0,0,0,0,0,0,1,1,0,0,0
0,7,1,0,0,1,0,0,1,1,0,1,0,0
_____________________________________________________
_____________________________________________________
28,0,0.0000,
0,7,1,0,0,1,0,0,1,1,0,1,0,0
1,6,1,1,1,1,1,1,1,1,0,1,0,0
_____________________________________________________
_____________________________________________________
29,5,0.0000,
1,6,1,1,1,1,1,1,1,1,0,1,0,0
1,6,1,0,1,1,0,1,1,1,0,1,0,0
_____________________________________________________
_____________________________________________________
30,7,0.0000,
1,6,1,0,1,1,0,1,1,1,0,1,0,0
0,7,1,0,0,1,0,0,0,1,0,1,0,0
_____________________________________________________
_____________________________________________________
31,0,0.0000,
0,7,1,0,0,1,0,0,0,1,0,1,0,0
1,6,1,0,0,1,0,0,0,1,0,1,0,0
_____________________________________________________
_____________________________________________________
32,10,0.0000,
1,6,1,0,0,1,0,0,0,1,0,1,0,0
1,6,0,1,0,1,1,0,0,1,0,0,0,0
_____________________________________________________
_____________________________________________________
33,5,0.0000,
1,6,0,1,0,1,1,0,0,1,0,0,0,0
0,7,0,0,0,1,0,0,0,1,0,0,0,0
_____________________________________________________
_____________________________________________________
34,0,0.0000,
0,7,0,0,0,1,0,0,0,1,0,0,0,0
0,7,0,0,0,1,0,0,0,1,0,0,0,0
_____________________________________________________
_____________________________________________________
35,0,0.0000,
0,7,0,0,0,1,0,0,0,1,0,0,0,0
0,7,0,0,0,1,1,0,1,1,0,0,0,0
_____________________________________________________
_____________________________________________________
36,0,0.0000,
0,7,0,0,0,1,1,0,1,1,0,0,0,0
0,7,0,1,1,1,1,1,1,1,0,0,0,0
_____________________________________________________
_____________________________________________________
37,0,0.0000,
0,7,0,1,1,1,1,1,1,1,0,0,0,0
0,7,0,1,1,1,1,1,1,1,0,1,0,0
_____________________________________________________
_____________________________________________________
38,0,0.0000,
0,7,0,1,1,1,1,1,1,1,0,1,0,0
1,6,1,1,1,1,1,1,1,1,0,1,0,0
_____________________________________________________
_____________________________________________________
39,5,0.0000,
1,6,1,1,1,1,1,1,1,1,0,1,0,0
0,7,1,0,1,1,0,1,1,1,0,1,0,0
_____________________________________________________
_____________________________________________________
40,0,0.0000,
0,7,1,0,1,1,0,1,1,1,0,1,0,0
1,6,1,0,1,1,0,1,1,1,0,1,0,0
_____________________________________________________
_____________________________________________________
41,7,0.0000,
1,6,1,0,1,1,0,1,1,1,0,1,0,0
1,6,1,0,0,0,0,0,1,0,1,0,0,1
_____________________________________________________
_____________________________________________________
42,12,0.0000,
1,6,1,0,0,0,0,0,1,0,1,0,0,1
0,7,1,0,0,0,0,0,0,0,1,0,0,0
_____________________________________________________
_____________________________________________________
43,0,0.0000,
0,7,1,0,0,0,0,0,0,0,1,0,0,0
0,7,1,0,0,0,0,0,0,0,1,0,0,0
_____________________________________________________
_____________________________________________________
44,0,0.0000,
0,7,1,0,0,0,0,0,0,0,1,0,0,0
0,7,1,0,0,0,0,0,0,0,1,1,1,0
_____________________________________________________
_____________________________________________________
45,0,0.0000,
0,7,1,0,0,0,0,0,0,0,1,1,1,0
0,7,1,0,0,0,0,0,0,0,1,1,1,0
_____________________________________________________
_____________________________________________________
46,0,0.0000,
0,7,1,0,0,0,0,0,0,0,1,1,1,0
0,7,1,0,0,0,0,0,0,0,1,1,1,0
_____________________________________________________
_____________________________________________________
47,0,0.0000,
0,7,1,0,0,0,0,0,0,0,1,1,1,0
0,7,1,0,0,0,0,0,0,0,1,1,1,0
_____________________________________________________
_____________________________________________________
48,0,0.0000,
0,7,1,0,0,0,0,0,0,0,1,1,1,0
0,7,1,0,0,0,0,0,0,0,1,1,1,0
_____________________________________________________
_____________________________________________________
49,0,0.0000,
0,7,1,0,0,0,0,0,0,0,1,1,1,0
1,6,1,0,0,0,0,0,0,0,1,1,1,0
_____________________________________________________
_____________________________________________________
50,11,0.0000,
1,6,1,0,0,0,0,0,0,0,1,1,1,0
1,6,1,0,0,0,0,0,0,1,1,0,1,0
_____________________________________________________
_____________________________________________________
51,11,0.0000,
1,6,1,0,0,0,0,0,0,1,1,0,1,0
0,7,1,0,0,0,0,0,0,1,1,0,0,0
_____________________________________________________
_____________________________________________________
52,0,0.0000,
0,7,1,0,0,0,0,0,0,1,1,0,0,0
1,6,1,0,0,0,0,0,0,1,1,0,0,0
_____________________________________________________
_____________________________________________________
53,9,0.0000,
1,6,1,0,0,0,0,0,0,1,1,0,0,0
1,6,1,0,0,0,0,0,0,1,0,1,1,0
_____________________________________________________
_____________________________________________________
54,11,0.0000,
1,6,1,0,0,0,0,0,0,1,0,1,1,0
1,6,1,0,0,0,0,0,0,1,0,0,0,0
_____________________________________________________
_____________________________________________________
55,8,0.0000,
1,6,1,0,0,0,0,0,0,1,0,0,0,0
0,7,0,0,0,0,0,0,0,1,0,1,0,0
_____________________________________________________
_____________________________________________________
56,0,0.0000,
0,7,0,0,0,0,0,0,0,1,0,1,0,0
0,7,0,0,0,0,0,0,0,1,0,1,0,0
_____________________________________________________
_____________________________________________________
57,0,0.0000,
0,7,0,0,0,0,0,0,0,1,0,1,0,0
1,6,1,0,0,0,0,0,0,1,0,1,0,0
_____________________________________________________
_____________________________________________________
58,8,0.0000,
1,6,1,0,0,0,0,0,0,1,0,1,0,0
1,6,1,0,0,0,0,0,0,0,0,1,1,0
_____________________________________________________
_____________________________________________________
59,11,0.0000,
1,6,1,0,0,0,0,0,0,0,0,1,1,0
1,6,1,0,0,0,0,0,0,1,0,1,0,0
_____________________________________________________
_____________________________________________________
60,10,0.0000,
1,6,1,0,0,0,0,0,0,1,0,1,0,0
0,7,1,0,1,0,0,0,0,0,0,0,0,0
_____________________________________________________
_____________________________________________________
61,0,0.0000,
0,7,1,0,1,0,0,0,0,0,0,0,0,0
0,7,1,0,1,0,0,0,0,1,0,1,0,0
_____________________________________________________
_____________________________________________________
62,0,0.0000,
0,7,1,0,1,0,0,0,0,1,0,1,0,0
0,7,1,0,1,0,0,0,0,1,0,1,0,0
_____________________________________________________
_____________________________________________________
63,0,0.0000,
0,7,1,0,1,0,0,0,0,1,0,1,0,0
1,6,1,0,1,0,1,0,0,1,0,1,0,0
_____________________________________________________
_____________________________________________________
64,5,0.0000,
1,6,1,0,1,0,1,0,0,1,0,1,0,0
0,7,1,1,1,0,0,0,0,1,0,1,0,0
_____________________________________________________
_____________________________________________________
65,0,0.0000,
0,7,1,1,1,0,0,0,0,1,0,1,0,0
1,6,1,1,1,0,0,0,0,1,0,1,0,0
_____________________________________________________
_____________________________________________________
66,2,0.0000,
1,6,1,1,1,0,0,0,0,1,0,1,0,0
1,6,1,0,1,1,1,0,0,1,0,1,0,0
_____________________________________________________
_____________________________________________________
67,5,0.0000,
1,6,1,0,1,1,1,0,0,1,0,1,0,0
0,7,1,0,1,0,0,0,0,1,0,1,0,0
_____________________________________________________
_____________________________________________________
68,0,0.0000,
0,7,1,0,1,0,0,0,0,1,0,1,0,0
0,7,1,0,1,0,0,0,0,1,0,1,0,0
_____________________________________________________
_____________________________________________________
69,0,0.0000,
0,7,1,0,1,0,0,0,0,1,0,1,0,0
0,7,0,0,0,1,0,0,0,1,0,0,0,0
_____________________________________________________
_____________________________________________________
70,0,0.0000,
0,7,0,0,0,1,0,0,0,1,0,0,0,0
0,7,1,0,0,1,0,0,0,1,0,0,0,0
_____________________________________________________
_____________________________________________________
71,0,0.0000,
0,7,1,0,0,1,0,0,0,1,0,0,0,0
1,6,1,0,0,1,0,0,0,0,0,0,0,0
_____________________________________________________
_____________________________________________________
72,1,0.0000,
1,6,1,0,0,1,0,0,0,0,0,0,0,0
0,7,0,0,0,0,0,0,0,0,0,1,0,0
_____________________________________________________
_____________________________________________________
73,0,0.0000,
0,7,0,0,0,0,0,0,0,0,0,1,0,0
0,7,0,1,1,0,0,1,0,0,0,1,0,0
_____________________________________________________
_____________________________________________________
74,0,0.0000,
0,7,0,1,1,0,0,1,0,0,0,1,0,0
0,7,0,1,1,0,0,1,0,0,0,1,0,0
_____________________________________________________
_____________________________________________________
75,0,0.0000,
0,7,0,1,1,0,0,1,0,0,0,1,0,0
1,6,0,1,1,0,0,1,0,0,0,1,0,0
_____________________________________________________
_____________________________________________________
76,6,0.0000,
1,6,0,1,1,0,0,1,0,0,0,1,0,0
0,7,1,0,0,0,0,0,0,0,0,0,0,0
_____________________________________________________
_____________________________________________________
77,0,0.0000,
0,7,1,0,0,0,0,0,0,0,0,0,0,0
0,7,1,1,1,0,0,1,0,1,0,1,0,0
_____________________________________________________
_____________________________________________________
78,0,0.0000,
0,7,1,1,1,0,0,1,0,1,0,1,0,0
1,6,1,1,1,1,0,1,0,1,0,1,0,0
_____________________________________________________
_____________________________________________________
79,2,0.0000,
1,6,1,1,1,1,0,1,0,1,0,1,0,0
0,7,1,0,0,1,0,0,0,1,0,0,0,0
_____________________________________________________
_____________________________________________________
80,0,0.0000,
0,7,1,0,0,1,0,0,0,1,0,0,0,0
0,7,1,1,1,1,0,1,0,1,0,1,0,0
_____________________________________________________
_____________________________________________________
81,0,0.0000,
0,7,1,1,1,1,0,1,0,1,0,1,0,0
0,7,1,1,1,0,0,1,0,0,0,1,0,0
_____________________________________________________
_____________________________________________________
82,0,0.0000,
0,7,1,1,1,0,0,1,0,0,0,1,0,0
0,7,1,1,1,0,0,1,0,0,0,1,0,0
_____________________________________________________
_____________________________________________________
83,0,0.0000,
0,7,1,1,1,0,0,1,0,0,0,1,0,0
1,6,1,1,0,0,0,1,1,1,0,0,0,0
_____________________________________________________
_____________________________________________________
84,7,0.0000,
1,6,1,1,0,0,0,1,1,1,0,0,0,0
1,6,0,0,0,0,0,1,0,1,0,0,0,0
_____________________________________________________
_____________________________________________________
85,6,0.0000,
1,6,0,0,0,0,0,1,0,1,0,0,0,0
0,7,0,0,0,0,1,0,0,1,1,1,1,1
_____________________________________________________
_____________________________________________________
86,0,0.0000,
0,7,0,0,0,0,1,0,0,1,1,1,1,1
0,7,0,0,0,1,1,1,0,1,1,1,1,1
_____________________________________________________
_____________________________________________________
87,0,0.0000,
0,7,0,0,0,1,1,1,0,1,1,1,1,1
0,7,0,0,0,1,1,1,0,1,1,1,1,1
_____________________________________________________
_____________________________________________________
88,0,0.0000,
0,7,0,0,0,1,1,1,0,1,1,1,1,1
1,6,0,0,0,1,1,1,0,1,1,1,1,1
_____________________________________________________
_____________________________________________________
89,11,0.0000,
1,6,0,0,0,1,1,1,0,1,1,1,1,1
1,6,0,0,0,1,0,1,0,1,0,0,0,1
_____________________________________________________
_____________________________________________________
90,6,0.0000,
1,6,0,0,0,1,0,1,0,1,0,0,0,1
0,7,0,0,0,1,0,0,0,1,0,0,0,1
_____________________________________________________
_____________________________________________________
91,0,0.0000,
0,7,0,0,0,1,0,0,0,1,0,0,0,1
0,7,0,0,0,1,0,0,0,1,0,0,0,1
_____________________________________________________
_____________________________________________________
92,0,0.0000,
0,7,0,0,0,1,0,0,0,1,0,0,0,1
1,6,0,0,0,1,0,0,0,1,0,0,0,1
_____________________________________________________
_____________________________________________________
93,12,0.0000,
1,6,0,0,0,1,0,0,0,1,0,0,0,1
1,6,0,0,0,0,0,0,0,1,0,0,0,0
_____________________________________________________
_____________________________________________________
94,8,0.0000,
1,6,0,0,0,0,0,0,0,1,0,0,0,0
1,6,0,0,0,0,0,0,0,0,0,0,0,0
_____________________________________________________
_____________________________________________________
95,0,0.0000,
1,6,0,0,0,0,0,0,0,0,0,0,0,0
1,5,0,0,0,0,0,1,0,0,0,0,0,0
_____________________________________________________
_____________________________________________________
96,6,0.0000,
1,5,0,0,0,0,0,1,0,0,0,0,0,0
1,6,0,0,0,0,0,0,0,0,0,0,0,0
_____________________________________________________
_____________________________________________________
97,0,0.0000,
1,6,0,0,0,0,0,0,0,0,0,0,0,0
1,5,0,0,1,0,0,0,0,0,0,0,0,0
_____________________________________________________
_____________________________________________________
98,3,0.0000,
1,5,0,0,1,0,0,0,0,0,0,0,0,0
0,7,1,0,0,0,0,0,1,0,0,0,0,0
_____________________________________________________
_____________________________________________________
99,0,0.0000,
0,7,1,0,0,0,0,0,1,0,0,0,0,0
0,7,1,0,1,0,0,0,1,0,0,0,0,0
_____________________________________________________
_____________________________________________________
100,0,0.0000,
0,7,1,0,1,0,0,0,1,0,0,0,0,0
0,7,1,0,1,0,0,0,1,0,0,0,0,0
_____________________________________________________
_____________________________________________________
101,0,0.0000,
0,7,1,0,1,0,0,0,1,0,0,0,0,0
0,7,1,0,1,0,0,0,1,0,0,0,0,0
_____________________________________________________
_____________________________________________________
102,0,0.0000,
0,7,1,0,1,0,0,0,1,0,0,0,0,0
0,7,1,0,1,0,0,0,1,0,0,0,0,0
_____________________________________________________
_____________________________________________________
103,0,0.0000,
0,7,1,0,1,0,0,0,1,0,0,0,0,0
1,6,1,0,1,0,0,0,1,0,0,0,0,0
_____________________________________________________
_____________________________________________________
104,7,0.0000,
1,6,1,0,1,0,0,0,1,0,0,0,0,0
1,6,0,0,1,0,0,0,0,0,0,0,0,0
_____________________________________________________
_____________________________________________________
105,3,0.0000,
1,6,0,0,1,0,0,0,0,0,0,0,0,0
1,6,0,0,0,0,0,0,0,0,0,0,0,0
_____________________________________________________
_____________________________________________________
106,0,0.0000,
1,6,0,0,0,0,0,0,0,0,0,0,0,0
2,5,0,0,0,0,0,0,0,0,0,0,0,0
_____________________________________________________
_____________________________________________________
107,9,-1.0000,
2,5,0,0,0,0,0,0,0,0,0,0,0,0
1,5,0,0,0,-1,0,0,1,0,-1,0,0,0
_____________________________________________________
_____________________________________________________
108,9,0.0000,
1,5,0,0,0,-1,0,0,1,0,-1,0,0,0
0,7,1,0,0,0,0,0,1,0,0,0,0,0
_____________________________________________________
_____________________________________________________
109,0,0.0000,
0,7,1,0,0,0,0,0,1,0,0,0,0,0
0,7,1,0,1,0,0,0,1,0,0,0,0,0
_____________________________________________________
_____________________________________________________
110,0,0.0000,
0,7,1,0,1,0,0,0,1,0,0,0,0,0
1,6,1,0,1,0,0,0,1,0,0,0,0,0
_____________________________________________________
_____________________________________________________
111,7,0.0000,
1,6,1,0,1,0,0,0,1,0,0,0,0,0
0,7,0,0,1,0,0,0,0,0,0,1,0,0
_____________________________________________________
_____________________________________________________
112,0,0.0000,
0,7,0,0,1,0,0,0,0,0,0,1,0,0
1,6,0,0,1,0,1,1,0,1,0,1,1,1
_____________________________________________________
_____________________________________________________
113,11,0.0000,
1,6,0,0,1,0,1,1,0,1,0,1,1,1
1,6,0,0,1,0,1,0,0,0,0,1,0,1
_____________________________________________________
_____________________________________________________
114,5,0.0000,
1,6,0,0,1,0,1,0,0,0,0,1,0,1
1,6,0,0,1,0,0,0,0,0,0,1,1,0
_____________________________________________________
_____________________________________________________
115,11,0.0000,
1,6,0,0,1,0,0,0,0,0,0,1,1,0
0,7,0,0,1,0,1,0,1,0,0,1,0,1
_____________________________________________________
_____________________________________________________
116,0,0.0000,
0,7,0,0,1,0,1,0,1,0,0,1,0,1
0,7,1,0,1,0,1,0,1,0,0,1,0,1
_____________________________________________________
_____________________________________________________
117,0,0.0000,
0,7,1,0,1,0,1,0,1,0,0,1,0,1
0,7,1,0,0,0,1,0,1,0,0,1,1,1
_____________________________________________________
_____________________________________________________
118,0,0.0000,
0,7,1,0,0,0,1,0,1,0,0,1,1,1
1,6,1,1,0,0,1,1,1,1,0,1,1,1
_____________________________________________________
_____________________________________________________
119,11,0.0000,
1,6,1,1,0,0,1,1,1,1,0,1,1,1
0,7,1,0,0,0,1,0,1,0,0,1,0,1
_____________________________________________________
_____________________________________________________
120,0,0.0000,
0,7,1,0,0,0,1,0,1,0,0,1,0,1
0,7,1,0,0,0,1,0,1,0,0,1,0,1
_____________________________________________________
_____________________________________________________
121,0,0.0000,
0,7,1,0,0,0,1,0,1,0,0,1,0,1
1,6,1,0,0,0,1,0,1,0,0,1,0,1
_____________________________________________________
_____________________________________________________
122,5,0.0000,
1,6,1,0,0,0,1,0,1,0,0,1,0,1
1,6,1,1,0,0,0,1,1,1,0,1,1,1
_____________________________________________________
_____________________________________________________
123,11,0.0000,
1,6,1,1,0,0,0,1,1,1,0,1,1,1
0,7,1,0,0,0,1,0,1,0,0,1,0,1
_____________________________________________________
_____________________________________________________
124,0,0.0000,
0,7,1,0,0,0,1,0,1,0,0,1,0,1
1,6,1,0,0,0,1,0,1,0,0,1,0,1
_____________________________________________________
_____________________________________________________
125,5,0.0000,
1,6,1,0,0,0,1,0,1,0,0,1,0,1
0,7,1,1,0,0,0,1,0,0,1,0,1,0
_____________________________________________________
_____________________________________________________
126,0,0.0000,
0,7,1,1,0,0,0,1,0,0,1,0,1,0
0,7,1,1,0,0,0,1,0,0,1,0,1,0
_____________________________________________________
_____________________________________________________
127,0,0.0000,
0,7,1,1,0,0,0,1,0,0,1,0,1,0
0,7,1,1,0,0,0,1,0,0,1,0,1,0
_____________________________________________________
_____________________________________________________
128,0,0.0000,
0,7,1,1,0,0,0,1,0,0,1,0,1,0
0,7,1,1,0,0,0,1,0,1,1,0,1,1
_____________________________________________________
_____________________________________________________
129,0,0.0000,
0,7,1,1,0,0,0,1,0,1,1,0,1,1
1,6,1,1,0,0,0,1,1,1,1,0,1,1
_____________________________________________________
_____________________________________________________
130,11,0.0000,
1,6,1,1,0,0,0,1,1,1,1,0,1,1
0,7,1,1,0,0,0,1,1,1,1,0,0,1
_____________________________________________________
_____________________________________________________
131,0,0.0000,
0,7,1,1,0,0,0,1,1,1,1,0,0,1
1,6,1,1,0,0,0,1,1,1,1,0,0,1
_____________________________________________________
_____________________________________________________
132,7,0.0000,
1,6,1,1,0,0,0,1,1,1,1,0,0,1
1,6,1,1,0,0,0,1,0,0,1,0,0,0
_____________________________________________________
_____________________________________________________
133,9,0.0000,
1,6,1,1,0,0,0,1,0,0,1,0,0,0
1,6,0,0,0,0,0,1,0,0,0,0,0,0
_____________________________________________________
_____________________________________________________
134,6,0.0000,
1,6,0,0,0,0,0,1,0,0,0,0,0,0
0,7,0,0,0,0,0,0,0,0,0,0,0,0
_____________________________________________________
_____________________________________________________
135,0,0.0000,
0,7,0,0,0,0,0,0,0,0,0,0,0,0
1,6,0,0,0,0,0,1,0,0,0,0,0,0
_____________________________________________________
_____________________________________________________
136,6,0.0000,
1,6,0,0,0,0,0,1,0,0,0,0,0,0
1,6,0,0,0,0,0,0,0,0,0,0,0,0
_____________________________________________________
_____________________________________________________
137,0,0.0000,
1,6,0,0,0,0,0,0,0,0,0,0,0,0
2,5,0,0,0,0,0,0,0,0,0,0,0,0
_____________________________________________________
_____________________________________________________
138,9,-1.0000,
2,5,0,0,0,0,0,0,0,0,0,0,0,0
2,5,-1,-1,0,0,0,0,0,0,-1,0,0,0
_____________________________________________________
_____________________________________________________
139,9,0.0000,
2,5,-1,-1,0,0,0,0,0,0,-1,0,0,0
1,5,0,0,0,0,0,0,0,0,0,0,0,0
_____________________________________________________
