_____________________________________________________
0,11,0.0000,
3,4,1,1,1,1,1,1,1,1,1,1,1,1
3,4,1,1,1,1,1,1,1,1,1,1,0,1
_____________________________________________________
_____________________________________________________
1,5,0.0000,
3,4,1,1,1,1,1,1,1,1,1,1,0,1
3,4,1,1,0,1,0,0,1,1,1,1,0,1
_____________________________________________________
_____________________________________________________
2,7,0.0000,
3,4,1,1,0,1,0,0,1,1,1,1,0,1
3,4,0,1,1,0,1,1,0,1,1,1,0,0
_____________________________________________________
_____________________________________________________
3,5,0.0000,
3,4,0,1,1,0,1,1,0,1,1,1,0,0
3,4,0,1,0,0,0,0,0,1,1,1,0,0
_____________________________________________________
_____________________________________________________
4,5,-1.0000,
3,4,0,1,0,0,0,0,0,1,1,1,0,0
3,4,0,1,1,0,1,1,0,1,1,1,0,0
_____________________________________________________
_____________________________________________________
5,5,0.0000,
3,4,0,1,1,0,1,1,0,1,1,1,0,0
3,4,0,1,0,1,0,0,1,1,1,1,0,1
_____________________________________________________
_____________________________________________________
6,7,0.0000,
3,4,0,1,0,1,0,0,1,1,1,1,0,1
2,4,0,1,0,0,0,1,0,1,1,1,0,0
_____________________________________________________
_____________________________________________________
7,6,0.0000,
2,4,0,1,0,0,0,1,0,1,1,1,0,0
1,4,0,1,0,0,0,0,0,1,1,1,0,0
_____________________________________________________
_____________________________________________________
8,2,0.0000,
1,4,0,1,0,0,0,0,0,1,1,1,0,0
0,7,0,0,0,0,0,0,0,1,0,1,0,0
_____________________________________________________
_____________________________________________________
9,0,0.0000,
0,7,0,0,0,0,0,0,0,1,0,1,0,0
0,7,0,0,0,0,0,0,0,1,0,1,0,0
_____________________________________________________
_____________________________________________________
10,0,0.0000,
0,7,0,0,0,0,0,0,0,1,0,1,0,0
0,7,0,0,1,0,1,1,0,1,0,1,0,0
_____________________________________________________
_____________________________________________________
11,0,0.0000,
0,7,0,0,1,0,1,1,0,1,0,1,0,0
0,7,0,0,1,0,1,1,1,1,0,1,0,1
_____________________________________________________
_____________________________________________________
12,0,0.0000,
0,7,0,0,1,0,1,1,1,1,0,1,0,1
1,6,1,0,1,1,1,1,1,1,0,1,0,1
_____________________________________________________
_____________________________________________________
13,5,0.0000,
1,6,1,0,1,1,1,1,1,1,0,1,0,1
0,7,0,1,1,1,1,1,1,1,1,0,0,0
_____________________________________________________
_____________________________________________________
14,0,0.0000,
0,7,0,1,1,1,1,1,1,1,1,0,0,0
1,6,0,1,1,1,1,1,1,1,1,0,0,0
_____________________________________________________
_____________________________________________________
15,5,0.0000,
1,6,0,1,1,1,1,1,1,1,1,0,0,0
0,7,0,1,1,1,1,1,1,1,1,0,1,1
_____________________________________________________
_____________________________________________________
16,0,0.0000,
0,7,0,1,1,1,1,1,1,1,1,0,1,1
0,7,1,1,1,1,1,1,1,1,1,1,1,1
_____________________________________________________
_____________________________________________________
17,0,0.0000,
0,7,1,1,1,1,1,1,1,1,1,1,1,1
0,7,1,1,1,1,1,1,1,1,1,1,1,1
_____________________________________________________
_____________________________________________________
18,0,0.0000,
0,7,1,1,1,1,1,1,1,1,1,1,1,1
1,6,1,1,1,1,1,1,1,1,1,1,1,1
_____________________________________________________
_____________________________________________________
19,11,0.0000,
1,6,1,1,1,1,1,1,1,1,1,1,1,1
0,7,0,1,1,1,1,1,1,1,1,0,0,0
_____________________________________________________
_____________________________________________________
20,0,0.0000,
0,7,0,1,1,1,1,1,1,1,1,0,0,0
1,6,0,1,1,1,1,1,1,1,1,0,0,0
_____________________________________________________
_____________________________________________________
21,7,0.0000,
1,6,0,1,1,1,1,1,1,1,1,0,0,0
1,6,0,1,1,1,1,1,0,1,1,0,0,0
_____________________________________________________
_____________________________________________________
22,5,0.0000,
1,6,0,1,1,1,1,1,0,1,1,0,0,0
1,6,0,1,1,1,0,0,0,0,0,0,0,0
_____________________________________________________
_____________________________________________________
23,2,0.0000,
1,6,0,1,1,1,0,0,0,0,0,0,0,0
1,6,0,0,0,1,0,0,0,0,0,0,0,0
_____________________________________________________
_____________________________________________________
24,0,0.0000,
1,6,0,0,0,1,0,0,0,0,0,0,0,0
2,5,0,0,0,1,0,0,0,0,0,1,1,1
_____________________________________________________
_____________________________________________________
25,11,0.0000,
2,5,0,0,0,1,0,0,0,0,0,1,1,1
1,5,0,0,0,1,0,0,0,0,0,0,0,0
_____________________________________________________
_____________________________________________________
26,0,0.0000,
1,5,0,0,0,1,0,0,0,0,0,0,0,0
2,4,0,0,0,1,0,0,0,0,0,0,0,0
_____________________________________________________
_____________________________________________________
27,9,-1.0000,
2,4,0,0,0,1,0,0,0,0,0,0,0,0
1,5,0,1,1,0,0,0,0,0,0,0,-1,0
_____________________________________________________
_____________________________________________________
28,11,0.0000,
1,5,0,1,1,0,0,0,0,0,0,0,-1,0
0,7,0,1,1,0,0,0,0,0,0,0,-1,0
_____________________________________________________
_____________________________________________________
29,0,0.0000,
0,7,0,1,1,0,0,0,0,0,0,0,-1,0
0,7,0,1,1,0,0,0,0,0,0,0,-1,0
_____________________________________________________
_____________________________________________________
30,0,0.0000,
0,7,0,1,1,0,0,0,0,0,0,0,-1,0
0,7,0,1,1,0,0,1,1,0,1,0,-1,0
_____________________________________________________
_____________________________________________________
31,0,0.0000,
0,7,0,1,1,0,0,1,1,0,1,0,-1,0
1,6,0,1,1,0,0,1,1,0,1,0,-1,0
_____________________________________________________
_____________________________________________________
32,7,0.0000,
1,6,0,1,1,0,0,1,1,0,1,0,-1,0
0,7,0,1,1,0,0,1,0,0,0,0,-1,0
_____________________________________________________
_____________________________________________________
33,0,0.0000,
0,7,0,1,1,0,0,1,0,0,0,0,-1,0
1,6,0,1,1,0,1,1,0,1,0,0,-1,1
_____________________________________________________
_____________________________________________________
34,11,0.0000,
1,6,0,1,1,0,1,1,0,1,0,0,-1,1
1,6,0,1,1,0,1,1,1,1,1,1,-1,1
_____________________________________________________
_____________________________________________________
35,11,0.0000,
1,6,0,1,1,0,1,1,1,1,1,1,-1,1
0,7,0,1,1,1,1,1,1,1,1,1,-1,1
_____________________________________________________
_____________________________________________________
36,0,0.0000,
0,7,0,1,1,1,1,1,1,1,1,1,-1,1
0,7,0,1,1,1,1,1,1,1,1,1,-1,1
_____________________________________________________
_____________________________________________________
37,0,0.0000,
0,7,0,1,1,1,1,1,1,1,1,1,-1,1
1,6,0,1,1,1,1,1,1,1,1,1,-1,1
_____________________________________________________
_____________________________________________________
38,5,0.0000,
1,6,0,1,1,1,1,1,1,1,1,1,-1,1
1,6,0,1,1,1,0,1,1,0,1,1,-1,0
_____________________________________________________
_____________________________________________________
39,7,0.0000,
1,6,0,1,1,1,0,1,1,0,1,1,-1,0
0,7,0,1,1,1,0,1,1,0,1,1,-1,0
_____________________________________________________
_____________________________________________________
40,0,0.0000,
0,7,0,1,1,1,0,1,1,0,1,1,-1,0
1,6,0,1,1,1,0,1,1,0,1,1,-1,1
_____________________________________________________
_____________________________________________________
41,7,0.0000,
1,6,0,1,1,1,0,1,1,0,1,1,-1,1
0,7,0,0,0,0,0,-1,1,0,1,1,1,1
_____________________________________________________
_____________________________________________________
42,0,0.0000,
0,7,0,0,0,0,0,-1,1,0,1,1,1,1
0,7,0,0,1,1,1,-1,1,0,1,1,1,1
_____________________________________________________
_____________________________________________________
43,0,0.0000,
0,7,0,0,1,1,1,-1,1,0,1,1,1,1
0,7,0,0,1,1,1,-1,1,0,1,1,1,1
_____________________________________________________
_____________________________________________________
44,0,0.0000,
0,7,0,0,1,1,1,-1,1,0,1,1,1,1
0,7,0,1,1,1,1,-1,1,1,1,1,1,1
_____________________________________________________
_____________________________________________________
45,0,0.0000,
0,7,0,1,1,1,1,-1,1,1,1,1,1,1
1,6,0,1,1,1,1,-1,1,1,1,1,1,1
_____________________________________________________
_____________________________________________________
46,11,0.0000,
1,6,0,1,1,1,1,-1,1,1,1,1,1,1
0,7,0,1,1,1,1,-1,1,1,1,0,0,1
_____________________________________________________
_____________________________________________________
47,0,0.0000,
0,7,0,1,1,1,1,-1,1,1,1,0,0,1
0,7,1,1,1,1,1,-1,1,1,1,0,0,1
_____________________________________________________
_____________________________________________________
48,0,0.0000,
0,7,1,1,1,1,1,-1,1,1,1,0,0,1
1,6,1,1,1,1,1,-1,1,1,1,1,1,1
_____________________________________________________
_____________________________________________________
49,11,0.0000,
1,6,1,1,1,1,1,-1,1,1,1,1,1,1
0,7,1,1,1,1,1,-1,1,1,1,0,0,1
_____________________________________________________
_____________________________________________________
50,0,0.0000,
0,7,1,1,1,1,1,-1,1,1,1,0,0,1
1,6,1,1,1,1,1,-1,1,1,1,0,0,1
_____________________________________________________
_____________________________________________________
51,5,0.0000,
1,6,1,1,1,1,1,-1,1,1,1,0,0,1
1,6,1,1,0,0,0,-1,1,1,1,0,0,1
_____________________________________________________
_____________________________________________________
52,7,0.0000,
1,6,1,1,0,0,0,-1,1,1,1,0,0,1
0,7,1,1,0,0,0,-1,0,1,1,0,0,0
_____________________________________________________
_____________________________________________________
53,0,0.0000,
0,7,1,1,0,0,0,-1,0,1,1,0,0,0
1,6,1,1,0,0,1,-1,0,1,1,0,0,0
_____________________________________________________
_____________________________________________________
54,5,0.0000,
1,6,1,1,0,0,1,-1,0,1,1,0,0,0
0,7,1,1,0,0,0,-1,0,1,1,0,0,0
_____________________________________________________
_____________________________________________________
55,0,0.0000,
0,7,1,1,0,0,0,-1,0,1,1,0,0,0
1,6,1,1,1,1,1,1,1,0,1,1,0,0
_____________________________________________________
_____________________________________________________
56,5,0.0000,
1,6,1,1,1,1,1,1,1,0,1,1,0,0
0,7,0,0,0,1,0,1,1,1,0,1,0,0
_____________________________________________________
_____________________________________________________
57,0,0.0000,
0,7,0,0,0,1,0,1,1,1,0,1,0,0
0,7,0,0,0,1,1,1,0,1,0,1,0,1
_____________________________________________________
_____________________________________________________
58,0,0.0000,
0,7,0,0,0,1,1,1,0,1,0,1,0,1
0,7,1,1,1,1,1,1,0,1,0,1,0,1
_____________________________________________________
_____________________________________________________
59,0,0.0000,
0,7,1,1,1,1,1,1,0,1,0,1,0,1
1,6,1,1,1,1,1,1,1,1,1,1,0,1
_____________________________________________________
_____________________________________________________
60,5,0.0000,
1,6,1,1,1,1,1,1,1,1,1,1,0,1
0,7,0,0,1,1,1,1,1,1,1,1,0,1
_____________________________________________________
_____________________________________________________
61,0,0.0000,
0,7,0,0,1,1,1,1,1,1,1,1,0,1
1,6,1,1,1,1,1,1,1,1,1,1,0,1
_____________________________________________________
_____________________________________________________
62,2,0.0000,
1,6,1,1,1,1,1,1,1,1,1,1,0,1
1,6,0,0,0,1,0,1,1,1,1,1,0,1
_____________________________________________________
_____________________________________________________
63,7,0.0000,
1,6,0,0,0,1,0,1,1,1,1,1,0,1
0,7,0,0,0,1,0,1,0,1,0,1,0,1
_____________________________________________________
_____________________________________________________
64,0,0.0000,
0,7,0,0,0,1,0,1,0,1,0,1,0,1
0,7,0,0,0,1,0,1,0,1,1,1,0,1
_____________________________________________________
_____________________________________________________
65,0,0.0000,
0,7,0,0,0,1,0,1,0,1,1,1,0,1
0,7,0,0,0,1,0,1,1,1,1,1,0,1
_____________________________________________________
_____________________________________________________
66,0,0.0000,
0,7,0,0,0,1,0,1,1,1,1,1,0,1
1,6,1,1,1,1,1,1,1,1,0,1,0,1
_____________________________________________________
_____________________________________________________
67,5,0.0000,
1,6,1,1,1,1,1,1,1,1,0,1,0,1
0,7,0,0,0,1,1,1,0,1,0,1,0,1
_____________________________________________________
_____________________________________________________
68,0,0.0000,
0,7,0,0,0,1,1,1,0,1,0,1,0,1
1,6,1,1,1,1,1,1,0,1,0,1,0,1
_____________________________________________________
_____________________________________________________
69,5,0.0000,
1,6,1,1,1,1,1,1,0,1,0,1,0,1
0,7,1,1,1,1,0,1,1,1,1,1,1,1
_____________________________________________________
_____________________________________________________
70,0,0.0000,
0,7,1,1,1,1,0,1,1,1,1,1,1,1
0,7,1,1,1,1,1,1,1,1,1,1,1,1
_____________________________________________________
_____________________________________________________
71,0,0.0000,
0,7,1,1,1,1,1,1,1,1,1,1,1,1
1,6,1,1,1,1,1,1,1,1,1,1,1,1
_____________________________________________________
_____________________________________________________
72,2,0.0000,
1,6,1,1,1,1,1,1,1,1,1,1,1,1
0,7,1,0,1,1,1,1,1,1,1,1,1,0
_____________________________________________________
_____________________________________________________
73,0,0.0000,
0,7,1,0,1,1,1,1,1,1,1,1,1,0
0,7,1,0,1,1,1,1,1,1,1,0,1,0
_____________________________________________________
_____________________________________________________
74,0,0.0000,
0,7,1,0,1,1,1,1,1,1,1,0,1,0
1,6,1,0,1,1,1,1,1,0,1,0,1,0
_____________________________________________________
_____________________________________________________
75,5,0.0000,
1,6,1,0,1,1,1,1,1,0,1,0,1,0
0,7,1,0,1,1,0,1,1,0,1,0,1,0
_____________________________________________________
_____________________________________________________
76,0,0.0000,
0,7,1,0,1,1,0,1,1,0,1,0,1,0
1,6,1,0,1,1,0,1,1,0,1,0,1,0
_____________________________________________________
_____________________________________________________
77,11,0.0000,
1,6,1,0,1,1,0,1,1,0,1,0,1,0
1,6,1,0,1,1,0,1,1,0,1,0,0,0
_____________________________________________________
_____________________________________________________
78,7,0.0000,
1,6,1,0,1,1,0,1,1,0,1,0,0,0
0,7,0,0,1,1,0,1,0,0,1,0,0,0
_____________________________________________________
_____________________________________________________
79,0,0.0000,
0,7,0,0,1,1,0,1,0,0,1,0,0,0
0,7,0,0,1,1,1,1,0,0,1,0,0,0
_____________________________________________________
_____________________________________________________
80,0,0.0000,
0,7,0,0,1,1,1,1,0,0,1,0,0,0
1,6,0,0,1,1,1,1,0,0,1,0,0,0
_____________________________________________________
_____________________________________________________
81,5,0.0000,
1,6,0,0,1,1,1,1,0,0,1,0,0,0
0,7,0,0,1,1,0,1,0,0,1,0,0,0
_____________________________________________________
_____________________________________________________
82,0,0.0000,
0,7,0,0,1,1,0,1,0,0,1,0,0,0
0,7,0,0,1,1,0,1,0,0,1,0,0,0
_____________________________________________________
_____________________________________________________
83,0,0.0000,
0,7,0,0,1,1,0,1,0,0,1,0,0,0
1,6,1,0,1,1,0,1,0,0,0,0,1,0
_____________________________________________________
_____________________________________________________
84,11,0.0000,
1,6,1,0,1,1,0,1,0,0,0,0,1,0
0,7,0,0,1,0,0,1,0,0,0,1,0,0
_____________________________________________________
_____________________________________________________
85,0,0.0000,
0,7,0,0,1,0,0,1,0,0,0,1,0,0
0,7,0,0,1,0,0,1,0,0,0,1,0,0
_____________________________________________________
_____________________________________________________
86,0,0.0000,
0,7,0,0,1,0,0,1,0,0,0,1,0,0
0,7,0,0,1,0,0,1,0,0,0,1,0,1
_____________________________________________________
_____________________________________________________
87,0,0.0000,
0,7,0,0,1,0,0,1,0,0,0,1,0,1
1,6,0,0,1,0,0,1,0,0,0,1,0,1
_____________________________________________________
_____________________________________________________
88,6,0.0000,
1,6,0,0,1,0,0,1,0,0,0,1,0,1
1,6,0,0,1,0,0,0,0,0,0,1,0,1
_____________________________________________________
_____________________________________________________
89,12,0.0000,
1,6,0,0,1,0,0,0,0,0,0,1,0,1
0,7,0,0,1,0,0,0,0,0,0,1,0,0
_____________________________________________________
_____________________________________________________
90,0,0.0000,
0,7,0,0,1,0,0,0,0,0,0,1,0,0
1,6,0,0,1,0,0,0,0,0,0,1,0,0
_____________________________________________________
_____________________________________________________
91,10,0.0000,
1,6,0,0,1,0,0,0,0,0,0,1,0,0
0,7,1,0,1,1,0,0,0,1,0,0,1,1
_____________________________________________________
_____________________________________________________
92,0,0.0000,
0,7,1,0,1,1,0,0,0,1,0,0,1,1
1,6,1,0,1,1,0,0,0,1,0,0,1,1
_____________________________________________________
_____________________________________________________
93,11,0.0000,
1,6,1,0,1,1,0,0,0,1,0,0,1,1
1,6,0,0,1,0,0,0,1,1,1,0,0,1
_____________________________________________________
_____________________________________________________
94,7,0.0000,
1,6,0,0,1,0,0,0,1,1,1,0,0,1
0,7,0,0,1,0,0,0,0,1,0,0,0,1
_____________________________________________________
_____________________________________________________
95,0,0.0000,
0,7,0,0,1,0,0,0,0,1,0,0,0,1
0,7,0,0,1,0,0,0,0,1,0,0,0,1
_____________________________________________________
_____________________________________________________
96,0,0.0000,
0,7,0,0,1,0,0,0,0,1,0,0,0,1
0,7,0,0,1,0,0,0,0,1,0,0,0,1
_____________________________________________________
_____________________________________________________
97,0,0.0000,
0,7,0,0,1,0,0,0,0,1,0,0,0,1
0,7,1,0,0,0,1,0,0,0,1,0,0,0
_____________________________________________________
_____________________________________________________
98,0,0.0000,
0,7,1,0,0,0,1,0,0,0,1,0,0,0
0,7,1,0,0,0,1,0,0,0,1,0,0,0
_____________________________________________________
_____________________________________________________
99,0,0.0000,
0,7,1,0,0,0,1,0,0,0,1,0,0,0
1,6,1,0,0,0,1,0,0,0,1,0,0,0
_____________________________________________________
_____________________________________________________
100,5,0.0000,
1,6,1,0,0,0,1,0,0,0,1,0,0,0
1,6,1,0,0,0,0,0,0,0,1,0,0,0
_____________________________________________________
_____________________________________________________
101,9,0.0000,
1,6,1,0,0,0,0,0,0,0,1,0,0,0
0,7,0,0,0,0,0,0,0,0,0,0,0,0
_____________________________________________________
_____________________________________________________
102,0,0.0000,
0,7,0,0,0,0,0,0,0,0,0,0,0,0
1,6,0,0,0,0,0,0,0,0,1,0,1,0
_____________________________________________________
_____________________________________________________
103,11,0.0000,
1,6,0,0,0,0,0,0,0,0,1,0,1,0
0,7,1,0,0,0,0,0,0,0,1,0,0,0
_____________________________________________________
_____________________________________________________
104,0,0.0000,
0,7,1,0,0,0,0,0,0,0,1,0,0,0
1,6,1,0,0,0,0,0,0,0,1,0,0,0
_____________________________________________________
_____________________________________________________
105,9,0.0000,
1,6,1,0,0,0,0,0,0,0,1,0,0,0
1,6,1,0,0,0,0,0,1,1,1,0,0,0
_____________________________________________________
_____________________________________________________
106,7,0.0000,
1,6,1,0,0,0,0,0,1,1,1,0,0,0
0,7,1,0,0,0,0,0,0,0,1,0,0,1
_____________________________________________________
_____________________________________________________
107,0,0.0000,
0,7,1,0,0,0,0,0,0,0,1,0,0,1
1,6,1,0,0,0,0,0,0,0,1,0,0,1
_____________________________________________________
_____________________________________________________
108,12,0.0000,
1,6,1,0,0,0,0,0,0,0,1,0,0,1
1,6,0,0,0,0,0,0,0,0,0,0,0,0
_____________________________________________________
_____________________________________________________
109,0,0.0000,
1,6,0,0,0,0,0,0,0,0,0,0,0,0
2,5,0,0,0,0,0,0,0,0,0,0,0,0
_____________________________________________________
_____________________________________________________
110,9,-1.0000,
2,5,0,0,0,0,0,0,0,0,0,0,0,0
2,5,-1,0,0,0,0,0,0,0,1,0,1,0
_____________________________________________________
_____________________________________________________
111,11,0.0000,
2,5,-1,0,0,0,0,0,0,0,1,0,1,0
2,5,0,0,0,0,1,1,0,0,0,0,1,0
_____________________________________________________
_____________________________________________________
112,11,0.0000,
2,5,0,0,0,0,1,1,0,0,0,0,1,0
2,5,0,0,0,0,0,1,0,0,0,0,0,0
_____________________________________________________
_____________________________________________________
113,6,0.0000,
2,5,0,0,0,0,0,1,0,0,0,0,0,0
2,5,1,0,0,1,0,0,0,0,0,1,0,1
_____________________________________________________
_____________________________________________________
114,12,0.0000,
2,5,1,0,0,1,0,0,0,0,0,1,0,1
1,5,1,0,1,1,0,0,0,0,1,1,0,0
_____________________________________________________
_____________________________________________________
115,9,0.0000,
1,5,1,0,1,1,0,0,0,0,1,1,0,0
0,7,1,0,0,0,0,1,0,0,0,0,0,0
_____________________________________________________
_____________________________________________________
116,0,0.0000,
0,7,1,0,0,0,0,1,0,0,0,0,0,0
0,7,0,0,0,0,0,1,0,0,0,0,0,0
_____________________________________________________
_____________________________________________________
117,0,0.0000,
0,7,0,0,0,0,0,1,0,0,0,0,0,0
0,7,1,0,0,1,0,1,0,0,0,1,0,0
_____________________________________________________
_____________________________________________________
118,0,0.0000,
0,7,1,0,0,1,0,1,0,0,0,1,0,0
0,7,1,0,0,1,0,1,0,1,0,1,0,1
_____________________________________________________
_____________________________________________________
119,0,0.0000,
0,7,1,0,0,1,0,1,0,1,0,1,0,1
1,6,1,1,0,1,0,1,1,1,0,1,0,1
_____________________________________________________
_____________________________________________________
120,7,0.0000,
1,6,1,1,0,1,0,1,1,1,0,1,0,1
1,6,1,0,0,1,0,1,0,0,1,1,0,0
_____________________________________________________
_____________________________________________________
121,6,0.0000,
1,6,1,0,0,1,0,1,0,0,1,1,0,0
1,6,1,0,1,1,0,1,0,0,1,1,0,0
_____________________________________________________
_____________________________________________________
122,6,0.0000,
1,6,1,0,1,1,0,1,0,0,1,1,0,0
0,7,1,0,1,1,0,0,0,0,1,1,0,0
_____________________________________________________
_____________________________________________________
123,0,0.0000,
0,7,1,0,1,1,0,0,0,0,1,1,0,0
1,6,1,0,1,1,0,0,0,0,1,1,0,0
_____________________________________________________
_____________________________________________________
124,9,0.0000,
1,6,1,0,1,1,0,0,0,0,1,1,0,0
1,6,1,0,0,1,0,0,1,1,0,1,0,1
_____________________________________________________
_____________________________________________________
125,12,0.0000,
1,6,1,0,0,1,0,0,1,1,0,1,0,1
0,7,0,0,0,1,0,1,0,0,1,1,0,1
_____________________________________________________
_____________________________________________________
126,0,0.0000,
0,7,0,0,0,1,0,1,0,0,1,1,0,1
1,6,0,0,0,1,0,1,1,0,1,1,0,1
_____________________________________________________
_____________________________________________________
127,7,0.0000,
1,6,0,0,0,1,0,1,1,0,1,1,0,1
1,6,0,0,0,1,0,1,0,0,0,1,0,1
_____________________________________________________
_____________________________________________________
128,6,0.0000,
1,6,0,0,0,1,0,1,0,0,0,1,0,1
1,6,0,0,0,0,0,0,0,0,1,1,0,0
_____________________________________________________
_____________________________________________________
129,9,0.0000,
1,6,0,0,0,0,0,0,0,0,1,1,0,0
0,7,0,0,0,0,0,0,0,0,0,1,1,0
_____________________________________________________
_____________________________________________________
130,0,0.0000,
0,7,0,0,0,0,0,0,0,0,0,1,1,0
0,7,1,1,0,0,0,1,0,1,0,1,1,1
_____________________________________________________
_____________________________________________________
131,0,0.0000,
0,7,1,1,0,0,0,1,0,1,0,1,1,1
0,7,1,1,0,1,0,1,0,1,0,1,1,1
_____________________________________________________
_____________________________________________________
132,0,0.0000,
0,7,1,1,0,1,0,1,0,1,0,1,1,1
1,6,1,1,0,1,0,1,0,1,0,1,1,1
_____________________________________________________
_____________________________________________________
133,11,0.0000,
1,6,1,1,0,1,0,1,0,1,0,1,1,1
1,6,1,1,0,1,0,1,0,0,0,1,0,1
_____________________________________________________
_____________________________________________________
134,6,0.0000,
1,6,1,1,0,1,0,1,0,0,0,1,0,1
1,6,1,1,0,0,0,0,0,0,1,1,0,0
_____________________________________________________
_____________________________________________________
135,2,0.0000,
1,6,1,1,0,0,0,0,0,0,1,1,0,0
1,6,1,1,0,1,0,1,1,0,1,1,0,1
_____________________________________________________
_____________________________________________________
136,7,0.0000,
1,6,1,1,0,1,0,1,1,0,1,1,0,1
0,7,1,1,0,1,0,1,0,0,0,1,0,1
_____________________________________________________
_____________________________________________________
137,0,0.0000,
0,7,1,1,0,1,0,1,0,0,0,1,0,1
0,7,1,1,0,1,0,0,1,0,1,1,0,0
_____________________________________________________
_____________________________________________________
138,0,0.0000,
0,7,1,1,0,1,0,0,1,0,1,1,0,0
0,7,1,1,0,0,0,0,1,0,1,1,0,0
_____________________________________________________
_____________________________________________________
139,0,0.0000,
0,7,1,1,0,0,0,0,1,0,1,1,0,0
0,7,0,0,0,0,0,0,0,0,0,0,0,0
_____________________________________________________
