_____________________________________________________
0,0,0.0000,
1,6,0,0,0,0,0,0,0,0,0,0,0,0
1,5,0,0,0,0,0,0,0,0,0,0,0,0
_____________________________________________________
_____________________________________________________
1,0,0.0000,
1,5,0,0,0,0,0,0,0,0,0,0,0,0
1,4,0,0,0,0,0,0,0,0,0,0,0,0
_____________________________________________________
_____________________________________________________
2,0,0.0000,
1,4,0,0,0,0,0,0,0,0,0,0,0,0
1,3,0,0,0,0,0,0,0,0,0,0,0,0
_____________________________________________________
_____________________________________________________
3,0,0.0000,
1,3,0,0,0,0,0,0,0,0,0,0,0,0
1,2,0,0,0,0,0,0,0,0,0,0,0,0
_____________________________________________________
_____________________________________________________
4,9,-1.0000,
1,2,0,0,0,0,0,0,0,0,0,0,0,0
0,7,0,0,0,0,0,0,0,0,-1,0,0,0
_____________________________________________________
_____________________________________________________
5,0,0.0000,
0,7,0,0,0,0,0,0,0,0,-1,0,0,0
1,6,0,0,0,0,0,0,0,0,-1,0,0,0
_____________________________________________________
_____________________________________________________
6,9,0.0000,
1,6,0,0,0,0,0,0,0,0,-1,0,0,0
1,6,0,0,0,0,0,0,0,0,-1,0,0,0
_____________________________________________________
_____________________________________________________
7,9,0.0000,
1,6,0,0,0,0,0,0,0,0,-1,0,0,0
0,7,0,0,0,0,1,0,0,0,-1,0,0,0
_____________________________________________________
_____________________________________________________
8,0,0.0000,
0,7,0,0,0,0,1,0,0,0,-1,0,0,0
0,7,0,1,1,0,1,0,0,0,-1,0,0,0
_____________________________________________________
_____________________________________________________
9,0,0.0000,
0,7,0,1,1,0,1,0,0,0,-1,0,0,0
0,7,0,1,1,0,1,0,0,0,-1,0,0,0
_____________________________________________________
_____________________________________________________
10,0,0.0000,
0,7,0,1,1,0,1,0,0,0,-1,0,0,0
0,7,0,1,1,0,1,0,0,0,-1,0,1,1
_____________________________________________________
_____________________________________________________
11,0,0.0000,
0,7,0,1,1,0,1,0,0,0,-1,0,1,1
1,6,1,1,1,0,1,0,0,1,-1,0,1,1
_____________________________________________________
_____________________________________________________
12,11,0.0000,
1,6,1,1,1,0,1,0,0,1,-1,0,1,1
0,7,1,1,1,0,1,0,0,0,-1,0,0,1
_____________________________________________________
_____________________________________________________
13,0,0.0000,
0,7,1,1,1,0,1,0,0,0,-1,0,0,1
0,7,0,0,0,1,0,0,0,0,0,0,0,0
_____________________________________________________
_____________________________________________________
14,0,0.0000,
0,7,0,0,0,1,0,0,0,0,0,0,0,0
1,6,0,0,0,1,0,0,0,0,0,0,0,0
_____________________________________________________
_____________________________________________________
15,0,0.0000,
1,6,0,0,0,1,0,0,0,0,0,0,0,0
1,5,1,0,0,1,0,1,0,0,0,0,0,0
_____________________________________________________
_____________________________________________________
16,6,0.0000,
1,5,1,0,0,1,0,1,0,0,0,0,0,0
1,6,0,0,0,1,0,0,0,0,0,0,0,0
_____________________________________________________
_____________________________________________________
17,0,0.0000,
1,6,0,0,0,1,0,0,0,0,0,0,0,0
1,5,0,0,0,1,0,0,0,0,0,0,0,0
_____________________________________________________
_____________________________________________________
18,0,0.0000,
1,5,0,0,0,1,0,0,0,0,0,0,0,0
2,4,0,0,0,1,0,0,0,0,0,0,0,0
_____________________________________________________
_____________________________________________________
19,0,0.0000,
2,4,0,0,0,1,0,0,0,0,0,0,0,0
3,3,0,0,0,1,0,0,0,0,0,0,0,0
_____________________________________________________
_____________________________________________________
20,9,-1.0000,
3,3,0,0,0,1,0,0,0,0,0,0,0,0
3,4,0,0,-1,1,0,0,0,0,-1,0,0,0
_____________________________________________________
_____________________________________________________
21,9,0.0000,
3,4,0,0,-1,1,0,0,0,0,-1,0,0,0
3,4,0,0,-1,1,0,0,0,0,-1,0,0,0
_____________________________________________________
_____________________________________________________
22,9,0.0000,
3,4,0,0,-1,1,0,0,0,0,-1,0,0,0
2,4,0,0,-1,1,0,0,0,0,-1,0,0,0
_____________________________________________________
_____________________________________________________
23,9,0.0000,
2,4,0,0,-1,1,0,0,0,0,-1,0,0,0
2,4,0,0,-1,1,0,0,0,0,-1,0,0,0
_____________________________________________________
_____________________________________________________
24,9,0.0000,
2,4,0,0,-1,1,0,0,0,0,-1,0,0,0
1,5,0,0,-1,1,0,0,0,0,-1,0,0,0
_____________________________________________________
_____________________________________________________
25,9,0.0000,
1,5,0,0,-1,1,0,0,0,0,-1,0,0,0
1,6,0,0,-1,1,0,0,0,0,-1,0,0,0
_____________________________________________________
_____________________________________________________
26,9,0.0000,
1,6,0,0,-1,1,0,0,0,0,-1,0,0,0
0,7,0,0,-1,1,0,0,0,0,-1,0,0,0
_____________________________________________________
_____________________________________________________
27,0,0.0000,
0,7,0,0,-1,1,0,0,0,0,-1,0,0,0
1,6,-1,0,1,1,0,0,0,1,0,0,0,0
_____________________________________________________
_____________________________________________________
28,1,0.0000,
1,6,-1,0,1,1,0,0,0,1,0,0,0,0
1,6,-1,0,1,0,0,0,0,1,0,0,0,0
_____________________________________________________
_____________________________________________________
29,1,0.0000,
1,6,-1,0,1,0,0,0,0,1,0,0,0,0
0,7,-1,0,0,0,0,0,0,1,0,0,0,0
_____________________________________________________
_____________________________________________________
30,0,0.0000,
0,7,-1,0,0,0,0,0,0,1,0,0,0,0
0,7,-1,0,0,0,0,0,0,1,0,0,0,0
_____________________________________________________
_____________________________________________________
31,0,0.0000,
0,7,-1,0,0,0,0,0,0,1,0,0,0,0
1,6,-1,0,0,0,0,0,0,0,0,0,0,0
_____________________________________________________
_____________________________________________________
32,1,0.0000,
1,6,-1,0,0,0,0,0,0,0,0,0,0,0
0,7,-1,0,0,0,0,0,1,0,0,0,0,0
_____________________________________________________
_____________________________________________________
33,0,0.0000,
0,7,-1,0,0,0,0,0,1,0,0,0,0,0
0,7,-1,1,0,0,1,0,1,0,0,0,0,0
_____________________________________________________
_____________________________________________________
34,0,0.0000,
0,7,-1,1,0,0,1,0,1,0,0,0,0,0
0,7,-1,1,0,0,1,0,1,0,0,0,0,0
_____________________________________________________
_____________________________________________________
35,0,0.0000,
0,7,-1,1,0,0,1,0,1,0,0,0,0,0
0,7,-1,1,0,0,1,0,1,0,0,0,0,0
_____________________________________________________
_____________________________________________________
36,0,0.0000,
0,7,-1,1,0,0,1,0,1,0,0,0,0,0
1,6,-1,1,0,1,1,0,1,0,0,0,0,0
_____________________________________________________
_____________________________________________________
37,1,0.0000,
1,6,-1,1,0,1,1,0,1,0,0,0,0,0
1,6,-1,1,1,1,1,0,1,0,0,0,0,0
_____________________________________________________
_____________________________________________________
38,7,0.0000,
1,6,-1,1,1,1,1,0,1,0,0,0,0,0
0,7,-1,0,1,1,0,0,0,0,0,0,0,1
_____________________________________________________
_____________________________________________________
39,0,0.0000,
0,7,-1,0,1,1,0,0,0,0,0,0,0,1
0,7,-1,0,1,1,0,0,0,0,0,0,0,1
_____________________________________________________
_____________________________________________________
40,0,0.0000,
0,7,-1,0,1,1,0,0,0,0,0,0,0,1
0,7,-1,0,1,0,0,0,0,0,0,0,0,1
_____________________________________________________
_____________________________________________________
41,0,0.0000,
0,7,-1,0,1,0,0,0,0,0,0,0,0,1
1,6,0,0,-1,0,1,0,1,0,0,0,0,0
_____________________________________________________
_____________________________________________________
42,7,0.0000,
1,6,0,0,-1,0,1,0,1,0,0,0,0,0
0,7,0,0,-1,0,0,0,0,0,0,0,0,0
_____________________________________________________
_____________________________________________________
43,0,0.0000,
0,7,0,0,-1,0,0,0,0,0,0,0,0,0
1,6,0,0,-1,0,0,0,0,1,0,1,1,0
_____________________________________________________
_____________________________________________________
44,11,0.0000,
1,6,0,0,-1,0,0,0,0,1,0,1,1,0
0,7,0,0,-1,0,0,0,0,0,0,1,0,0
_____________________________________________________
_____________________________________________________
45,0,0.0000,
0,7,0,0,-1,0,0,0,0,0,0,1,0,0
1,6,0,0,-1,0,0,1,0,1,0,1,1,0
_____________________________________________________
_____________________________________________________
46,11,0.0000,
1,6,0,0,-1,0,0,1,0,1,0,1,1,0
0,7,0,0,-1,0,0,0,0,0,0,1,0,0
_____________________________________________________
_____________________________________________________
47,0,0.0000,
0,7,0,0,-1,0,0,0,0,0,0,1,0,0
1,6,0,0,-1,0,0,0,0,0,0,1,0,0
_____________________________________________________
_____________________________________________________
48,0,0.0000,
1,6,0,0,-1,0,0,0,0,0,0,1,0,0
2,5,0,0,-1,0,0,0,0,0,0,1,0,0
_____________________________________________________
_____________________________________________________
49,9,-1.0000,
2,5,0,0,-1,0,0,0,0,0,0,1,0,0
1,5,0,0,0,-1,0,0,0,0,-1,1,0,0
_____________________________________________________
_____________________________________________________
50,9,0.0000,
1,5,0,0,0,-1,0,0,0,0,-1,1,0,0
1,6,1,0,0,-1,0,1,1,1,-1,1,1,0
_____________________________________________________
_____________________________________________________
51,11,0.0000,
1,6,1,0,0,-1,0,1,1,1,-1,1,1,0
1,6,0,0,0,-1,1,0,1,0,-1,1,0,0
_____________________________________________________
_____________________________________________________
52,9,0.0000,
1,6,0,0,0,-1,1,0,1,0,-1,1,0,0
0,7,0,0,0,-1,1,0,1,0,-1,1,0,0
_____________________________________________________
_____________________________________________________
53,0,0.0000,
0,7,0,0,0,-1,1,0,1,0,-1,1,0,0
0,7,0,0,0,-1,1,0,1,0,-1,1,0,0
_____________________________________________________
_____________________________________________________
54,0,0.0000,
0,7,0,0,0,-1,1,0,1,0,-1,1,0,0
1,6,0,0,0,-1,1,0,1,0,-1,1,0,0
_____________________________________________________
_____________________________________________________
55,9,0.0000,
1,6,0,0,0,-1,1,0,1,0,-1,1,0,0
1,6,-1,-1,0,0,1,1,-1,0,1,-1,1,0
_____________________________________________________
_____________________________________________________
56,7,0.0000,
1,6,-1,-1,0,0,1,1,-1,0,1,-1,1,0
1,6,0,-1,0,0,1,1,-1,0,1,0,1,0
_____________________________________________________
_____________________________________________________
57,7,0.0000,
1,6,0,-1,0,0,1,1,-1,0,1,0,1,0
0,7,0,-1,0,0,1,1,-1,0,1,0,1,0
_____________________________________________________
_____________________________________________________
58,0,0.0000,
0,7,0,-1,0,0,1,1,-1,0,1,0,1,0
0,7,0,-1,0,0,1,1,-1,0,1,0,1,0
_____________________________________________________
_____________________________________________________
59,0,0.0000,
0,7,0,-1,0,0,1,1,-1,0,1,0,1,0
0,7,0,-1,0,0,1,1,-1,0,1,0,1,0
_____________________________________________________
_____________________________________________________
60,0,0.0000,
0,7,0,-1,0,0,1,1,-1,0,1,0,1,0
1,6,0,-1,0,0,1,1,-1,0,1,0,1,0
_____________________________________________________
_____________________________________________________
61,7,0.0000,
1,6,0,-1,0,0,1,1,-1,0,1,0,1,0
1,6,0,-1,0,0,1,1,-1,0,1,0,1,0
_____________________________________________________
_____________________________________________________
62,7,0.0000,
1,6,0,-1,0,0,1,1,-1,0,1,0,1,0
0,7,0,-1,0,0,1,1,-1,0,1,0,1,0
_____________________________________________________
_____________________________________________________
63,0,0.0000,
0,7,0,-1,0,0,1,1,-1,0,1,0,1,0
1,6,0,-1,0,0,1,1,-1,0,1,0,1,0
_____________________________________________________
_____________________________________________________
64,7,0.0000,
1,6,0,-1,0,0,1,1,-1,0,1,0,1,0
0,7,0,-1,0,0,1,1,-1,0,1,0,1,0
_____________________________________________________
_____________________________________________________
65,0,0.0000,
0,7,0,-1,0,0,1,1,-1,0,1,0,1,0
0,7,0,-1,0,0,1,1,-1,1,1,0,1,0
_____________________________________________________
_____________________________________________________
66,0,0.0000,
0,7,0,-1,0,0,1,1,-1,1,1,0,1,0
0,7,0,-1,0,0,1,1,0,1,1,0,1,0
_____________________________________________________
_____________________________________________________
67,0,0.0000,
0,7,0,-1,0,0,1,1,0,1,1,0,1,0
1,6,0,0,0,0,1,1,0,1,1,0,1,0
_____________________________________________________
_____________________________________________________
68,5,0.0000,
1,6,0,0,0,0,1,1,0,1,1,0,1,0
0,7,0,0,0,0,0,0,0,1,0,0,0,0
_____________________________________________________
_____________________________________________________
69,0,0.0000,
0,7,0,0,0,0,0,0,0,1,0,0,0,0
0,7,0,0,0,0,0,0,0,1,1,0,0,0
_____________________________________________________
_____________________________________________________
70,0,0.0000,
0,7,0,0,0,0,0,0,0,1,1,0,0,0
0,7,0,1,0,0,0,0,0,1,1,0,0,0
_____________________________________________________
_____________________________________________________
71,0,0.0000,
0,7,0,1,0,0,0,0,0,1,1,0,0,0
0,7,0,1,0,0,0,0,0,1,1,0,0,0
_____________________________________________________
_____________________________________________________
72,0,0.0000,
0,7,0,1,0,0,0,0,0,1,1,0,0,0
1,6,0,1,0,0,0,0,0,1,1,0,0,0
_____________________________________________________
_____________________________________________________
73,9,0.0000,
1,6,0,1,0,0,0,0,0,1,1,0,0,0
1,6,0,0,0,0,0,0,0,0,0,0,0,0
_____________________________________________________
_____________________________________________________
74,0,0.0000,
1,6,0,0,0,0,0,0,0,0,0,0,0,0
1,5,0,0,0,1,0,0,0,0,0,1,1,0
_____________________________________________________
_____________________________________________________
75,11,0.0000,
1,5,0,0,0,1,0,0,0,0,0,1,1,0
1,6,0,0,0,0,0,0,0,0,0,0,0,0
_____________________________________________________
_____________________________________________________
76,0,0.0000,
1,6,0,0,0,0,0,0,0,0,0,0,0,0
2,5,0,0,0,0,0,0,0,0,0,0,0,0
_____________________________________________________
_____________________________________________________
77,9,-1.0000,
2,5,0,0,0,0,0,0,0,0,0,0,0,0
2,5,0,0,0,0,0,0,0,0,0,0,0,0
_____________________________________________________
_____________________________________________________
78,9,-1.0000,
2,5,0,0,0,0,0,0,0,0,0,0,0,0
1,5,0,-1,0,0,0,0,0,-1,-1,0,0,0
_____________________________________________________
_____________________________________________________
79,9,0.0000,
1,5,0,-1,0,0,0,0,0,-1,-1,0,0,0
0,7,0,-1,0,0,0,0,0,-1,-1,0,0,0
_____________________________________________________
_____________________________________________________
80,0,0.0000,
0,7,0,-1,0,0,0,0,0,-1,-1,0,0,0
1,6,0,-1,0,0,0,0,0,-1,-1,0,0,0
_____________________________________________________
_____________________________________________________
81,9,0.0000,
1,6,0,-1,0,0,0,0,0,-1,-1,0,0,0
0,7,0,-1,0,0,0,0,0,-1,-1,0,0,0
_____________________________________________________
_____________________________________________________
82,0,0.0000,
0,7,0,-1,0,0,0,0,0,-1,-1,0,0,0
1,6,0,-1,0,0,0,0,0,-1,-1,0,0,0
_____________________________________________________
_____________________________________________________
83,9,0.0000,
1,6,0,-1,0,0,0,0,0,-1,-1,0,0,0
1,6,0,0,0,0,1,0,1,0,0,0,0,1
_____________________________________________________
_____________________________________________________
84,7,0.0000,
1,6,0,0,0,0,1,0,1,0,0,0,0,1
0,7,0,0,0,0,1,0,0,0,0,0,0,1
_____________________________________________________
_____________________________________________________
85,0,0.0000,
0,7,0,0,0,0,1,0,0,0,0,0,0,1
1,6,0,0,0,0,1,0,0,0,0,0,0,1
_____________________________________________________
_____________________________________________________
86,5,0.0000,
1,6,0,0,0,0,1,0,0,0,0,0,0,1
0,7,0,0,0,0,0,0,0,0,0,0,0,0
_____________________________________________________
_____________________________________________________
87,0,0.0000,
0,7,0,0,0,0,0,0,0,0,0,0,0,0
0,7,0,0,0,0,1,0,0,0,0,0,0,0
_____________________________________________________
_____________________________________________________
88,0,0.0000,
0,7,0,0,0,0,1,0,0,0,0,0,0,0
0,7,0,0,0,0,1,0,0,0,0,0,0,0
_____________________________________________________
_____________________________________________________
89,0,0.0000,
0,7,0,0,0,0,1,0,0,0,0,0,0,0
0,7,0,0,0,0,1,0,0,0,0,0,0,0
_____________________________________________________
_____________________________________________________
90,0,0.0000,
0,7,0,0,0,0,1,0,0,0,0,0,0,0
1,6,0,0,0,0,1,0,0,0,0,0,0,0
_____________________________________________________
_____________________________________________________
91,5,0.0000,
1,6,0,0,0,0,1,0,0,0,0,0,0,0
0,7,0,0,0,0,0,0,0,0,0,0,0,0
_____________________________________________________
_____________________________________________________
92,0,0.0000,
0,7,0,0,0,0,0,0,0,0,0,0,0,0
1,6,0,0,0,0,0,0,0,0,0,0,0,0
_____________________________________________________
_____________________________________________________
93,0,0.0000,
1,6,0,0,0,0,0,0,0,0,0,0,0,0
2,5,0,0,0,0,0,0,0,0,0,0,0,0
_____________________________________________________
_____________________________________________________
94,9,-1.0000,
2,5,0,0,0,0,0,0,0,0,0,0,0,0
1,5,0,0,0,0,0,0,0,0,-1,0,0,0
_____________________________________________________
_____________________________________________________
95,9,0.0000,
1,5,0,0,0,0,0,0,0,0,-1,0,0,0
0,7,0,0,0,0,0,0,0,0,-1,0,0,0
_____________________________________________________
_____________________________________________________
96,0,0.0000,
0,7,0,0,0,0,0,0,0,0,-1,0,0,0
1,6,0,0,0,0,0,0,0,0,-1,0,0,0
_____________________________________________________
_____________________________________________________
97,9,0.0000,
1,6,0,0,0,0,0,0,0,0,-1,0,0,0
0,7,0,0,0,-1,0,0,0,0,0,0,0,0
_____________________________________________________
_____________________________________________________
98,0,0.0000,
0,7,0,0,0,-1,0,0,0,0,0,0,0,0
0,7,0,0,0,-1,0,0,0,0,0,0,0,0
_____________________________________________________
_____________________________________________________
99,0,0.0000,
0,7,0,0,0,-1,0,0,0,0,0,0,0,0
0,7,0,0,0,-1,0,0,0,0,0,0,0,0
_____________________________________________________
_____________________________________________________
100,0,0.0000,
0,7,0,0,0,-1,0,0,0,0,0,0,0,0
0,7,0,0,0,-1,1,0,0,1,0,0,0,0
_____________________________________________________
_____________________________________________________
101,0,0.0000,
0,7,0,0,0,-1,1,0,0,1,0,0,0,0
1,6,0,0,0,-1,1,0,0,1,0,0,0,0
_____________________________________________________
_____________________________________________________
102,5,0.0000,
1,6,0,0,0,-1,1,0,0,1,0,0,0,0
0,7,0,0,0,-1,0,0,0,0,0,0,0,0
_____________________________________________________
_____________________________________________________
103,0,0.0000,
0,7,0,0,0,-1,0,0,0,0,0,0,0,0
0,7,0,0,0,-1,0,0,0,0,0,0,0,0
_____________________________________________________
_____________________________________________________
104,0,0.0000,
0,7,0,0,0,-1,0,0,0,0,0,0,0,0
0,7,0,0,1,-1,0,0,0,0,1,0,0,1
_____________________________________________________
_____________________________________________________
105,0,0.0000,
0,7,0,0,1,-1,0,0,0,0,1,0,0,1
0,7,0,0,1,-1,0,0,0,0,1,0,0,1
_____________________________________________________
_____________________________________________________
106,0,0.0000,
0,7,0,0,1,-1,0,0,0,0,1,0,0,1
1,6,0,0,1,-1,0,0,0,0,1,0,0,0
_____________________________________________________
_____________________________________________________
107,9,0.0000,
1,6,0,0,1,-1,0,0,0,0,1,0,0,0
0,7,0,0,0,-1,0,0,0,0,0,0,0,0
_____________________________________________________
_____________________________________________________
108,0,0.0000,
0,7,0,0,0,-1,0,0,0,0,0,0,0,0
1,6,0,0,0,-1,0,0,0,0,0,0,0,1
_____________________________________________________
_____________________________________________________
109,12,0.0000,
1,6,0,0,0,-1,0,0,0,0,0,0,0,1
0,7,0,0,0,-1,0,0,0,0,0,0,0,0
_____________________________________________________
_____________________________________________________
110,0,0.0000,
0,7,0,0,0,-1,0,0,0,0,0,0,0,0
0,7,0,0,0,-1,0,0,0,0,0,0,0,0
_____________________________________________________
_____________________________________________________
111,0,0.0000,
0,7,0,0,0,-1,0,0,0,0,0,0,0,0
1,6,0,0,0,0,0,0,0,-1,0,-1,0,1
_____________________________________________________
_____________________________________________________
112,10,0.0000,
1,6,0,0,0,0,0,0,0,-1,0,-1,0,1
1,6,0,0,0,0,0,0,0,1,0,-1,0,1
_____________________________________________________
_____________________________________________________
113,12,0.0000,
1,6,0,0,0,0,0,0,0,1,0,-1,0,1
0,7,0,0,0,0,0,0,0,0,0,-1,0,0
_____________________________________________________
_____________________________________________________
114,0,0.0000,
0,7,0,0,0,0,0,0,0,0,0,-1,0,0
0,7,0,0,0,0,0,0,0,0,0,-1,0,0
_____________________________________________________
_____________________________________________________
115,0,0.0000,
0,7,0,0,0,0,0,0,0,0,0,-1,0,0
0,7,0,0,0,0,0,0,0,1,0,-1,0,1
_____________________________________________________
_____________________________________________________
116,0,0.0000,
0,7,0,0,0,0,0,0,0,1,0,-1,0,1
1,6,0,0,0,0,0,0,0,1,0,-1,0,1
_____________________________________________________
_____________________________________________________
117,12,0.0000,
1,6,0,0,0,0,0,0,0,1,0,-1,0,1
0,7,0,0,0,0,0,0,0,0,0,-1,0,0
_____________________________________________________
_____________________________________________________
118,0,0.0000,
0,7,0,0,0,0,0,0,0,0,0,-1,0,0
0,7,0,0,0,0,0,0,0,0,0,-1,0,0
_____________________________________________________
_____________________________________________________
119,0,0.0000,
0,7,0,0,0,0,0,0,0,0,0,-1,0,0
1,6,0,0,0,0,0,0,0,0,0,-1,0,0
_____________________________________________________
_____________________________________________________
120,10,0.0000,
1,6,0,0,0,0,0,0,0,0,0,-1,0,0
0,7,0,0,0,0,0,0,0,0,0,-1,0,0
_____________________________________________________
_____________________________________________________
121,0,0.0000,
0,7,0,0,0,0,0,0,0,0,0,-1,0,0
1,6,0,0,0,0,0,0,0,0,0,-1,1,0
_____________________________________________________
_____________________________________________________
122,10,0.0000,
1,6,0,0,0,0,0,0,0,0,0,-1,1,0
0,7,0,0,0,0,0,0,0,0,0,-1,1,0
_____________________________________________________
_____________________________________________________
123,0,0.0000,
0,7,0,0,0,0,0,0,0,0,0,-1,1,0
0,7,0,1,0,0,0,0,0,0,0,-1,1,0
_____________________________________________________
_____________________________________________________
124,0,0.0000,
0,7,0,1,0,0,0,0,0,0,0,-1,1,0
0,7,0,1,0,0,0,0,0,0,0,-1,1,0
_____________________________________________________
_____________________________________________________
125,0,0.0000,
0,7,0,1,0,0,0,0,0,0,0,-1,1,0
1,6,1,1,0,1,0,1,1,0,0,0,0,0
_____________________________________________________
_____________________________________________________
126,7,0.0000,
1,6,1,1,0,1,0,1,1,0,0,0,0,0
0,7,0,1,0,1,0,1,0,0,0,1,0,0
_____________________________________________________
_____________________________________________________
127,0,0.0000,
0,7,0,1,0,1,0,1,0,0,0,1,0,0
1,6,0,1,1,1,0,1,0,0,0,1,0,0
_____________________________________________________
_____________________________________________________
128,6,0.0000,
1,6,0,1,1,1,0,1,0,0,0,1,0,0
1,6,0,1,1,1,0,0,0,0,0,1,0,0
_____________________________________________________
_____________________________________________________
129,2,0.0000,
1,6,0,1,1,1,0,0,0,0,0,1,0,0
1,6,0,0,1,0,0,0,1,0,0,1,0,0
_____________________________________________________
_____________________________________________________
130,7,0.0000,
1,6,0,0,1,0,0,0,1,0,0,1,0,0
1,6,0,0,1,0,0,0,0,0,0,1,0,0
_____________________________________________________
_____________________________________________________
131,3,0.0000,
1,6,0,0,1,0,0,0,0,0,0,1,0,0
0,7,0,0,0,0,0,0,0,0,0,0,0,0
_____________________________________________________
_____________________________________________________
132,0,0.0000,
0,7,0,0,0,0,0,0,0,0,0,0,0,0
1,6,0,0,0,0,0,0,0,0,0,0,0,0
_____________________________________________________
_____________________________________________________
133,0,0.0000,
1,6,0,0,0,0,0,0,0,0,0,0,0,0
1,5,0,0,0,0,0,0,0,0,0,0,0,0
_____________________________________________________
_____________________________________________________
134,0,0.0000,
1,5,0,0,0,0,0,0,0,0,0,0,0,0
2,4,0,0,0,0,0,0,0,0,0,0,0,0
_____________________________________________________
_____________________________________________________
135,9,-1.0000,
2,4,0,0,0,0,0,0,0,0,0,0,0,0
1,5,0,0,0,0,0,0,0,-1,-1,0,0,-1
_____________________________________________________
_____________________________________________________
136,9,0.0000,
1,5,0,0,0,0,0,0,0,-1,-1,0,0,-1
0,7,0,0,0,0,0,0,0,-1,-1,0,0,-1
_____________________________________________________
_____________________________________________________
137,0,0.0000,
0,7,0,0,0,0,0,0,0,-1,-1,0,0,-1
0,7,0,0,0,0,0,0,0,-1,-1,0,0,-1
_____________________________________________________
_____________________________________________________
138,0,0.0000,
0,7,0,0,0,0,0,0,0,-1,-1,0,0,-1
0,7,0,0,0,0,0,0,0,-1,-1,0,0,-1
_____________________________________________________
_____________________________________________________
139,0,0.0000,
0,7,0,0,0,0,0,0,0,-1,-1,0,0,-1
0,7,0,0,0,0,0,0,0,0,0,0,0,0
_____________________________________________________
