_____________________________________________________
0,11,0.0000,
5,2,1,1,1,1,1,1,1,1,1,1,1,1
4,2,1,1,1,1,0,0,1,1,1,1,0,1
_____________________________________________________
_____________________________________________________
1,7,0.0000,
4,2,1,1,1,1,0,0,1,1,1,1,0,1
3,2,1,1,1,1,0,0,0,0,1,0,0,1
_____________________________________________________
_____________________________________________________
2,12,0.0000,
3,2,1,1,1,1,0,0,0,0,1,0,0,1
2,2,1,1,1,1,0,0,0,0,1,0,0,0
_____________________________________________________
_____________________________________________________
3,2,0.0000,
2,2,1,1,1,1,0,0,0,0,1,0,0,0
1,2,1,0,1,1,0,0,0,0,1,0,0,0
_____________________________________________________
_____________________________________________________
4,9,0.0000,
1,2,1,0,1,1,0,0,0,0,1,0,0,0
1,6,1,0,1,1,0,0,0,0,0,0,0,0
_____________________________________________________
_____________________________________________________
5,1,0.0000,
1,6,1,0,1,1,0,0,0,0,0,0,0,0
0,7,0,0,1,1,0,0,0,0,0,0,0,0
_____________________________________________________
_____________________________________________________
6,0,0.0000,
0,7,0,0,1,1,0,0,0,0,0,0,0,0
1,6,0,0,1,1,0,0,0,0,0,0,0,0
_____________________________________________________
_____________________________________________________
7,3,0.0000,
1,6,0,0,1,1,0,0,0,0,0,0,0,0
0,7,0,0,0,1,0,0,0,0,1,0,0,0
_____________________________________________________
_____________________________________________________
8,0,0.0000,
0,7,0,0,0,1,0,0,0,0,1,0,0,0
0,7,0,0,0,1,0,0,0,1,1,1,0,0
_____________________________________________________
_____________________________________________________
9,0,0.0000,
0,7,0,0,0,1,0,0,0,1,1,1,0,0
0,7,0,0,0,1,0,0,1,1,1,1,0,0
_____________________________________________________
_____________________________________________________
10,0,0.0000,
0,7,0,0,0,1,0,0,1,1,1,1,0,0
1,6,0,0,1,1,0,0,1,1,1,1,0,0
_____________________________________________________
_____________________________________________________
11,7,0.0000,
1,6,0,0,1,1,0,0,1,1,1,1,0,0
1,6,0,0,1,1,0,0,0,0,1,0,0,0
_____________________________________________________
_____________________________________________________
12,9,0.0000,
1,6,0,0,1,1,0,0,0,0,1,0,0,0
0,7,0,0,1,1,0,0,0,0,0,0,0,0
_____________________________________________________
_____________________________________________________
13,0,0.0000,
0,7,0,0,1,1,0,0,0,0,0,0,0,0
0,7,1,0,0,0,0,0,0,1,0,1,0,0
_____________________________________________________
_____________________________________________________
14,0,0.0000,
0,7,1,0,0,0,0,0,0,1,0,1,0,0
1,6,1,0,0,0,0,0,0,1,0,1,0,0
_____________________________________________________
_____________________________________________________
15,10,0.0000,
1,6,1,0,0,0,0,0,0,1,0,1,0,0
0,7,1,0,0,0,1,0,0,1,0,0,1,0
_____________________________________________________
_____________________________________________________
16,0,0.0000,
0,7,1,0,0,0,1,0,0,1,0,0,1,0
0,7,1,0,0,0,1,0,0,1,0,0,1,0
_____________________________________________________
_____________________________________________________
17,0,0.0000,
0,7,1,0,0,0,1,0,0,1,0,0,1,0
1,6,1,0,0,0,1,0,0,1,0,0,1,0
_____________________________________________________
_____________________________________________________
18,11,0.0000,
1,6,1,0,0,0,1,0,0,1,0,0,1,0
0,7,1,0,0,0,0,0,0,1,0,1,0,0
_____________________________________________________
_____________________________________________________
19,0,0.0000,
0,7,1,0,0,0,0,0,0,1,0,1,0,0
0,7,1,0,0,0,0,0,0,1,0,1,0,0
_____________________________________________________
_____________________________________________________
20,0,0.0000,
0,7,1,0,0,0,0,0,0,1,0,1,0,0
1,6,1,0,0,0,0,0,0,1,0,1,0,0
_____________________________________________________
_____________________________________________________
21,1,0.0000,
1,6,1,0,0,0,0,0,0,1,0,1,0,0
1,6,0,0,0,0,0,0,0,1,0,1,0,1
_____________________________________________________
_____________________________________________________
22,12,0.0000,
1,6,0,0,0,0,0,0,0,1,0,1,0,1
1,6,0,0,0,0,0,0,0,1,0,1,0,0
_____________________________________________________
_____________________________________________________
23,8,0.0000,
1,6,0,0,0,0,0,0,0,1,0,1,0,0
1,6,0,1,0,1,0,0,0,0,0,1,0,0
_____________________________________________________
_____________________________________________________
24,2,0.0000,
1,6,0,1,0,1,0,0,0,0,0,1,0,0
0,7,0,0,0,0,0,0,0,0,0,1,0,0
_____________________________________________________
_____________________________________________________
25,0,0.0000,
0,7,0,0,0,0,0,0,0,0,0,1,0,0
1,6,0,0,0,0,0,0,0,0,0,1,0,0
_____________________________________________________
_____________________________________________________
26,10,0.0000,
1,6,0,0,0,0,0,0,0,0,0,1,0,0
1,6,0,0,0,0,0,0,0,0,0,0,0,0
_____________________________________________________
_____________________________________________________
27,0,0.0000,
1,6,0,0,0,0,0,0,0,0,0,0,0,0
1,5,0,0,0,0,0,0,0,0,0,0,0,0
_____________________________________________________
_____________________________________________________
28,0,0.0000,
1,5,0,0,0,0,0,0,0,0,0,0,0,0
1,4,0,0,1,0,0,0,0,0,0,0,0,0
_____________________________________________________
_____________________________________________________
29,3,0.0000,
1,4,0,0,1,0,0,0,0,0,0,0,0,0
1,6,0,0,0,0,0,0,0,0,0,0,0,0
_____________________________________________________
_____________________________________________________
30,0,0.0000,
1,6,0,0,0,0,0,0,0,0,0,0,0,0
1,5,0,0,0,0,0,0,0,0,0,0,0,0
_____________________________________________________
_____________________________________________________
31,0,0.0000,
1,5,0,0,0,0,0,0,0,0,0,0,0,0
2,4,1,0,0,0,0,0,0,0,0,0,0,1
_____________________________________________________
_____________________________________________________
32,12,0.0000,
2,4,1,0,0,0,0,0,0,0,0,0,0,1
2,5,0,0,0,0,0,0,0,0,0,0,1,0
_____________________________________________________
_____________________________________________________
33,11,0.0000,
2,5,0,0,0,0,0,0,0,0,0,0,1,0
1,5,0,0,0,0,0,0,0,0,0,0,0,0
_____________________________________________________
_____________________________________________________
34,0,0.0000,
1,5,0,0,0,0,0,0,0,0,0,0,0,0
2,4,1,0,1,0,0,0,0,0,0,0,0,1
_____________________________________________________
_____________________________________________________
35,12,0.0000,
2,4,1,0,1,0,0,0,0,0,0,0,0,1
1,5,0,0,1,0,0,0,0,0,0,0,0,0
_____________________________________________________
_____________________________________________________
36,3,0.0000,
1,5,0,0,1,0,0,0,0,0,0,0,0,0
0,7,0,0,0,0,0,0,0,0,0,0,0,0
_____________________________________________________
_____________________________________________________
37,0,0.0000,
0,7,0,0,0,0,0,0,0,0,0,0,0,0
1,6,1,0,0,0,0,0,0,0,0,0,1,1
_____________________________________________________
_____________________________________________________
38,11,0.0000,
1,6,1,0,0,0,0,0,0,0,0,0,1,1
1,6,1,0,0,1,0,1,0,0,0,0,0,1
_____________________________________________________
_____________________________________________________
39,12,0.0000,
1,6,1,0,0,1,0,1,0,0,0,0,0,1
1,6,0,0,1,1,0,1,0,0,0,0,0,0
_____________________________________________________
_____________________________________________________
40,6,0.0000,
1,6,0,0,1,1,0,1,0,0,0,0,0,0
1,6,0,0,1,0,0,0,0,0,0,0,0,0
_____________________________________________________
_____________________________________________________
41,3,0.0000,
1,6,0,0,1,0,0,0,0,0,0,0,0,0
0,7,0,0,0,0,0,0,0,0,0,0,0,0
_____________________________________________________
_____________________________________________________
42,0,0.0000,
0,7,0,0,0,0,0,0,0,0,0,0,0,0
0,7,1,0,0,0,0,1,1,1,1,0,0,0
_____________________________________________________
_____________________________________________________
43,0,0.0000,
0,7,1,0,0,0,0,1,1,1,1,0,0,0
0,7,1,0,0,0,0,1,1,1,1,0,0,0
_____________________________________________________
_____________________________________________________
44,0,0.0000,
0,7,1,0,0,0,0,1,1,1,1,0,0,0
1,6,1,0,0,0,0,1,1,1,1,0,0,0
_____________________________________________________
_____________________________________________________
45,7,0.0000,
1,6,1,0,0,0,0,1,1,1,1,0,0,0
0,7,1,0,0,0,0,1,0,1,1,0,0,0
_____________________________________________________
_____________________________________________________
46,0,0.0000,
0,7,1,0,0,0,0,1,0,1,1,0,0,0
0,7,1,0,0,0,0,1,1,1,1,0,0,0
_____________________________________________________
_____________________________________________________
47,0,0.0000,
0,7,1,0,0,0,0,1,1,1,1,0,0,0
0,7,1,0,0,0,0,1,1,1,1,0,0,0
_____________________________________________________
_____________________________________________________
48,0,0.0000,
0,7,1,0,0,0,0,1,1,1,1,0,0,0
0,7,1,1,0,0,0,1,1,1,1,1,0,0
_____________________________________________________
_____________________________________________________
49,0,0.0000,
0,7,1,1,0,0,0,1,1,1,1,1,0,0
1,6,1,1,0,0,0,1,1,1,1,1,0,0
_____________________________________________________
_____________________________________________________
50,7,0.0000,
1,6,1,1,0,0,0,1,1,1,1,1,0,0
1,6,1,1,0,0,1,1,0,0,1,1,0,0
_____________________________________________________
_____________________________________________________
51,5,0.0000,
1,6,1,1,0,0,1,1,0,0,1,1,0,0
1,6,1,1,0,0,0,1,1,1,1,1,0,0
_____________________________________________________
_____________________________________________________
52,2,0.0000,
1,6,1,1,0,0,0,1,1,1,1,1,0,0
0,7,1,0,0,0,0,1,1,1,1,0,0,0
_____________________________________________________
_____________________________________________________
53,0,0.0000,
0,7,1,0,0,0,0,1,1,1,1,0,0,0
1,6,1,0,0,0,0,1,1,1,1,0,0,0
_____________________________________________________
_____________________________________________________
54,7,0.0000,
1,6,1,0,0,0,0,1,1,1,1,0,0,0
1,6,1,0,0,0,0,1,1,1,1,0,0,0
_____________________________________________________
_____________________________________________________
55,7,0.0000,
1,6,1,0,0,0,0,1,1,1,1,0,0,0
1,6,0,1,0,1,0,0,0,0,0,0,1,0
_____________________________________________________
_____________________________________________________
56,11,0.0000,
1,6,0,1,0,1,0,0,0,0,0,0,1,0
0,7,0,0,0,0,0,0,0,0,0,0,0,0
_____________________________________________________
_____________________________________________________
57,0,0.0000,
0,7,0,0,0,0,0,0,0,0,0,0,0,0
1,6,0,1,0,1,1,0,0,0,0,0,1,0
_____________________________________________________
_____________________________________________________
58,11,0.0000,
1,6,0,1,0,1,1,0,0,0,0,0,1,0
0,7,0,0,1,0,1,0,0,0,0,0,0,1
_____________________________________________________
_____________________________________________________
59,0,0.0000,
0,7,0,0,1,0,1,0,0,0,0,0,0,1
1,6,0,0,1,0,1,0,0,0,0,0,0,1
_____________________________________________________
_____________________________________________________
60,5,0.0000,
1,6,0,0,1,0,1,0,0,0,0,0,0,1
0,7,0,0,0,1,0,0,0,0,0,0,1,1
_____________________________________________________
_____________________________________________________
61,0,0.0000,
0,7,0,0,0,1,0,0,0,0,0,0,1,1
0,7,0,1,0,1,1,0,0,0,0,0,1,1
_____________________________________________________
_____________________________________________________
62,0,0.0000,
0,7,0,1,0,1,1,0,0,0,0,0,1,1
0,7,0,1,1,1,1,0,0,0,0,0,1,1
_____________________________________________________
_____________________________________________________
63,0,0.0000,
0,7,0,1,1,1,1,0,0,0,0,0,1,1
1,6,0,1,1,1,1,0,0,0,0,1,1,1
_____________________________________________________
_____________________________________________________
64,11,0.0000,
1,6,0,1,1,1,1,0,0,0,0,1,1,1
1,6,1,0,1,0,1,0,0,1,1,1,1,1
_____________________________________________________
_____________________________________________________
65,11,0.0000,
1,6,1,0,1,0,1,0,0,1,1,1,1,1
0,7,1,0,1,0,1,0,0,1,1,1,0,1
_____________________________________________________
_____________________________________________________
66,0,0.0000,
0,7,1,0,1,0,1,0,0,1,1,1,0,1
1,6,1,0,1,1,1,0,0,1,1,1,1,1
_____________________________________________________
_____________________________________________________
67,11,0.0000,
1,6,1,0,1,1,1,0,0,1,1,1,1,1
1,6,1,0,1,0,1,0,0,1,1,1,0,1
_____________________________________________________
_____________________________________________________
68,5,0.0000,
1,6,1,0,1,0,1,0,0,1,1,1,0,1
1,6,1,0,0,0,0,0,0,1,1,1,0,1
_____________________________________________________
_____________________________________________________
69,12,0.0000,
1,6,1,0,0,0,0,0,0,1,1,1,0,1
0,7,0,0,1,0,0,0,0,0,0,0,1,0
_____________________________________________________
_____________________________________________________
70,0,0.0000,
0,7,0,0,1,0,0,0,0,0,0,0,1,0
1,6,1,0,1,1,0,0,1,1,1,0,1,0
_____________________________________________________
_____________________________________________________
71,11,0.0000,
1,6,1,0,1,1,0,0,1,1,1,0,1,0
1,6,0,0,1,1,0,0,1,1,1,0,1,0
_____________________________________________________
_____________________________________________________
72,11,0.0000,
1,6,0,0,1,1,0,0,1,1,1,0,1,0
0,7,0,0,1,1,0,0,1,0,1,0,1,0
_____________________________________________________
_____________________________________________________
73,0,0.0000,
0,7,0,0,1,1,0,0,1,0,1,0,1,0
1,6,1,1,1,1,1,1,1,1,1,0,1,1
_____________________________________________________
_____________________________________________________
74,5,0.0000,
1,6,1,1,1,1,1,1,1,1,1,0,1,1
0,7,1,1,1,1,0,0,1,1,1,0,1,1
_____________________________________________________
_____________________________________________________
75,0,0.0000,
0,7,1,1,1,1,0,0,1,1,1,0,1,1
1,6,1,1,1,1,0,0,1,1,1,0,1,1
_____________________________________________________
_____________________________________________________
76,11,0.0000,
1,6,1,1,1,1,0,0,1,1,1,0,1,1
1,6,1,1,1,1,0,0,1,1,1,0,1,1
_____________________________________________________
_____________________________________________________
77,11,0.0000,
1,6,1,1,1,1,0,0,1,1,1,0,1,1
1,6,0,1,1,1,0,0,1,1,1,1,1,1
_____________________________________________________
_____________________________________________________
78,11,0.0000,
1,6,0,1,1,1,0,0,1,1,1,1,1,1
0,7,0,1,1,1,1,1,1,1,1,1,1,1
_____________________________________________________
_____________________________________________________
79,0,0.0000,
0,7,0,1,1,1,1,1,1,1,1,1,1,1
1,6,1,1,1,1,1,1,1,1,1,1,1,1
_____________________________________________________
_____________________________________________________
80,2,0.0000,
1,6,1,1,1,1,1,1,1,1,1,1,1,1
0,7,1,0,1,1,1,1,1,1,1,1,1,0
_____________________________________________________
_____________________________________________________
81,0,0.0000,
0,7,1,0,1,1,1,1,1,1,1,1,1,0
1,6,1,0,1,1,1,1,1,1,1,1,1,0
_____________________________________________________
_____________________________________________________
82,5,0.0000,
1,6,1,0,1,1,1,1,1,1,1,1,1,0
1,6,1,1,1,1,0,0,1,1,1,1,1,1
_____________________________________________________
_____________________________________________________
83,11,0.0000,
1,6,1,1,1,1,0,0,1,1,1,1,1,1
1,6,0,1,1,1,1,0,1,0,1,0,0,1
_____________________________________________________
_____________________________________________________
84,7,0.0000,
1,6,0,1,1,1,1,0,1,0,1,0,0,1
1,6,1,0,1,1,1,1,0,1,1,1,1,1
_____________________________________________________
_____________________________________________________
85,11,0.0000,
1,6,1,0,1,1,1,1,0,1,1,1,1,1
0,7,1,0,1,1,1,1,0,0,1,0,1,1
_____________________________________________________
_____________________________________________________
86,0,0.0000,
0,7,1,0,1,1,1,1,0,0,1,0,1,1
0,7,1,0,1,1,1,1,1,1,1,1,1,1
_____________________________________________________
_____________________________________________________
87,0,0.0000,
0,7,1,0,1,1,1,1,1,1,1,1,1,1
1,6,1,1,1,1,1,1,1,1,1,1,1,1
_____________________________________________________
_____________________________________________________
88,2,0.0000,
1,6,1,1,1,1,1,1,1,1,1,1,1,1
1,6,1,0,1,1,1,1,0,1,1,1,1,1
_____________________________________________________
_____________________________________________________
89,11,0.0000,
1,6,1,0,1,1,1,1,0,1,1,1,1,1
1,6,1,0,1,1,1,1,0,1,1,1,1,1
_____________________________________________________
_____________________________________________________
90,11,0.0000,
1,6,1,0,1,1,1,1,0,1,1,1,1,1
0,7,1,1,1,1,1,1,1,0,1,1,1,1
_____________________________________________________
_____________________________________________________
91,0,0.0000,
0,7,1,1,1,1,1,1,1,0,1,1,1,1
0,7,1,1,1,1,1,1,1,1,1,1,1,1
_____________________________________________________
_____________________________________________________
92,0,0.0000,
0,7,1,1,1,1,1,1,1,1,1,1,1,1
0,7,1,1,1,1,1,1,1,1,1,1,1,1
_____________________________________________________
_____________________________________________________
93,0,0.0000,
0,7,1,1,1,1,1,1,1,1,1,1,1,1
1,6,1,1,1,1,1,1,1,1,1,1,1,1
_____________________________________________________
_____________________________________________________
94,2,0.0000,
1,6,1,1,1,1,1,1,1,1,1,1,1,1
1,6,1,0,1,1,1,1,0,1,1,1,1,1
_____________________________________________________
_____________________________________________________
95,11,0.0000,
1,6,1,0,1,1,1,1,0,1,1,1,1,1
1,6,1,0,1,1,1,1,0,0,1,1,1,1
_____________________________________________________
_____________________________________________________
96,11,0.0000,
1,6,1,0,1,1,1,1,0,0,1,1,1,1
0,7,1,0,1,1,1,1,0,0,1,0,0,1
_____________________________________________________
_____________________________________________________
97,0,0.0000,
0,7,1,0,1,1,1,1,0,0,1,0,0,1
1,6,1,1,0,1,1,1,1,1,1,1,1,1
_____________________________________________________
_____________________________________________________
98,11,0.0000,
1,6,1,1,0,1,1,1,1,1,1,1,1,1
0,7,1,1,1,1,0,1,1,1,1,0,0,1
_____________________________________________________
_____________________________________________________
99,0,0.0000,
0,7,1,1,1,1,0,1,1,1,1,0,0,1
0,7,1,1,1,1,0,1,1,1,1,0,0,1
_____________________________________________________
_____________________________________________________
100,0,0.0000,
0,7,1,1,1,1,0,1,1,1,1,0,0,1
0,7,1,1,1,1,0,1,1,1,1,0,0,1
_____________________________________________________
_____________________________________________________
101,0,0.0000,
0,7,1,1,1,1,0,1,1,1,1,0,0,1
1,6,1,1,1,1,0,1,1,1,1,0,0,1
_____________________________________________________
_____________________________________________________
102,7,0.0000,
1,6,1,1,1,1,0,1,1,1,1,0,0,1
0,7,1,0,1,1,0,0,0,1,1,0,0,0
_____________________________________________________
_____________________________________________________
103,0,0.0000,
0,7,1,0,1,1,0,0,0,1,1,0,0,0
0,7,1,0,1,1,0,0,0,1,1,0,0,0
_____________________________________________________
_____________________________________________________
104,0,0.0000,
0,7,1,0,1,1,0,0,0,1,1,0,0,0
0,7,1,0,1,1,0,0,0,1,1,0,1,0
_____________________________________________________
_____________________________________________________
105,0,0.0000,
0,7,1,0,1,1,0,0,0,1,1,0,1,0
0,7,1,0,1,1,1,0,0,1,1,1,1,0
_____________________________________________________
_____________________________________________________
106,0,0.0000,
0,7,1,0,1,1,1,0,0,1,1,1,1,0
0,7,1,0,1,1,1,1,1,1,1,1,1,1
_____________________________________________________
_____________________________________________________
107,0,0.0000,
0,7,1,0,1,1,1,1,1,1,1,1,1,1
0,7,1,1,1,1,1,1,1,1,1,1,1,1
_____________________________________________________
_____________________________________________________
108,0,0.0000,
0,7,1,1,1,1,1,1,1,1,1,1,1,1
0,7,1,1,1,1,1,1,1,1,1,1,1,1
_____________________________________________________
_____________________________________________________
109,0,0.0000,
0,7,1,1,1,1,1,1,1,1,1,1,1,1
1,6,1,1,1,1,1,1,1,1,1,1,1,1
_____________________________________________________
_____________________________________________________
110,2,0.0000,
1,6,1,1,1,1,1,1,1,1,1,1,1,1
0,7,1,1,1,1,1,1,1,1,1,1,1,1
_____________________________________________________
_____________________________________________________
111,0,0.0000,
0,7,1,1,1,1,1,1,1,1,1,1,1,1
0,7,1,0,1,1,0,0,0,1,0,1,1,1
_____________________________________________________
_____________________________________________________
112,0,0.0000,
0,7,1,0,1,1,0,0,0,1,0,1,1,1
1,6,1,0,1,1,0,0,1,1,0,1,1,1
_____________________________________________________
_____________________________________________________
113,11,0.0000,
1,6,1,0,1,1,0,0,1,1,0,1,1,1
1,6,1,0,1,1,0,0,1,1,0,1,0,1
_____________________________________________________
_____________________________________________________
114,12,0.0000,
1,6,1,0,1,1,0,0,1,1,0,1,0,1
0,7,0,0,0,1,0,0,1,1,0,1,0,0
_____________________________________________________
_____________________________________________________
115,0,0.0000,
0,7,0,0,0,1,0,0,1,1,0,1,0,0
0,7,0,0,1,1,0,0,1,1,0,1,0,1
_____________________________________________________
_____________________________________________________
116,0,0.0000,
0,7,0,0,1,1,0,0,1,1,0,1,0,1
1,6,1,0,1,1,0,0,1,1,0,1,0,1
_____________________________________________________
_____________________________________________________
117,12,0.0000,
1,6,1,0,1,1,0,0,1,1,0,1,0,1
1,6,1,0,1,1,0,0,1,1,0,1,0,1
_____________________________________________________
_____________________________________________________
118,12,0.0000,
1,6,1,0,1,1,0,0,1,1,0,1,0,1
0,7,0,0,0,1,0,0,1,1,0,1,0,0
_____________________________________________________
_____________________________________________________
119,0,0.0000,
0,7,0,0,0,1,0,0,1,1,0,1,0,0
1,6,1,0,1,1,0,0,1,1,0,1,0,1
_____________________________________________________
_____________________________________________________
120,7,0.0000,
1,6,1,0,1,1,0,0,1,1,0,1,0,1
0,7,1,0,1,1,0,0,0,0,0,1,0,1
_____________________________________________________
_____________________________________________________
121,0,0.0000,
0,7,1,0,1,1,0,0,0,0,0,1,0,1
0,7,1,0,1,1,0,0,1,1,0,1,0,1
_____________________________________________________
_____________________________________________________
122,0,0.0000,
0,7,1,0,1,1,0,0,1,1,0,1,0,1
0,7,1,0,1,1,0,0,1,1,0,1,0,1
_____________________________________________________
_____________________________________________________
123,0,0.0000,
0,7,1,0,1,1,0,0,1,1,0,1,0,1
0,7,1,0,1,1,0,0,1,1,0,1,0,1
_____________________________________________________
_____________________________________________________
124,0,0.0000,
0,7,1,0,1,1,0,0,1,1,0,1,0,1
0,7,1,0,1,1,0,0,1,1,0,1,0,1
_____________________________________________________
_____________________________________________________
125,0,0.0000,
0,7,1,0,1,1,0,0,1,1,0,1,0,1
1,6,1,0,1,1,0,0,1,1,1,1,1,1
_____________________________________________________
_____________________________________________________
126,11,0.0000,
1,6,1,0,1,1,0,0,1,1,1,1,1,1
0,7,1,0,0,1,0,0,1,1,1,1,0,1
_____________________________________________________
_____________________________________________________
127,0,0.0000,
0,7,1,0,0,1,0,0,1,1,1,1,0,1
1,6,1,0,0,1,0,1,1,1,1,1,0,1
_____________________________________________________
_____________________________________________________
128,7,0.0000,
1,6,1,0,0,1,0,1,1,1,1,1,0,1
0,7,1,1,0,1,0,1,0,1,1,1,0,1
_____________________________________________________
_____________________________________________________
129,0,0.0000,
0,7,1,1,0,1,0,1,0,1,1,1,0,1
0,7,1,1,0,1,0,1,0,1,1,1,0,1
_____________________________________________________
_____________________________________________________
130,0,0.0000,
0,7,1,1,0,1,0,1,0,1,1,1,0,1
0,7,1,1,0,1,0,1,0,1,1,1,0,1
_____________________________________________________
_____________________________________________________
131,0,0.0000,
0,7,1,1,0,1,0,1,0,1,1,1,0,1
1,6,1,1,0,1,0,1,0,1,1,1,0,1
_____________________________________________________
_____________________________________________________
132,2,0.0000,
1,6,1,1,0,1,0,1,0,1,1,1,0,1
1,6,1,0,0,1,0,0,0,1,1,1,0,1
_____________________________________________________
_____________________________________________________
133,12,0.0000,
1,6,1,0,0,1,0,0,0,1,1,1,0,1
0,7,1,0,0,1,0,0,0,1,1,1,0,0
_____________________________________________________
_____________________________________________________
134,0,0.0000,
0,7,1,0,0,1,0,0,0,1,1,1,0,0
0,7,1,1,0,1,0,1,0,1,1,1,0,1
_____________________________________________________
_____________________________________________________
135,0,0.0000,
0,7,1,1,0,1,0,1,0,1,1,1,0,1
1,6,1,1,0,1,0,1,0,1,1,1,0,1
_____________________________________________________
_____________________________________________________
136,2,0.0000,
1,6,1,1,0,1,0,1,0,1,1,1,0,1
0,7,1,0,0,1,0,0,0,1,1,1,0,1
_____________________________________________________
_____________________________________________________
137,0,0.0000,
0,7,1,0,0,1,0,0,0,1,1,1,0,1
1,6,1,0,0,1,0,0,0,1,1,1,0,1
_____________________________________________________
_____________________________________________________
138,12,0.0000,
1,6,1,0,0,1,0,0,0,1,1,1,0,1
1,6,1,0,0,1,0,0,0,1,1,1,0,0
_____________________________________________________
_____________________________________________________
139,9,0.0000,
1,6,1,0,0,1,0,0,0,1,1,1,0,0
0,6,0,0,0,0,0,0,0,0,0,0,0,0
_____________________________________________________
