_____________________________________________________
0,5,0.0000,
3,5,0,0,1,0,1,1,1,1,1,1,0,0
3,5,0,0,1,0,0,1,1,1,0,1,0,0
_____________________________________________________
_____________________________________________________
1,7,0.0000,
3,5,0,0,1,0,0,1,1,1,0,1,0,0
3,4,0,0,0,1,0,1,0,1,0,0,0,0
_____________________________________________________
_____________________________________________________
2,6,0.0000,
3,4,0,0,0,1,0,1,0,1,0,0,0,0
2,4,1,1,0,1,0,0,0,0,0,1,0,0
_____________________________________________________
_____________________________________________________
3,2,0.0000,
2,4,1,1,0,1,0,0,0,0,0,1,0,0
1,4,0,0,1,0,0,0,1,0,0,1,0,0
_____________________________________________________
_____________________________________________________
4,7,0.0000,
1,4,0,0,1,0,0,0,1,0,0,1,0,0
1,6,0,0,0,0,0,0,0,0,0,1,0,0
_____________________________________________________
_____________________________________________________
5,10,0.0000,
1,6,0,0,0,0,0,0,0,0,0,1,0,0
0,7,1,1,0,1,0,0,0,0,0,0,0,0
_____________________________________________________
_____________________________________________________
6,0,0.0000,
0,7,1,1,0,1,0,0,0,0,0,0,0,0
0,7,1,1,0,1,0,0,0,0,0,0,0,0
_____________________________________________________
_____________________________________________________
7,0,0.0000,
0,7,1,1,0,1,0,0,0,0,0,0,0,0
1,6,1,0,0,0,0,0,0,0,0,0,0,0
_____________________________________________________
_____________________________________________________
8,1,0.0000,
1,6,1,0,0,0,0,0,0,0,0,0,0,0
1,6,0,0,0,0,0,0,1,0,0,1,0,0
_____________________________________________________
_____________________________________________________
9,7,0.0000,
1,6,0,0,0,0,0,0,1,0,0,1,0,0
1,6,0,1,0,1,0,0,0,0,0,0,0,0
_____________________________________________________
_____________________________________________________
10,2,0.0000,
1,6,0,1,0,1,0,0,0,0,0,0,0,0
1,6,0,0,0,0,0,0,0,0,0,0,0,0
_____________________________________________________
_____________________________________________________
11,0,0.0000,
1,6,0,0,0,0,0,0,0,0,0,0,0,0
1,5,0,0,0,0,0,0,1,0,0,1,0,0
_____________________________________________________
_____________________________________________________
12,7,0.0000,
1,5,0,0,0,0,0,0,1,0,0,1,0,0
1,6,0,1,0,1,0,0,0,0,0,0,0,0
_____________________________________________________
_____________________________________________________
13,2,0.0000,
1,6,0,1,0,1,0,0,0,0,0,0,0,0
1,6,0,0,0,0,0,1,1,1,0,1,0,0
_____________________________________________________
_____________________________________________________
14,7,0.0000,
1,6,0,0,0,0,0,1,1,1,0,1,0,0
0,7,0,0,0,0,0,0,0,1,0,0,0,0
_____________________________________________________
_____________________________________________________
15,0,0.0000,
0,7,0,0,0,0,0,0,0,1,0,0,0,0
0,7,0,0,0,0,0,0,0,1,0,0,0,0
_____________________________________________________
_____________________________________________________
16,0,0.0000,
0,7,0,0,0,0,0,0,0,1,0,0,0,0
1,6,0,0,0,0,0,0,0,1,0,0,0,0
_____________________________________________________
_____________________________________________________
17,8,0.0000,
1,6,0,0,0,0,0,0,0,1,0,0,0,0
1,6,0,0,0,0,0,0,0,0,0,0,0,0
_____________________________________________________
_____________________________________________________
18,0,0.0000,
1,6,0,0,0,0,0,0,0,0,0,0,0,0
1,5,0,0,0,1,0,0,0,0,0,0,0,0
_____________________________________________________
_____________________________________________________
19,0,0.0000,
1,5,0,0,0,1,0,0,0,0,0,0,0,0
1,4,0,1,0,1,0,0,0,0,0,0,0,0
_____________________________________________________
_____________________________________________________
20,2,0.0000,
1,4,0,1,0,1,0,0,0,0,0,0,0,0
0,7,0,0,0,0,0,0,0,0,0,0,0,1
_____________________________________________________
_____________________________________________________
21,0,0.0000,
0,7,0,0,0,0,0,0,0,0,0,0,0,1
1,6,0,0,0,0,0,1,1,0,0,1,0,1
_____________________________________________________
_____________________________________________________
22,7,0.0000,
1,6,0,0,0,0,0,1,1,0,0,1,0,1
0,7,0,0,0,0,1,0,0,0,1,0,0,1
_____________________________________________________
_____________________________________________________
23,0,0.0000,
0,7,0,0,0,0,1,0,0,0,1,0,0,1
0,7,0,0,0,0,1,0,0,0,1,0,0,1
_____________________________________________________
_____________________________________________________
24,0,0.0000,
0,7,0,0,0,0,1,0,0,0,1,0,0,1
0,7,0,0,0,0,1,0,0,0,1,0,0,1
_____________________________________________________
_____________________________________________________
25,0,0.0000,
0,7,0,0,0,0,1,0,0,0,1,0,0,1
0,7,0,0,0,0,1,0,0,0,1,0,0,0
_____________________________________________________
_____________________________________________________
26,0,0.0000,
0,7,0,0,0,0,1,0,0,0,1,0,0,0
0,7,0,0,0,0,1,0,0,0,1,0,0,0
_____________________________________________________
_____________________________________________________
27,0,0.0000,
0,7,0,0,0,0,1,0,0,0,1,0,0,0
0,7,0,0,0,1,0,0,1,0,0,1,0,0
_____________________________________________________
_____________________________________________________
28,0,0.0000,
0,7,0,0,0,1,0,0,1,0,0,1,0,0
1,6,0,1,0,1,0,1,1,1,0,1,0,0
_____________________________________________________
_____________________________________________________
29,7,0.0000,
1,6,0,1,0,1,0,1,1,1,0,1,0,0
1,6,0,1,0,1,0,1,0,1,0,1,0,0
_____________________________________________________
_____________________________________________________
30,6,0.0000,
1,6,0,1,0,1,0,1,0,1,0,1,0,0
1,6,0,1,0,1,0,1,0,1,0,1,0,0
_____________________________________________________
_____________________________________________________
31,6,0.0000,
1,6,0,1,0,1,0,1,0,1,0,1,0,0
1,6,0,0,0,1,0,0,0,0,0,1,0,0
_____________________________________________________
_____________________________________________________
32,10,0.0000,
1,6,0,0,0,1,0,0,0,0,0,1,0,0
1,6,0,1,0,0,0,1,0,1,0,0,0,0
_____________________________________________________
_____________________________________________________
33,6,0.0000,
1,6,0,1,0,0,0,1,0,1,0,0,0,0
0,7,0,0,0,1,0,0,1,0,0,1,0,0
_____________________________________________________
_____________________________________________________
34,0,0.0000,
0,7,0,0,0,1,0,0,1,0,0,1,0,0
1,6,0,0,0,1,0,0,1,0,0,1,0,0
_____________________________________________________
_____________________________________________________
35,7,0.0000,
1,6,0,0,0,1,0,0,1,0,0,1,0,0
0,7,0,0,0,1,0,0,0,0,0,1,0,0
_____________________________________________________
_____________________________________________________
36,0,0.0000,
0,7,0,0,0,1,0,0,0,0,0,1,0,0
1,6,1,0,0,1,0,0,0,0,0,1,0,0
_____________________________________________________
_____________________________________________________
37,10,0.0000,
1,6,1,0,0,1,0,0,0,0,0,1,0,0
1,6,1,0,0,0,0,0,0,0,0,0,0,0
_____________________________________________________
_____________________________________________________
38,1,0.0000,
1,6,1,0,0,0,0,0,0,0,0,0,0,0
0,7,0,0,0,0,0,0,0,0,1,0,0,1
_____________________________________________________
_____________________________________________________
39,0,0.0000,
0,7,0,0,0,0,0,0,0,0,1,0,0,1
0,7,0,0,0,0,0,0,0,0,1,0,0,1
_____________________________________________________
_____________________________________________________
40,0,0.0000,
0,7,0,0,0,0,0,0,0,0,1,0,0,1
0,7,0,0,0,0,0,0,0,1,1,0,0,1
_____________________________________________________
_____________________________________________________
41,0,0.0000,
0,7,0,0,0,0,0,0,0,1,1,0,0,1
0,7,0,0,0,0,0,1,0,0,0,0,0,0
_____________________________________________________
_____________________________________________________
42,0,0.0000,
0,7,0,0,0,0,0,1,0,0,0,0,0,0
0,7,0,0,0,0,0,1,0,0,0,0,0,0
_____________________________________________________
_____________________________________________________
43,0,0.0000,
0,7,0,0,0,0,0,1,0,0,0,0,0,0
1,6,0,0,0,0,0,1,0,0,0,0,0,0
_____________________________________________________
_____________________________________________________
44,6,0.0000,
1,6,0,0,0,0,0,1,0,0,0,0,0,0
1,6,0,1,0,0,1,0,0,1,0,0,0,1
_____________________________________________________
_____________________________________________________
45,5,0.0000,
1,6,0,1,0,0,1,0,0,1,0,0,0,1
1,6,0,1,0,0,0,0,0,0,0,0,0,1
_____________________________________________________
_____________________________________________________
46,2,0.0000,
1,6,0,1,0,0,0,0,0,0,0,0,0,1
0,7,0,0,0,0,0,1,0,1,0,0,0,0
_____________________________________________________
_____________________________________________________
47,0,0.0000,
0,7,0,0,0,0,0,1,0,1,0,0,0,0
1,6,0,0,1,0,1,1,0,1,0,0,0,0
_____________________________________________________
_____________________________________________________
48,5,0.0000,
1,6,0,0,1,0,1,1,0,1,0,0,0,0
1,6,0,0,0,0,0,1,0,0,0,0,0,0
_____________________________________________________
_____________________________________________________
49,6,0.0000,
1,6,0,0,0,0,0,1,0,0,0,0,0,0
1,6,0,0,0,0,0,0,0,0,0,0,0,0
_____________________________________________________
_____________________________________________________
50,0,0.0000,
1,6,0,0,0,0,0,0,0,0,0,0,0,0
1,5,0,0,0,1,0,0,0,1,0,0,0,0
_____________________________________________________
_____________________________________________________
51,8,0.0000,
1,5,0,0,0,1,0,0,0,1,0,0,0,0
1,6,1,0,0,1,0,0,0,0,0,0,0,0
_____________________________________________________
_____________________________________________________
52,1,0.0000,
1,6,1,0,0,1,0,0,0,0,0,0,0,0
0,7,0,0,0,0,0,0,0,0,0,0,0,0
_____________________________________________________
_____________________________________________________
53,0,0.0000,
0,7,0,0,0,0,0,0,0,0,0,0,0,0
1,6,0,0,0,0,0,0,0,0,0,0,0,0
_____________________________________________________
_____________________________________________________
54,0,0.0000,
1,6,0,0,0,0,0,0,0,0,0,0,0,0
1,5,0,0,0,0,0,0,0,0,0,0,0,0
_____________________________________________________
_____________________________________________________
55,0,0.0000,
1,5,0,0,0,0,0,0,0,0,0,0,0,0
2,4,0,0,0,0,0,0,0,0,0,0,0,0
_____________________________________________________
_____________________________________________________
56,9,-1.0000,
2,4,0,0,0,0,0,0,0,0,0,0,0,0
2,5,0,0,0,-1,0,0,0,0,-1,0,0,0
_____________________________________________________
_____________________________________________________
57,9,0.0000,
2,5,0,0,0,-1,0,0,0,0,-1,0,0,0
1,5,0,0,0,-1,0,0,0,0,-1,0,0,0
_____________________________________________________
_____________________________________________________
58,9,0.0000,
1,5,0,0,0,-1,0,0,0,0,-1,0,0,0
1,6,1,0,0,1,0,1,0,1,1,0,0,0
_____________________________________________________
_____________________________________________________
59,6,0.0000,
1,6,1,0,0,1,0,1,0,1,1,0,0,0
1,6,1,0,0,1,0,0,0,1,1,0,0,0
_____________________________________________________
_____________________________________________________
60,9,0.0000,
1,6,1,0,0,1,0,0,0,1,1,0,0,0
1,6,1,0,0,0,0,0,0,0,0,0,0,0
_____________________________________________________
_____________________________________________________
61,1,0.0000,
1,6,1,0,0,0,0,0,0,0,0,0,0,0
1,6,0,0,0,0,0,0,0,0,1,0,0,0
_____________________________________________________
_____________________________________________________
62,9,0.0000,
1,6,0,0,0,0,0,0,0,0,1,0,0,0
1,6,0,0,0,0,0,0,1,0,0,0,0,0
_____________________________________________________
_____________________________________________________
63,7,0.0000,
1,6,0,0,0,0,0,0,1,0,0,0,0,0
0,7,0,0,0,0,0,0,0,0,0,0,0,0
_____________________________________________________
_____________________________________________________
64,0,0.0000,
0,7,0,0,0,0,0,0,0,0,0,0,0,0
1,6,0,0,0,0,0,0,0,0,0,0,0,0
_____________________________________________________
_____________________________________________________
65,0,0.0000,
1,6,0,0,0,0,0,0,0,0,0,0,0,0
1,5,0,0,0,0,0,0,0,0,0,0,0,0
_____________________________________________________
_____________________________________________________
66,0,0.0000,
1,5,0,0,0,0,0,0,0,0,0,0,0,0
2,4,0,0,0,0,0,0,0,0,0,0,0,0
_____________________________________________________
_____________________________________________________
67,9,-1.0000,
2,4,0,0,0,0,0,0,0,0,0,0,0,0
1,5,0,0,0,-1,0,0,0,0,0,0,0,0
_____________________________________________________
_____________________________________________________
68,0,0.0000,
1,5,0,0,0,-1,0,0,0,0,0,0,0,0
1,4,0,0,0,0,1,1,0,0,0,0,0,0
_____________________________________________________
_____________________________________________________
69,5,0.0000,
1,4,0,0,0,0,1,1,0,0,0,0,0,0
1,6,0,0,1,1,0,0,0,0,0,0,0,0
_____________________________________________________
_____________________________________________________
70,3,0.0000,
1,6,0,0,1,1,0,0,0,0,0,0,0,0
1,6,0,0,0,1,0,0,0,0,0,0,1,0
_____________________________________________________
_____________________________________________________
71,11,0.0000,
1,6,0,0,0,1,0,0,0,0,0,0,1,0
1,6,0,0,0,1,0,0,0,0,0,0,0,0
_____________________________________________________
_____________________________________________________
72,0,0.0000,
1,6,0,0,0,1,0,0,0,0,0,0,0,0
1,5,0,0,0,1,0,0,0,0,0,0,0,0
_____________________________________________________
_____________________________________________________
73,0,0.0000,
1,5,0,0,0,1,0,0,0,0,0,0,0,0
1,4,0,0,0,1,0,0,0,0,0,0,0,0
_____________________________________________________
_____________________________________________________
74,0,0.0000,
1,4,0,0,0,1,0,0,0,0,0,0,0,0
1,3,0,0,0,0,0,0,0,0,0,0,0,0
_____________________________________________________
_____________________________________________________
75,0,0.0000,
1,3,0,0,0,0,0,0,0,0,0,0,0,0
2,2,0,0,0,0,0,0,0,0,0,0,0,0
_____________________________________________________
_____________________________________________________
76,9,-1.0000,
2,2,0,0,0,0,0,0,0,0,0,0,0,0
1,5,-1,0,0,0,0,-1,0,0,-1,0,0,0
_____________________________________________________
_____________________________________________________
77,9,0.0000,
1,5,-1,0,0,0,0,-1,0,0,-1,0,0,0
0,7,1,1,0,0,0,1,0,0,1,0,0,0
_____________________________________________________
_____________________________________________________
78,0,0.0000,
0,7,1,1,0,0,0,1,0,0,1,0,0,0
1,6,1,1,0,0,0,1,0,0,1,0,0,0
_____________________________________________________
_____________________________________________________
79,6,0.0000,
1,6,1,1,0,0,0,1,0,0,1,0,0,0
1,6,0,1,0,1,0,0,0,0,0,0,0,0
_____________________________________________________
_____________________________________________________
80,2,0.0000,
1,6,0,1,0,1,0,0,0,0,0,0,0,0
1,6,0,0,1,1,0,0,0,0,0,0,0,0
_____________________________________________________
_____________________________________________________
81,3,0.0000,
1,6,0,0,1,1,0,0,0,0,0,0,0,0
0,7,0,0,0,1,0,0,0,0,0,0,0,0
_____________________________________________________
_____________________________________________________
82,0,0.0000,
0,7,0,0,0,1,0,0,0,0,0,0,0,0
1,6,0,0,0,1,0,0,0,0,0,0,0,0
_____________________________________________________
_____________________________________________________
83,0,0.0000,
1,6,0,0,0,1,0,0,0,0,0,0,0,0
1,5,0,0,0,0,0,0,0,0,0,0,0,0
_____________________________________________________
_____________________________________________________
84,0,0.0000,
1,5,0,0,0,0,0,0,0,0,0,0,0,0
1,4,0,0,0,0,0,0,0,0,0,0,0,0
_____________________________________________________
_____________________________________________________
85,0,0.0000,
1,4,0,0,0,0,0,0,0,0,0,0,0,0
1,3,0,0,0,0,0,0,0,0,0,0,0,0
_____________________________________________________
_____________________________________________________
86,0,0.0000,
1,3,0,0,0,0,0,0,0,0,0,0,0,0
1,2,0,0,0,0,0,0,0,0,0,0,0,0
_____________________________________________________
_____________________________________________________
87,9,-1.0000,
1,2,0,0,0,0,0,0,0,0,0,0,0,0
1,6,0,0,0,0,0,0,0,0,-1,0,0,0
_____________________________________________________
_____________________________________________________
88,9,0.0000,
1,6,0,0,0,0,0,0,0,0,-1,0,0,0
1,6,0,0,0,0,0,0,0,0,-1,0,0,0
_____________________________________________________
_____________________________________________________
89,9,0.0000,
1,6,0,0,0,0,0,0,0,0,-1,0,0,0
0,7,0,0,0,0,0,1,0,0,-1,0,0,0
_____________________________________________________
_____________________________________________________
90,0,0.0000,
0,7,0,0,0,0,0,1,0,0,-1,0,0,0
0,7,0,0,0,0,0,1,0,0,-1,0,0,0
_____________________________________________________
_____________________________________________________
91,0,0.0000,
0,7,0,0,0,0,0,1,0,0,-1,0,0,0
0,7,0,0,0,0,0,1,0,0,-1,0,0,0
_____________________________________________________
_____________________________________________________
92,0,0.0000,
0,7,0,0,0,0,0,1,0,0,-1,0,0,0
1,6,0,0,0,0,0,1,0,0,0,0,0,0
_____________________________________________________
_____________________________________________________
93,6,0.0000,
1,6,0,0,0,0,0,1,0,0,0,0,0,0
1,6,0,0,0,0,0,0,0,0,0,0,0,0
_____________________________________________________
_____________________________________________________
94,0,0.0000,
1,6,0,0,0,0,0,0,0,0,0,0,0,0
1,5,0,0,0,0,0,0,0,0,0,0,0,0
_____________________________________________________
_____________________________________________________
95,0,0.0000,
1,5,0,0,0,0,0,0,0,0,0,0,0,0
1,4,0,0,0,0,0,0,0,0,0,0,0,0
_____________________________________________________
_____________________________________________________
96,0,0.0000,
1,4,0,0,0,0,0,0,0,0,0,0,0,0
1,3,0,0,0,0,0,1,0,0,0,0,0,0
_____________________________________________________
_____________________________________________________
97,6,0.0000,
1,3,0,0,0,0,0,1,0,0,0,0,0,0
0,7,0,0,0,0,0,0,0,0,0,0,0,0
_____________________________________________________
_____________________________________________________
98,0,0.0000,
0,7,0,0,0,0,0,0,0,0,0,0,0,0
0,7,0,0,0,0,0,0,0,0,0,0,0,0
_____________________________________________________
_____________________________________________________
99,0,0.0000,
0,7,0,0,0,0,0,0,0,0,0,0,0,0
0,7,0,0,0,0,0,0,0,0,0,1,0,0
_____________________________________________________
_____________________________________________________
100,0,0.0000,
0,7,0,0,0,0,0,0,0,0,0,1,0,0
0,7,0,0,1,1,0,0,0,0,0,1,0,0
_____________________________________________________
_____________________________________________________
101,0,0.0000,
0,7,0,0,1,1,0,0,0,0,0,1,0,0
1,6,0,0,1,1,0,0,0,0,0,1,0,0
_____________________________________________________
_____________________________________________________
102,10,0.0000,
1,6,0,0,1,1,0,0,0,0,0,1,0,0
0,7,0,0,0,0,0,0,0,0,0,0,0,0
_____________________________________________________
_____________________________________________________
103,0,0.0000,
0,7,0,0,0,0,0,0,0,0,0,0,0,0
1,6,0,0,0,0,0,1,0,0,0,0,0,0
_____________________________________________________
_____________________________________________________
104,6,0.0000,
1,6,0,0,0,0,0,1,0,0,0,0,0,0
0,7,0,0,0,0,0,0,0,0,0,0,0,0
_____________________________________________________
_____________________________________________________
105,0,0.0000,
0,7,0,0,0,0,0,0,0,0,0,0,0,0
1,6,0,0,0,0,1,0,0,0,0,0,0,0
_____________________________________________________
_____________________________________________________
106,5,0.0000,
1,6,0,0,0,0,1,0,0,0,0,0,0,0
0,7,0,0,0,0,0,0,0,0,0,0,0,0
_____________________________________________________
_____________________________________________________
107,0,0.0000,
0,7,0,0,0,0,0,0,0,0,0,0,0,0
0,7,0,0,0,0,0,0,0,0,0,0,0,0
_____________________________________________________
_____________________________________________________
108,0,0.0000,
0,7,0,0,0,0,0,0,0,0,0,0,0,0
0,7,0,0,0,0,0,0,0,1,0,0,1,0
_____________________________________________________
_____________________________________________________
109,0,0.0000,
0,7,0,0,0,0,0,0,0,1,0,0,1,0
0,7,0,0,0,0,0,0,0,1,0,0,1,0
_____________________________________________________
_____________________________________________________
110,0,0.0000,
0,7,0,0,0,0,0,0,0,1,0,0,1,0
0,7,0,0,0,0,0,0,0,1,0,1,1,0
_____________________________________________________
_____________________________________________________
111,0,0.0000,
0,7,0,0,0,0,0,0,0,1,0,1,1,0
1,6,0,0,1,1,0,0,0,1,1,0,1,1
_____________________________________________________
_____________________________________________________
112,11,0.0000,
1,6,0,0,1,1,0,0,0,1,1,0,1,1
1,6,0,0,1,1,0,0,0,1,1,0,0,0
_____________________________________________________
_____________________________________________________
113,9,0.0000,
1,6,0,0,1,1,0,0,0,1,1,0,0,0
0,7,0,0,1,1,0,0,0,1,0,0,0,0
_____________________________________________________
_____________________________________________________
114,0,0.0000,
0,7,0,0,1,1,0,0,0,1,0,0,0,0
1,6,0,0,0,0,0,0,0,1,0,0,0,0
_____________________________________________________
_____________________________________________________
115,8,0.0000,
1,6,0,0,0,0,0,0,0,1,0,0,0,0
0,7,1,1,0,0,0,1,0,0,0,0,0,0
_____________________________________________________
_____________________________________________________
116,0,0.0000,
0,7,1,1,0,0,0,1,0,0,0,0,0,0
1,6,1,1,0,0,0,1,0,0,0,0,0,0
_____________________________________________________
_____________________________________________________
117,6,0.0000,
1,6,1,1,0,0,0,1,0,0,0,0,0,0
0,7,0,0,0,0,0,0,0,0,0,0,0,0
_____________________________________________________
_____________________________________________________
118,0,0.0000,
0,7,0,0,0,0,0,0,0,0,0,0,0,0
0,7,0,0,0,0,0,0,0,0,0,0,0,0
_____________________________________________________
_____________________________________________________
119,0,0.0000,
0,7,0,0,0,0,0,0,0,0,0,0,0,0
1,6,0,0,0,0,0,0,0,0,0,0,1,1
_____________________________________________________
_____________________________________________________
120,11,0.0000,
1,6,0,0,0,0,0,0,0,0,0,0,1,1
1,6,0,0,1,1,0,0,0,1,0,0,0,0
_____________________________________________________
_____________________________________________________
121,8,0.0000,
1,6,0,0,1,1,0,0,0,1,0,0,0,0
0,7,1,1,1,1,0,1,0,0,0,0,0,0
_____________________________________________________
_____________________________________________________
122,0,0.0000,
0,7,1,1,1,1,0,1,0,0,0,0,0,0
1,6,1,1,1,1,0,1,0,0,0,0,0,0
_____________________________________________________
_____________________________________________________
123,6,0.0000,
1,6,1,1,1,1,0,1,0,0,0,0,0,0
1,6,0,0,1,1,0,0,0,0,0,0,0,1
_____________________________________________________
_____________________________________________________
124,12,0.0000,
1,6,0,0,1,1,0,0,0,0,0,0,0,1
0,7,0,0,1,0,0,0,0,0,0,0,0,0
_____________________________________________________
_____________________________________________________
125,0,0.0000,
0,7,0,0,1,0,0,0,0,0,0,0,0,0
0,7,0,0,0,0,0,0,0,0,0,0,0,0
_____________________________________________________
_____________________________________________________
126,0,0.0000,
0,7,0,0,0,0,0,0,0,0,0,0,0,0
0,7,0,0,1,0,0,0,0,0,0,0,0,0
_____________________________________________________
_____________________________________________________
127,0,0.0000,
0,7,0,0,1,0,0,0,0,0,0,0,0,0
1,6,0,1,1,0,0,0,0,1,0,0,0,0
_____________________________________________________
_____________________________________________________
128,2,0.0000,
1,6,0,1,1,0,0,0,0,1,0,0,0,0
1,6,0,0,0,0,0,0,0,1,0,0,0,0
_____________________________________________________
_____________________________________________________
129,8,0.0000,
1,6,0,0,0,0,0,0,0,1,0,0,0,0
1,6,1,0,0,0,1,1,1,0,1,0,0,1
_____________________________________________________
_____________________________________________________
130,5,0.0000,
1,6,1,0,0,0,1,1,1,0,1,0,0,1
1,6,1,0,0,0,0,0,0,0,1,0,0,0
_____________________________________________________
_____________________________________________________
131,9,0.0000,
1,6,1,0,0,0,0,0,0,0,1,0,0,0
0,7,0,0,0,0,0,0,0,0,0,0,0,0
_____________________________________________________
_____________________________________________________
132,0,0.0000,
0,7,0,0,0,0,0,0,0,0,0,0,0,0
1,6,0,0,0,0,0,0,0,0,0,0,0,0
_____________________________________________________
_____________________________________________________
133,0,0.0000,
1,6,0,0,0,0,0,0,0,0,0,0,0,0
1,5,0,0,0,0,0,0,0,0,0,0,0,0
_____________________________________________________
_____________________________________________________
134,0,0.0000,
1,5,0,0,0,0,0,0,0,0,0,0,0,0
1,4,0,0,0,0,0,0,0,0,0,0,0,0
_____________________________________________________
_____________________________________________________
135,0,0.0000,
1,4,0,0,0,0,0,0,0,0,0,0,0,0
1,3,0,0,0,0,0,0,0,0,0,0,0,0
_____________________________________________________
_____________________________________________________
136,0,0.0000,
1,3,0,0,0,0,0,0,0,0,0,0,0,0
1,2,0,0,0,0,0,0,0,0,0,0,0,0
_____________________________________________________
_____________________________________________________
137,9,-1.0000,
1,2,0,0,0,0,0,0,0,0,0,0,0,0
0,7,-1,0,0,0,0,0,0,0,-1,0,0,0
_____________________________________________________
_____________________________________________________
138,0,0.0000,
0,7,-1,0,0,0,0,0,0,0,-1,0,0,0
1,6,-1,0,0,0,0,0,0,0,-1,0,0,0
_____________________________________________________
_____________________________________________________
139,9,0.0000,
1,6,-1,0,0,0,0,0,0,0,-1,0,0,0
0,6,0,0,0,0,0,0,0,0,0,0,0,0
_____________________________________________________
